SOURCE  = Chameleon IRN                 / Source name
STANDARD= BS 5041                       / Standard name
OBSDATE = 13-01-2001                    / Date of observation
SPOS    = 11:08:29.8  -77:44:15.6       / Source position RA,DEC,J2000
STPOS   = 13:23:59.9  -64:32:45.2       / Standard position RA,DEC,J2000
STSPT   = G6II                          / Standard spectral type
STTEFF  = 5800                          / Standard effective temperature [K]
STMAG   = 2.533                         / Standard magnitude (adopted)
WAVEZP  = 3.45                          / Wavelength zero point [micron]
FLUXZP  = 290                           / Flux zero point [Jy]
SAIRM   = 1.66                          / Source mean airmass
STAIRM  = 1.50                          / Standard mean airmass
AIRMCORR= 1.09                          / Optimal (adopted) airmass correction
SPECRES = ~600                          / Spectral resolution

Created by E. Dartois and K. Pontoppidan (c)

Wavelength [micron] Flux [Jy] Statistical Error [Jy]

      2.81982      0.00000     0.388385
      2.82121    0.0191906     0.382655
      2.82260     0.163535     0.217912
      2.82399     0.186406     0.158803
      2.82538     0.149778     0.125109
      2.82677     0.105039    0.0877613
      2.82816    0.0640785    0.0708727
      2.82955    0.0452758    0.0671403
      2.83094    0.0904728    0.0886261
      2.83233    0.0866256     0.201155
      2.83373      3.23964     0.770935
      2.83512      1.17654      1.69454
      2.83651    -0.593692     0.725120
      2.83790     0.159645     0.308118
      2.83930     0.163631     0.145946
      2.84069    0.0191007    0.0709504
      2.84208    0.0488713    0.0497803
      2.84348    0.0570947    0.0435796
      2.84487    0.0327288    0.0502420
      2.84627    -0.117394    0.0892927
      2.84766     0.195233     0.154977
      2.84906   -0.0488212     0.134149
      2.85045   -0.0292710     0.122519
      2.85185   -0.0435644     0.154851
      2.85325    0.0118293     0.231040
      2.85464    0.0650196     0.133705
      2.85604    0.0238303    0.0856862
      2.85744    0.0552155    0.0697244
      2.85884     0.167595    0.0559626
      2.86023    0.0848981    0.0449797
      2.86163    0.0428132    0.0357719
      2.86303    0.0597735    0.0325379
      2.86443    0.0403724    0.0361713
      2.86583    0.0481896    0.0446964
      2.86723    0.0313350    0.0601532
      2.86863    0.0298371    0.0716933
      2.87003    0.0725939    0.0696441
      2.87143    0.0334459    0.0470219
      2.87283    0.0432053    0.0321186
      2.87423    0.0418587    0.0259320
      2.87563    0.0393194    0.0249062
      2.87703    0.0526602    0.0272585
      2.87843    0.0664704    0.0275930
      2.87984    0.0478676    0.0255414
      2.88124    0.0570439    0.0261098
      2.88264    0.0630482    0.0274552
      2.88404    0.0316623    0.0292199
      2.88545    0.0464664    0.0306953
      2.88685    0.0636584    0.0325936
      2.88825    0.0311835    0.0331926
      2.88966    0.0349598    0.0288250
      2.89106     0.105853    0.0238579
      2.89247    0.0530592    0.0205912
      2.89387    0.0472474    0.0177490
      2.89528    0.0533324    0.0164374
      2.89668    0.0406244    0.0175783
      2.89809    0.0384390    0.0221557
      2.89949    0.0386716    0.0331468
      2.90090    0.0163601    0.0461019
      2.90230    0.0310577    0.0441873
      2.90371    0.0541326    0.0388560
      2.90512    0.0350673    0.0353660
      2.90652    0.0231719    0.0276469
      2.90793    0.0407425    0.0216548
      2.90934    0.0413831    0.0186870
      2.91075    0.0420838    0.0180150
      2.91216    0.0312334    0.0190309
      2.91356    0.0281371    0.0206636
      2.91497    0.0295355    0.0196483
      2.91638    0.0510684    0.0176777
      2.91779    0.0501108    0.0176520
      2.91920    0.0407013    0.0188844
      2.92061    0.0171619    0.0251535
      2.92202    0.0545050    0.0364754
      2.92343    0.0425929    0.0297166
      2.92484    0.0314083    0.0206069
      2.92625    0.0389933    0.0166847
      2.92766    0.0497141    0.0153006
      2.92907    0.0456161    0.0150541
      2.93048    0.0453328    0.0147683
      2.93189    0.0399032    0.0142999
      2.93330    0.0398492    0.0144061
      2.93471    0.0374531    0.0151077
      2.93613    0.0404411    0.0163095
      2.93754    0.0227046    0.0187191
      2.93895    0.0224463    0.0199515
      2.94036    0.0347150    0.0199784
      2.94177    0.0201037    0.0200316
      2.94319    0.0179466    0.0208951
      2.94460    0.0230897    0.0206753
      2.94601    0.0220646    0.0199145
      2.94743    0.0236553    0.0185755
      2.94884    0.0398144    0.0161144
      2.95025    0.0392229    0.0150856
      2.95167    0.0175015    0.0168541
      2.95308    0.0273403    0.0202614
      2.95450    0.0393635    0.0204140
      2.95591    0.0348751    0.0174843
      2.95733    0.0300332    0.0155989
      2.95874    0.0311135    0.0153206
      2.96016    0.0261774    0.0151650
      2.96157    0.0333209    0.0144040
      2.96299    0.0362823    0.0139680
      2.96440    0.0426138    0.0139020
      2.96582    0.0213128    0.0153533
      2.96724    0.0339880    0.0195517
      2.96865    0.0148189    0.0281642
      2.97007    0.0382344    0.0378619
      2.97148    0.0152549    0.0390419
      2.97290    0.0205231    0.0325831
      2.97432    0.0243154    0.0260238
      2.97574    0.0303307    0.0222619
      2.97715    0.0349305    0.0206679
      2.97857    0.0310262    0.0208165
      2.97999    0.0381616    0.0201031
      2.98141    0.0301215    0.0170179
      2.98282    0.0237005    0.0146159
      2.98424    0.0295838    0.0134206
      2.98566    0.0288699    0.0128661
      2.98708    0.0320391    0.0123551
      2.98850    0.0260561    0.0122163
      2.98992    0.0275904    0.0123300
      2.99134    0.0237417    0.0130841
      2.99275    0.0295994    0.0140097
      2.99417    0.0454744    0.0148452
      2.99559    0.0263485    0.0157589
      2.99701    0.0305091    0.0161504
      2.99843    0.0264865    0.0146525
      2.99985    0.0276198    0.0130230
      3.00127    0.0335855    0.0124603
      3.00269    0.0316569    0.0134049
      3.00411    0.0250850    0.0157689
      3.00553    0.0153019    0.0184042
      3.00695    0.0394462    0.0180256
      3.00837    0.0309589    0.0154444
      3.00980    0.0509854    0.0135050
      3.01122    0.0337645    0.0125893
      3.01264    0.0280423    0.0126648
      3.01406    0.0293655    0.0132819
      3.01548    0.0221285    0.0139910
      3.01690    0.0268408    0.0157777
      3.01832    0.0233694    0.0192868
      3.01975    0.0200602    0.0214122
      3.02117    0.0155959    0.0194400
      3.02259    0.0303814    0.0161468
      3.02401    0.0329904    0.0135072
      3.02543    0.0258130    0.0122525
      3.02686    0.0320345    0.0123026
      3.02828    0.0298121    0.0127928
      3.02970    0.0253123    0.0135627
      3.03112    0.0248827    0.0150505
      3.03255    0.0222511    0.0164390
      3.03397    0.0203463    0.0174118
      3.03539    0.0193318    0.0187156
      3.03682    0.0154293    0.0226862
      3.03824    0.0253989    0.0213671
      3.03966    0.0195145    0.0176111
      3.04109    0.0240580    0.0153532
      3.04251    0.0327241    0.0143729
      3.04394    0.0242501    0.0145029
      3.04536    0.0320247    0.0157079
      3.04678    0.0318375    0.0166856
      3.04821    0.0251420    0.0176088
      3.04963    0.0339643    0.0202898
      3.05106    0.0337968    0.0231665
      3.05248    0.0205420    0.0277117
      3.05391    0.0472523    0.0290248
      3.05533    0.0330507    0.0229722
      3.05676    0.0418897    0.0170109
      3.05818    0.0345666    0.0140201
      3.05961    0.0367166    0.0130159
      3.06103    0.0224406    0.0138934
      3.06246    0.0280269    0.0154552
      3.06388    0.0345002    0.0157702
      3.06531    0.0306163    0.0150935
      3.06673    0.0311102    0.0151557
      3.06816    0.0400246    0.0160463
      3.06958    0.0239738    0.0171611
      3.07101    0.0125236    0.0181784
      3.07243    0.0210762    0.0166750
      3.07386    0.0310305    0.0143192
      3.07529    0.0388299    0.0123755
      3.07671    0.0321546    0.0117564
      3.07814    0.0359284    0.0124674
      3.07957    0.0280269    0.0146737
      3.08099    0.0219428    0.0178724
      3.08242    0.0149185    0.0189292
      3.08384    0.0467250    0.0172191
      3.08527    0.0221270    0.0157924
      3.08670    0.0419632    0.0154468
      3.08812    0.0206189    0.0151442
      3.08955    0.0292187    0.0153784
      3.09098    0.0321433    0.0159896
      3.09241    0.0256035    0.0167965
      3.09383    0.0281300    0.0190298
      3.09526    0.0238483    0.0202595
      3.09669    0.0309153    0.0192770
      3.09811    0.0272814    0.0168289
      3.09954    0.0250283    0.0143925
      3.10097    0.0309827    0.0132144
      3.10240    0.0251867    0.0137359
      3.10382    0.0333249    0.0170680
      3.10525    0.0270108    0.0204049
      3.10668    0.0247271    0.0203761
      3.10811    0.0367429    0.0188190
      3.10953    0.0244307    0.0186695
      3.11096    0.0284354    0.0187264
      3.11239    0.0258380    0.0178736
      3.11382    0.0294216    0.0164391
      3.11525    0.0226692    0.0155326
      3.11667    0.0414477    0.0136152
      3.11810    0.0394305    0.0115128
      3.11953    0.0282117    0.0105022
      3.12096    0.0340476    0.0103640
      3.12239    0.0353419    0.0109775
      3.12382    0.0291957    0.0127140
      3.12524    0.0267606    0.0165142
      3.12667    0.0237365    0.0209105
      3.12810    0.0191074    0.0184237
      3.12953    0.0527510    0.0140064
      3.13096    0.0330802    0.0114154
      3.13239    0.0366290    0.0103959
      3.13382    0.0374362    0.0100944
      3.13525    0.0407429    0.0100438
      3.13667    0.0343081    0.0104922
      3.13810    0.0311967    0.0118118
      3.13953    0.0347430    0.0135357
      3.14096    0.0469196    0.0139657
      3.14239    0.0437179    0.0125422
      3.14382    0.0298914    0.0126559
      3.14525    0.0345303    0.0141924
      3.14668    0.0294760    0.0154732
      3.14811    0.0400989    0.0139542
      3.14953    0.0522791    0.0118489
      3.15096    0.0374520    0.0108730
      3.15239    0.0388435    0.0108268
      3.15382    0.0324152    0.0111461
      3.15525    0.0345019    0.0119188
      3.15668    0.0393483    0.0122082
      3.15811    0.0402761    0.0115613
      3.15954    0.0416406    0.0107103
      3.16097    0.0398901    0.0100560
      3.16240    0.0479699   0.00954922
      3.16383    0.0461944   0.00929171
      3.16526    0.0473151   0.00930928
      3.16669    0.0420946   0.00946376
      3.16812    0.0420003   0.00952237
      3.16955    0.0476598   0.00954179
      3.17098    0.0487152   0.00973625
      3.17241    0.0471336    0.0102588
      3.17384    0.0544279    0.0105969
      3.17527    0.0492116    0.0103554
      3.17670    0.0507185   0.00990588
      3.17813    0.0459955   0.00959040
      3.17956    0.0436252   0.00962137
      3.18098    0.0452216    0.0101381
      3.18242    0.0497279    0.0108303
      3.18384    0.0465910    0.0109505
      3.18527    0.0524287    0.0105020
      3.18670    0.0513881    0.0100900
      3.18813    0.0504297    0.0101646
      3.18956    0.0539154    0.0115108
      3.19099    0.0544810    0.0143825
      3.19242    0.0595097    0.0162600
      3.19385    0.0676915    0.0147536
      3.19528    0.0498425    0.0132818
      3.19671    0.0519875    0.0141541
      3.19814    0.0454520    0.0180218
      3.19957    0.0275577    0.0218441
      3.20100    0.0394205    0.0220197
      3.20243    0.0310493    0.0212807
      3.20386    0.0570146    0.0220417
      3.20529    0.0393823    0.0220994
      3.20672    0.0254466    0.0255680
      3.20815    0.0219873    0.0327622
      3.20958   0.00881998    0.0378773
      3.21101    0.0374699    0.0365583
      3.21244    0.0483125    0.0280588
      3.21388    0.0582079    0.0228592
      3.21531    0.0664446    0.0202543
      3.21674    0.0710877    0.0188820
      3.21817    0.0682124    0.0170671
      3.21960    0.0464916    0.0166365
      3.22103    0.0467793    0.0182333
      3.22246    0.0430908    0.0254446
      3.22389    0.0983410    0.0370736
      3.22532    0.0316426    0.0317370
      3.22675    0.0530837    0.0237657
      3.22818    0.0633069    0.0213049
      3.22961    0.0712001    0.0235241
      3.23104    0.0858473    0.0230860
      3.23247    0.0668053    0.0165321
      3.23390    0.0710916    0.0121610
      3.23533    0.0595439    0.0104693
      3.23676    0.0636571    0.0102891
      3.23819    0.0631352    0.0112049
      3.23962    0.0707536    0.0126929
      3.24105    0.0607434    0.0137775
      3.24248    0.0703493    0.0141810
      3.24391    0.0827871    0.0159386
      3.24534    0.0614517    0.0212132
      3.24677    0.0470530    0.0271975
      3.24820    0.0377096    0.0259468
      3.24963    0.0687758    0.0187529
      3.25106    0.0738454    0.0135349
      3.25249    0.0643886    0.0107615
      3.25392    0.0686091   0.00954604
      3.25535    0.0655844   0.00932667
      3.25678    0.0718945   0.00962297
      3.25821    0.0721436    0.0108249
      3.25964    0.0758474    0.0137986
      3.26107    0.0741597    0.0202921
      3.26250    0.0706292    0.0228318
      3.26393    0.0800884    0.0172759
      3.26536    0.0733833    0.0139632
      3.26679    0.0664725    0.0127275
      3.26822    0.0661202    0.0137621
      3.26965    0.0824528    0.0165592
      3.27108    0.0862137    0.0187414
      3.27251    0.0854776    0.0164531
      3.27394    0.0875448    0.0126643
      3.27537    0.0812350    0.0105760
      3.27680    0.0795854    0.0102453
      3.27823    0.0768268    0.0111539
      3.27966    0.0819965    0.0124981
      3.28109    0.0692521    0.0123308
      3.28252    0.0746132    0.0105145
      3.28395    0.0739750   0.00924366
      3.28538    0.0765354   0.00875321
      3.28681    0.0760300   0.00864084
      3.28824    0.0827727   0.00871100
      3.28967    0.0805940   0.00902387
      3.29110    0.0772090   0.00972981
      3.29252    0.0749755    0.0109787
      3.29395    0.0908129    0.0129379
      3.29538    0.0807018    0.0164261
      3.29681    0.0499159    0.0207922
      3.29824     0.105569    0.0232273
      3.29967    0.0756575    0.0210886
      3.30110    0.0766643    0.0159722
      3.30253    0.0756388    0.0131285
      3.30396    0.0799360    0.0120741
      3.30539    0.0796023    0.0119363
      3.30682    0.0858009    0.0119351
      3.30825    0.0860955    0.0117665
      3.30968    0.0811929    0.0123894
      3.31111    0.0871099    0.0136146
      3.31254    0.0833667    0.0166778
      3.31397    0.0960148    0.0280685
      3.31540    0.0469926    0.0857487
      3.31683    0.0510664     0.139307
      3.31825    0.0498557     0.100854
      3.31968    0.0663033    0.0611798
      3.32111    0.0848041    0.0357221
      3.32254     0.123752    0.0219314
      3.32397    0.0920275    0.0161851
      3.32540    0.0808026    0.0136286
      3.32683    0.0849518    0.0132264
      3.32826    0.0946745    0.0132748
      3.32969     0.106087    0.0120424
      3.33112    0.0994781    0.0102256
      3.33255     0.103113   0.00928169
      3.33397    0.0990513   0.00907412
      3.33540    0.0886851   0.00919411
      3.33683    0.0901491   0.00939597
      3.33826    0.0950962    0.0100855
      3.33969    0.0961855    0.0114506
      3.34112    0.0970257    0.0120335
      3.34255     0.101494    0.0114682
      3.34398    0.0975665    0.0113206
      3.34541     0.101530    0.0117991
      3.34683     0.100024    0.0121349
      3.34826     0.106351    0.0110045
      3.34969    0.0991569   0.00980650
      3.35112     0.103061   0.00945735
      3.35255     0.105241   0.00976192
      3.35398    0.0993059    0.0103772
      3.35541    0.0979972    0.0117337
      3.35683     0.101718    0.0127585
      3.35826     0.106256    0.0122192
      3.35969     0.100048    0.0111343
      3.36112     0.105422    0.0106766
      3.36255     0.108460    0.0107939
      3.36398    0.0989042    0.0104420
      3.36540     0.101740   0.00992151
      3.36683     0.103859    0.0100024
      3.36826     0.111106    0.0108127
      3.36969     0.113062    0.0113448
      3.37112     0.108984    0.0105488
      3.37254     0.109081   0.00968652
      3.37397     0.100049   0.00917399
      3.37540     0.101056   0.00905477
      3.37683     0.103171   0.00936785
      3.37826     0.104667    0.0100262
      3.37968     0.108011    0.0106752
      3.38111    0.0977371    0.0113723
      3.38254     0.100588    0.0110854
      3.38397     0.112007    0.0103240
      3.38540     0.107199   0.00968381
      3.38682     0.107779   0.00905956
      3.38825     0.106079   0.00868360
      3.38968     0.110356   0.00896910
      3.39111     0.108255   0.00977938
      3.39254     0.112317    0.0103807
      3.39396     0.110168   0.00985088
      3.39539     0.108116   0.00899413
      3.39682     0.112766   0.00854502
      3.39825     0.108930   0.00835416
      3.39967     0.107923   0.00832171
      3.40110     0.104708   0.00868214
      3.40253     0.108900   0.00963878
      3.40396     0.109712    0.0110473
      3.40538     0.113207    0.0117856
      3.40681     0.114976    0.0112402
      3.40824     0.113329    0.0106274
      3.40967     0.111125    0.0101444
      3.41109     0.108517   0.00956030
      3.41252     0.111264   0.00938918
      3.41395     0.109251   0.00974898
      3.41537     0.109197    0.0101346
      3.41680     0.118119    0.0100793
      3.41823     0.105966   0.00928945
      3.41966     0.108879   0.00851706
      3.42108     0.113715   0.00828803
      3.42251     0.112938   0.00826982
      3.42394     0.108102   0.00849337
      3.42536     0.110399   0.00897280
      3.42679     0.109101   0.00974187
      3.42822     0.112049    0.0101197
      3.42964     0.116532   0.00956924
      3.43107     0.114627   0.00868744
      3.43250     0.109014   0.00827226
      3.43392     0.111845   0.00820492
      3.43535     0.113235   0.00822640
      3.43678     0.109688   0.00829235
      3.43820     0.113372   0.00858527
      3.43963     0.121028   0.00899647
      3.44106     0.112340   0.00910503
      3.44248     0.114716   0.00872227
      3.44391     0.112041   0.00830025
      3.44534     0.108809   0.00811121
      3.44676     0.114353   0.00812552
      3.44819     0.116287   0.00809484
      3.44962     0.118248   0.00814527
      3.45104     0.118067   0.00835972
      3.45247     0.117984   0.00875093
      3.45390     0.111795   0.00890907
      3.45532     0.116443   0.00860644
      3.45675     0.112979   0.00816401
      3.45817     0.117383   0.00788206
      3.45960     0.115695   0.00776202
      3.46103     0.114584   0.00781114
      3.46245     0.115567   0.00793798
      3.46388     0.120734   0.00819646
      3.46531     0.120129   0.00842343
      3.46673     0.120960   0.00834649
      3.46816     0.121759   0.00799097
      3.46958     0.119554   0.00774798
      3.47101     0.116486   0.00772506
      3.47244     0.121044   0.00783462
      3.47386     0.120070   0.00792551
      3.47529     0.121147   0.00799089
      3.47671     0.118626   0.00805242
      3.47814     0.120126   0.00809722
      3.47957     0.120257   0.00800256
      3.48099     0.121211   0.00784845
      3.48242     0.117019   0.00773760
      3.48384     0.121768   0.00770426
      3.48527     0.122681   0.00775820
      3.48670     0.123755   0.00787551
      3.48812     0.124237   0.00794744
      3.48955     0.123925   0.00800666
      3.49097     0.124716   0.00795593
      3.49240     0.120767   0.00785319
      3.49382     0.120751   0.00772079
      3.49525     0.123699   0.00763008
      3.49668     0.122933   0.00759705
      3.49810     0.123258   0.00765206
      3.49953     0.123344   0.00768824
      3.50095     0.126043   0.00773801
      3.50238     0.128875   0.00774729
      3.50380     0.130508   0.00772247
      3.50523     0.129137   0.00761003
      3.50665     0.125516   0.00756438
      3.50808     0.127334   0.00757822
      3.50951     0.125814   0.00759155
      3.51093     0.127670   0.00759023
      3.51236     0.132551   0.00761652
      3.51378     0.130884   0.00757270
      3.51521     0.133070   0.00754272
      3.51663     0.133085   0.00751140
      3.51806     0.134808   0.00750099
      3.51948     0.131491   0.00748642
      3.52091     0.132041   0.00747686
      3.52233     0.130453   0.00749410
      3.52376     0.128873   0.00752282
      3.52518     0.134667   0.00758161
      3.52661     0.134113   0.00762270
      3.52803     0.134964   0.00760149
      3.52946     0.134752   0.00759421
      3.53089     0.139285   0.00760107
      3.53231     0.137849   0.00772982
      3.53374     0.135222   0.00784850
      3.53516     0.134440   0.00794026
      3.53659     0.136957   0.00796192
      3.53801     0.138874   0.00799940
      3.53944     0.141361   0.00807103
      3.54086     0.139455   0.00809981
      3.54229     0.138951   0.00804634
      3.54371     0.138110   0.00799254
      3.54514     0.141144   0.00787057
      3.54656     0.139121   0.00781638
      3.54799     0.139461   0.00773954
      3.54941     0.140041   0.00769730
      3.55084     0.142163   0.00774008
      3.55226     0.143593   0.00778152
      3.55369     0.141418   0.00781066
      3.55511     0.144984   0.00777774
      3.55654     0.143183   0.00768289
      3.55796     0.142520   0.00766036
      3.55939     0.141948   0.00759923
      3.56081     0.144479   0.00754354
      3.56224     0.144728   0.00755285
      3.56366     0.149583   0.00766518
      3.56509     0.144055   0.00779630
      3.56652     0.144167   0.00789817
      3.56794     0.145451   0.00794033
      3.56937     0.147031   0.00795781
      3.57079     0.145476   0.00797855
      3.57222     0.146188   0.00807816
      3.57364     0.144705   0.00811007
      3.57507     0.145350   0.00798180
      3.57649     0.150445   0.00777208
      3.57792     0.151101   0.00772596
      3.57934     0.148386   0.00778297
      3.58077     0.145767   0.00786127
      3.58219     0.152187   0.00787980
      3.58362     0.151508   0.00790798
      3.58504     0.147407   0.00791897
      3.58647     0.149092   0.00787230
      3.58789     0.151038   0.00781505
      3.58932     0.152520   0.00779677
      3.59074     0.150857   0.00778733
      3.59217     0.150421   0.00776185
      3.59359     0.151772   0.00768842
      3.59502     0.151917   0.00763014
      3.59645     0.150941   0.00761190
      3.59787     0.152822   0.00762091
      3.59930     0.154131   0.00757691
      3.60072     0.153079   0.00753850
      3.60215     0.153262   0.00751414
      3.60357     0.156715   0.00762071
      3.60500     0.157752   0.00776774
      3.60642     0.156747   0.00784036
      3.60785     0.156339   0.00776050
      3.60927     0.159591   0.00771092
      3.61070     0.157136   0.00767357
      3.61213     0.158514   0.00768818
      3.61355     0.158807   0.00761505
      3.61498     0.157657   0.00754825
      3.61640     0.159062   0.00751693
      3.61783     0.160891   0.00748527
      3.61925     0.160080   0.00739083
      3.62068     0.161089   0.00737024
      3.62211     0.156210   0.00739117
      3.62353     0.156673   0.00753245
      3.62496     0.162346   0.00765604
      3.62638     0.162885   0.00773352
      3.62781     0.159027   0.00764400
      3.62923     0.162090   0.00753537
      3.63066     0.160029   0.00753187
      3.63209     0.162046   0.00757712
      3.63351     0.165019   0.00754135
      3.63494     0.165491   0.00751333
      3.63636     0.164445   0.00746497
      3.63779     0.163827   0.00745163
      3.63922     0.164237   0.00742196
      3.64064     0.165088   0.00743634
      3.64207     0.164328   0.00748283
      3.64350     0.167730   0.00758108
      3.64492     0.164964   0.00765987
      3.64635     0.165988   0.00768916
      3.64777     0.166664   0.00758588
      3.64920     0.167205   0.00751477
      3.65063     0.165333   0.00746854
      3.65205     0.167425   0.00746386
      3.65348     0.165785   0.00740361
      3.65491     0.165990   0.00737249
      3.65633     0.164883   0.00735207
      3.65776     0.164816   0.00739152
      3.65919     0.166427   0.00740074
      3.66061     0.165298   0.00742556
      3.66204     0.164019   0.00743127
      3.66347     0.171097   0.00752551
      3.66490     0.173272   0.00766634
      3.66632     0.168670   0.00779677
      3.66775     0.172698   0.00785344
      3.66918     0.175958   0.00792719
      3.67060     0.174890   0.00808778
      3.67203     0.171593   0.00831751
      3.67346     0.175357   0.00835596
      3.67489     0.169774   0.00827267
      3.67631     0.173498   0.00808255
      3.67774     0.174742   0.00795427
      3.67917     0.173746   0.00790023
      3.68060     0.180509   0.00792298
      3.68202     0.177626   0.00778607
      3.68345     0.176528   0.00770950
      3.68488     0.177075   0.00768493
      3.68631     0.177393   0.00769800
      3.68774     0.175203   0.00764167
      3.68916     0.174770   0.00755698
      3.69059     0.173530   0.00751431
      3.69202     0.173488   0.00750200
      3.69345     0.176515   0.00746425
      3.69488     0.176376   0.00746614
      3.69630     0.174850   0.00748269
      3.69773     0.179251   0.00749586
      3.69916     0.178077   0.00738448
      3.70059     0.179674   0.00737655
      3.70202     0.178481   0.00737892
      3.70345     0.175615   0.00743214
      3.70488     0.174776   0.00749730
      3.70631     0.176679   0.00759860
      3.70773     0.180003   0.00762543
      3.70916     0.179392   0.00766003
      3.71059     0.180006   0.00764117
      3.71202     0.178528   0.00762681
      3.71345     0.177638   0.00759747
      3.71488     0.180079   0.00759541
      3.71631     0.176423   0.00754499
      3.71774     0.180986   0.00751002
      3.71917     0.182738   0.00746237
      3.72060     0.182360   0.00746359
      3.72203     0.181738   0.00745895
      3.72346     0.181611   0.00749946
      3.72489     0.182084   0.00750159
      3.72632     0.185774   0.00757993
      3.72775     0.182846   0.00762559
      3.72918     0.181169   0.00766324
      3.73061     0.186640   0.00771737
      3.73204     0.182400   0.00774690
      3.73347     0.182567   0.00777865
      3.73490     0.185132   0.00776767
      3.73633     0.186573   0.00771440
      3.73776     0.189533   0.00773535
      3.73920     0.187584   0.00773432
      3.74063     0.186394   0.00771159
      3.74206     0.188369   0.00764450
      3.74349     0.187212   0.00758509
      3.74492     0.184301   0.00757843
      3.74635     0.187514   0.00762959
      3.74778     0.189272   0.00766973
      3.74922     0.186207   0.00772592
      3.75065     0.182318   0.00769002
      3.75208     0.185624   0.00770417
      3.75351     0.188622   0.00767791
      3.75495     0.188531   0.00772002
      3.75638     0.184244   0.00773187
      3.75781     0.184813   0.00781346
      3.75924     0.183541   0.00781405
      3.76068     0.188402   0.00783600
      3.76211     0.184784   0.00787815
      3.76354     0.187240   0.00789025
      3.76498     0.186947   0.00786212
      3.76641     0.185652   0.00785739
      3.76784     0.186862   0.00786522
      3.76928     0.188089   0.00793608
      3.77071     0.190337   0.00794548
      3.77214     0.189314   0.00794053
      3.77358     0.190117   0.00785513
      3.77501     0.188422   0.00780108
      3.77645     0.187260   0.00774198
      3.77788     0.193001   0.00788064
      3.77931     0.193444   0.00785645
      3.78075     0.193890   0.00788022
      3.78218     0.192777   0.00785036
      3.78362     0.191818   0.00782963
      3.78505     0.194194   0.00781772
      3.78649     0.189352   0.00790875
      3.78793     0.188983   0.00801599
      3.78936     0.191018   0.00803038
      3.79080     0.194699   0.00799023
      3.79223     0.193634   0.00788831
      3.79367     0.193434   0.00779991
      3.79510     0.196296   0.00779560
      3.79654     0.195495   0.00776851
      3.79798     0.194244   0.00779234
      3.79941     0.193690   0.00772927
      3.80085     0.193314   0.00774485
      3.80229     0.191614   0.00776032
      3.80373     0.190643   0.00776055
      3.80516     0.190037   0.00769428
      3.80660     0.191802   0.00779742
      3.80804     0.190838   0.00784906
      3.80948     0.191666   0.00799322
      3.81091     0.191483   0.00803031
      3.81235     0.195476   0.00801745
      3.81379     0.192708   0.00793692
      3.81523     0.195460   0.00784543
      3.81667     0.195815   0.00777585
      3.81811     0.196085   0.00785083
      3.81955     0.199418   0.00778190
      3.82098     0.192297   0.00777190
      3.82242     0.196041   0.00775291
      3.82386     0.194046   0.00776259
      3.82530     0.195999   0.00772300
      3.82674     0.195279   0.00773917
      3.82818     0.196952   0.00770225
      3.82962     0.192583   0.00777107
      3.83106     0.195426   0.00787527
      3.83250     0.196959   0.00800428
      3.83395     0.197901   0.00800745
      3.83539     0.198668   0.00797044
      3.83683     0.203423   0.00788232
      3.83827     0.198202   0.00787773
      3.83971     0.197787   0.00787828
      3.84115     0.202757   0.00795437
      3.84260     0.200177   0.00799524
      3.84404     0.202395   0.00803956
      3.84548     0.199221   0.00799979
      3.84692     0.196294   0.00800257
      3.84837     0.199206   0.00798722
      3.84981     0.199006   0.00797687
      3.85125     0.201071   0.00795349
      3.85270     0.196279   0.00801416
      3.85414     0.196267   0.00806971
      3.85558     0.194309   0.00811654
      3.85703     0.199680   0.00813068
      3.85847     0.204847   0.00820723
      3.85992     0.204912   0.00825485
      3.86136     0.200737   0.00835356
      3.86281     0.199802   0.00843630
      3.86425     0.206016   0.00856986
      3.86570     0.203323   0.00868115
      3.86714     0.204560   0.00874423
      3.86859     0.205180   0.00873942
      3.87003     0.204556   0.00882209
      3.87148     0.202507   0.00888694
      3.87293     0.200398   0.00896341
      3.87437     0.203716   0.00897229
      3.87582     0.203414   0.00900936
      3.87727     0.202307   0.00910992
      3.87872     0.206993   0.00918256
      3.88016     0.204117   0.00914710
      3.88161     0.207756   0.00918943
      3.88306     0.203185   0.00914992
      3.88451     0.198984   0.00923292
      3.88596     0.206717   0.00933892
      3.88741     0.199268   0.00924090
      3.88886     0.200250   0.00923890
      3.89031     0.200972   0.00920526
      3.89176     0.202549   0.00911924
      3.89321     0.204927   0.00908237
      3.89466     0.201840   0.00899381
      3.89611     0.205118   0.00893067
      3.89756     0.207199   0.00883014
      3.89901     0.207932   0.00879296
      3.90046     0.205935   0.00872912
      3.90191     0.205563   0.00874545
      3.90336     0.202775   0.00879216
      3.90482     0.204240   0.00882491
      3.90627     0.208999   0.00894804
      3.90772     0.204788   0.00901425
      3.90918     0.206522   0.00904299
      3.91063     0.205893   0.00908015
      3.91208     0.204729   0.00905397
      3.91354     0.201841   0.00903934
      3.91499     0.201111   0.00901718
      3.91644     0.213192   0.00907008
      3.91790     0.208430   0.00904982
      3.91935     0.206350   0.00911449
      3.92081     0.206632   0.00906995
      3.92227     0.213422   0.00957036
      3.92372     0.207763   0.00910829
      3.92518     0.202561   0.00912136
      3.92663     0.207904   0.00907207
      3.92809     0.212066   0.00907180
      3.92955     0.210577   0.00899369
      3.93100     0.205024   0.00898476
      3.93246     0.207081   0.00892399
      3.93392     0.213232   0.00891282
      3.93538     0.209210   0.00886517
      3.93684     0.205463   0.00880737
      3.93830     0.210373   0.00879767
      3.93976     0.215496   0.00879295
      3.94121     0.217306   0.00878597
      3.94267     0.211403   0.00876691
      3.94413     0.211583   0.00868581
      3.94560     0.215201   0.00866801
      3.94706     0.210248   0.00864805
      3.94852     0.212825   0.00863502
      3.94998     0.213395   0.00865463
      3.95144     0.211758   0.00866181
      3.95290     0.212928   0.00859758
      3.95436     0.208938   0.00858944
      3.95583     0.207721   0.00854095
      3.95729     0.208891   0.00855577
      3.95875     0.214132   0.00850273
      3.96022     0.216172   0.00850784
      3.96168     0.216748   0.00854565
      3.96315     0.210830   0.00850888
      3.96461     0.211112   0.00848437
      3.96608     0.211666   0.00851347
      3.96754     0.212656   0.00849411
      3.96901     0.216103   0.00855213
      3.97047     0.215576   0.00857879
      3.97194     0.210187   0.00862243
      3.97341     0.215845   0.00856382
      3.97487     0.213711   0.00861406
      3.97634     0.207662   0.00864096
      3.97781     0.213988   0.00868398
      3.97928     0.210281   0.00868485
      3.98075     0.214302   0.00873928
      3.98222     0.209151   0.00875085
      3.98369     0.205026   0.00879900
      3.98516     0.202593   0.00869671
      3.98663     0.214526   0.00877682
      3.98810     0.215814   0.00879889
      3.98957     0.217671   0.00880910
      3.99104     0.218585   0.00876360
      3.99251     0.222212   0.00881584
      3.99398     0.214624   0.00883105
      3.99545     0.212312   0.00887622
      3.99693     0.214110   0.00887180
      3.99840     0.218176   0.00885813
      3.99987     0.213327   0.00885154
      4.00135     0.210244   0.00886706
      4.00282     0.211703   0.00890058
      4.00430     0.211514   0.00891173
      4.00577     0.207468   0.00889638
      4.00725     0.208902   0.00899854
      4.00872     0.211846   0.00904538
      4.01020     0.206317   0.00910196
      4.01168     0.208092   0.00932814
      4.01315     0.211692   0.00911688
      4.01463     0.209298   0.00908320
      4.01611     0.205442   0.00906652
      4.01759     0.205612   0.00919397
      4.01907     0.210697   0.00931363
      4.02055     0.210224   0.00925747
      4.02203     0.211045   0.00926371
      4.02351     0.204375   0.00942283
      4.02499     0.212252   0.00946896
      4.02647     0.210253   0.00936660
      4.02795     0.211165   0.00954612
      4.02943     0.209765   0.00958143
      4.03091     0.205471   0.00961407
      4.03240     0.206122   0.00963658
      4.03388     0.209058   0.00972649
      4.03536     0.208898   0.00966769
      4.03685     0.210589   0.00988621
      4.03833     0.205616   0.00992455
      4.03982     0.209226   0.00998602
      4.04130     0.206814   0.00987796
      4.04279     0.207871   0.00993162
      4.04427     0.206215   0.00998623
      4.04576     0.200156    0.0100548
      4.04725     0.198931    0.0100772
      4.04873     0.198808    0.0100935
      4.05022     0.202678    0.0102268
      4.05171     0.199927    0.0101633
      4.05320     0.206239    0.0101996
      4.05469     0.207034    0.0103125
      4.05618     0.213731    0.0102714
      4.05767     0.210244    0.0104322
      4.05916     0.210918    0.0104023
      4.06065     0.205585    0.0102205
      4.06214     0.206428    0.0102080
      4.06364     0.202111    0.0102425
      4.06513     0.198780    0.0102413
      4.06662     0.205696    0.0102880
      4.06812     0.208684    0.0105180
      4.06961     0.208728    0.0104478
      4.07111     0.205120    0.0107160
      4.07260     0.198261    0.0106140
      4.07410     0.209287    0.0106060
      4.07559     0.207286    0.0108188
      4.07709     0.206087    0.0108406
      4.07859     0.204061    0.0108733
      4.08008     0.197139    0.0109589
      4.08158     0.193756    0.0110685
      4.08308     0.198689    0.0111614
      4.08458     0.200807    0.0112684
      4.08608     0.199582    0.0113000
      4.08758     0.196346    0.0114247
      4.08908     0.195841    0.0114174
      4.09058     0.200023    0.0114783
      4.09208     0.198905    0.0115267
      4.09359     0.209041    0.0116268
      4.09509     0.198544    0.0118523
      4.09659     0.196953    0.0117783
      4.09810     0.204377    0.0117283
      4.09960     0.202657    0.0118356
      4.10111     0.201847    0.0118792
      4.10261     0.192660    0.0119121
      4.10412     0.207144    0.0118892
      4.10562     0.196199    0.0120116
      4.10713     0.203882    0.0120684
      4.10864     0.207343    0.0123259
      4.11015     0.205180    0.0121316
      4.11166     0.204130    0.0122107
      4.11317     0.206165    0.0124426
      4.11468     0.207245    0.0125327
      4.11619     0.206823    0.0126615
      4.11770     0.203553    0.0126134
      4.11921     0.210766    0.0127144
      4.12072     0.202401    0.0128096
      4.12223     0.198873    0.0128104
      4.12375     0.194327    0.0128800
      4.12526     0.207099    0.0129142
      4.12678     0.200909    0.0129653
      4.12829     0.205825    0.0129012
      4.12981     0.209685    0.0131475
      4.13132     0.206137    0.0131921
      4.13284     0.207070    0.0132602
      4.13436     0.205142    0.0133178
      4.13588     0.197951    0.0134408
      4.13739     0.208782    0.0135055
      4.13891     0.208112    0.0136168
      4.14043     0.203580    0.0136955
      4.14195     0.207559    0.0141199
      4.14348     0.196919    0.0139779
      4.14500     0.202160    0.0141774
      4.14652     0.210684    0.0141926
      4.14804     0.201501    0.0143126
      4.14957     0.200352    0.0144515
      4.15109     0.216848    0.0145757
      4.15261     0.214316    0.0146742
      4.15414     0.206772    0.0148386
      4.15567     0.207301    0.0151175
      4.15719     0.197422    0.0152156
      4.15872     0.208185    0.0154248
      4.16025     0.211611    0.0155089
      4.16178     0.212440    0.0158951
      4.16330     0.208798    0.0161080
      4.16483     0.211421    0.0166280
      4.16636     0.203557    0.0166106
      4.16790     0.186097    0.0169466
      4.16943     0.192537    0.0172742
      4.17096     0.196068    0.0175958
      4.17249     0.203013    0.0180588
      4.17403     0.193915    0.0185878
      4.17556     0.195507    0.0191365
      4.17710     0.202701    0.0199316
      4.17863     0.201598    0.0206868
      4.18017     0.200390    0.0214485
      4.18170     0.213681    0.0224357
      4.18324     0.199990    0.0234197
      4.18478     0.207099    0.0248095
      4.18632     0.187758    0.0265145
      4.18786     0.184201    0.0289493
      4.18940     0.211352    0.0319806
      4.19094     0.189000    0.0386017
      4.19248     0.211172    0.0465939
      4.19402     0.172200    0.0617551
      4.19557     0.171334    0.0901219
      4.19711    0.0818338     0.146417
      4.19866     0.146086     0.262090
      4.20020     0.124146     0.560826
      4.20175     0.426654      1.48153
      4.20329      2.45417      4.94909
      4.20484      1.67627      9.34334
      4.20639     -3.29537      14.6110
      4.20794      4.33635      33.3308
      4.20949     -4.04081      20.1007
      4.21104     -5.59013      20.2852
      4.21259      12.8505      32.3337
      4.21414     -15.4752      113.585
      4.21569     -11.3375      133.694
      4.21724    -0.999199      28.5231
      4.21880      2.88863      34.0170
      4.22035     -3.86636      79.5817
      4.22191      1.97792      14.0568
      4.22346      32.2021      336.995
      4.22502      17.3719      97.1031
      4.22658     -1.71604      31.6695
      4.22814      1.23783      27.3128
      4.22969      3.14742      18.6604
      4.23125      1.49285      23.5825
      4.23281    -0.931544      22.6972
      4.23438     0.193286      1.09413
      4.23594     -5.58267      20.0740
      4.23750     -24.3240      136.306
      4.23906     -5.99853      41.0658
      4.24063     -43.9689      212.754
      4.24219     -3.57574      20.8237
      4.24376      49.6604      765.205
      4.24533     -5.00960      62.6888
      4.24689      6.72065      38.2635
      4.24846      1.11008      2.41284
      4.25003     -19.1879      43.2280
      4.25160     -22.8755      76.0868
      4.25317      5.24744      82.4579
      4.25474      2.60442      76.1512
      4.25631      9.40538      43.6574
      4.25789     -4.26790      44.8384
      4.25946      9.80919      39.6381
      4.26103      9.76968      36.9530
      4.26261     -10.4836      152.067
      4.26419    -0.760572      37.8024
      4.26576      2.98735      5.93595
      4.26734      4.09118      34.3401
      4.26892     -10.8140      40.6766
      4.27050     -1.76655      67.2861
      4.27208     -31.7408      98.8805
      4.27366     -11.1657      45.4701
      4.27524     -2.25386      20.6301
      4.27682     -1.68118      15.9206
      4.27841      4.99227      9.36662
      4.27999     -31.5852      42.5363
      4.28158     -42.0755      189.680
      4.28316      16.6270      266.700
      4.28475     -123.174      2181.77
      4.28634     -257.911      7420.92
      4.28793      39.3028      2012.14
      4.28952     -2.38249      27.1685
      4.29111      1.16105      19.2619
      4.29270      10.8854      52.8284
      4.29429      12.7120      246.695
      4.29588     -2.34508      30.4303
      4.29748      8.22725      13.0945
      4.29907      11.8612      101.308
      4.30067      0.00000      2.25575
