SOURCE  = EC 90A/CK 1A                  / Source name
STANDARD= BS5812                        / Standard name
OBSDATE = 07-05-2002                    / Date of observation
SPOS    = 18:29:57.4  01:13:43.4        / Source position RA,DEC,J2000
STPOS   = 15:38:39.3  -29:47:07.8       / Standard position RA,DEC,J2000
STSPT   = B2.55V                        / Standard spectral type
STTEFF  = 19950                         / Standard effective temperature [K]
STMAG   = 4.199                         / Standard magnitude (adopted)
WAVEZP  = 3.45                          / Wavelength zero point [micron]
FLUXZP  = 290                           / Flux zero point [Jy]
SAIRM   = 1.111                         / Source mean airmass
STAIRM  = 1.142                         / Standard mean airmass
AIRMCORR= 1.02                          / Optimal (adopted) airmass correction
SPECRES = ~1200                         / Spectral resolution

Created by K. M. Pontoppidan             Sat May 10 20:12:26 2003

Wavelength [micron] Flux [Jy] Statistical Error [Jy]

      2.82058      0.00000    0.0211003
      2.82198      1.10304    0.0202115
      2.82339      1.04919    0.0165815
      2.82480     0.990939    0.0178299
      2.82620     0.928862    0.0124858
      2.82761     0.982295   0.00763716
      2.82902      1.00414   0.00861840
      2.83042      1.06089    0.0245973
      2.83183      1.18967     0.103918
      2.83323     0.917175     0.185211
      2.83464     0.600561     0.165468
      2.83604     0.733800     0.126968
      2.83745     0.905637    0.0286072
      2.83885     0.925410    0.0154006
      2.84026     0.865682    0.0112573
      2.84166     0.891503   0.00583694
      2.84307     0.944756   0.00510366
      2.84447     0.941055   0.00785264
      2.84588     0.935629    0.0174887
      2.84728     0.901289    0.0266259
      2.84868     0.934981    0.0133591
      2.85009      1.01835   0.00999728
      2.85149     0.975368    0.0203088
      2.85290     0.869478    0.0505898
      2.85430     0.796481    0.0244237
      2.85570     0.850254    0.0104169
      2.85711     0.921786   0.00732354
      2.85851     0.846952   0.00842171
      2.85991     0.811285   0.00783168
      2.86131     0.863699   0.00467795
      2.86272     0.866446   0.00410456
      2.86412     0.868576   0.00451754
      2.86552     0.863102   0.00562568
      2.86692     0.848094   0.00722905
      2.86833     0.881949   0.00688764
      2.86973     0.884991   0.00758108
      2.87113     0.787080    0.0122725
      2.87253     0.749563   0.00713175
      2.87393     0.804148   0.00351385
      2.87534     0.813855   0.00310024
      2.87674     0.788843   0.00388436
      2.87814     0.788459   0.00419686
      2.87954     0.789529   0.00353443
      2.88094     0.785058   0.00347532
      2.88234     0.780914   0.00371066
      2.88374     0.775030   0.00428407
      2.88514     0.796917   0.00393018
      2.88654     0.800261   0.00414962
      2.88794     0.746072   0.00633508
      2.88935     0.731930   0.00494804
      2.89075     0.744672   0.00366201
      2.89215     0.723362   0.00360930
      2.89355     0.712383   0.00307461
      2.89495     0.701380   0.00251273
      2.89635     0.701184   0.00238436
      2.89775     0.725243   0.00250624
      2.89915     0.735897   0.00353200
      2.90055     0.691188   0.00730259
      2.90195     0.700153   0.00629387
      2.90335     0.735045   0.00507997
      2.90475     0.690063   0.00579052
      2.90614     0.673378   0.00485096
      2.90754     0.679499   0.00374400
      2.90894     0.665587   0.00320623
      2.91034     0.669697   0.00270757
      2.91174     0.684623   0.00247075
      2.91314     0.661900   0.00288954
      2.91454     0.630486   0.00315195
      2.91594     0.640907   0.00288866
      2.91734     0.644794   0.00267775
      2.91874     0.648618   0.00250539
      2.92014     0.666445   0.00253619
      2.92153     0.663558   0.00377799
      2.92293     0.618745   0.00761485
      2.92433     0.581053   0.00840542
      2.92573     0.595967   0.00382126
      2.92713     0.613134   0.00264290
      2.92853     0.613006   0.00234396
      2.92993     0.605365   0.00234264
      2.93132     0.603306   0.00230950
      2.93272     0.600721   0.00220756
      2.93412     0.592844   0.00229599
      2.93552     0.595644   0.00228221
      2.93692     0.598263   0.00226150
      2.93831     0.589991   0.00277226
      2.93971     0.586869   0.00312133
      2.94111     0.594663   0.00284737
      2.94251     0.597973   0.00282397
      2.94391     0.581540   0.00346961
      2.94530     0.587151   0.00307507
      2.94670     0.593148   0.00286107
      2.94810     0.554967   0.00355177
      2.94950     0.542930   0.00283033
      2.95089     0.560676   0.00230542
      2.95229     0.576837   0.00225242
      2.95369     0.571133   0.00296061
      2.95509     0.548586   0.00390507
      2.95648     0.555670   0.00297370
      2.95788     0.566926   0.00243809
      2.95928     0.556829   0.00240467
      2.96068     0.551444   0.00244871
      2.96207     0.549266   0.00226541
      2.96347     0.538202   0.00222590
      2.96487     0.542751   0.00207526
      2.96627     0.555333   0.00215994
      2.96766     0.552984   0.00251652
      2.96906     0.554277   0.00349803
      2.97046     0.557656   0.00475014
      2.97186     0.543220   0.00657001
      2.97325     0.543263   0.00545986
      2.97465     0.548803   0.00469221
      2.97605     0.535769   0.00402563
      2.97744     0.551067   0.00302959
      2.97884     0.563083   0.00303511
      2.98024     0.553484   0.00349311
      2.98164     0.556646   0.00315827
      2.98303     0.554991   0.00267318
      2.98443     0.543395   0.00222915
      2.98583     0.532833   0.00211477
      2.98722     0.525821   0.00202284
      2.98862     0.522153   0.00197021
      2.99002     0.525838   0.00193461
      2.99142     0.530151   0.00198800
      2.99281     0.528560   0.00219285
      2.99421     0.531549   0.00222344
      2.99561     0.536246   0.00225223
      2.99700     0.530184   0.00264603
      2.99840     0.518612   0.00269919
      2.99980     0.518929   0.00238027
      3.00120     0.528844   0.00199945
      3.00259     0.531545   0.00191601
      3.00399     0.535278   0.00212614
      3.00539     0.530884   0.00261509
      3.00678     0.530961   0.00323612
      3.00818     0.536147   0.00286219
      3.00958     0.528958   0.00252702
      3.01098     0.532051   0.00208109
      3.01237     0.531145   0.00199551
      3.01377     0.520001   0.00211005
      3.01517     0.521144   0.00218342
      3.01657     0.536487   0.00212287
      3.01796     0.527825   0.00248590
      3.01936     0.523412   0.00299290
      3.02076     0.546490   0.00308662
      3.02215     0.530421   0.00335739
      3.02355     0.516696   0.00293537
      3.02495     0.533819   0.00208010
      3.02635     0.530386   0.00197352
      3.02774     0.521965   0.00198260
      3.02914     0.526360   0.00202504
      3.03054     0.535045   0.00212166
      3.03194     0.531883   0.00243431
      3.03333     0.539730   0.00286795
      3.03473     0.563233   0.00254368
      3.03613     0.555978   0.00295146
      3.03753     0.531594   0.00407018
      3.03892     0.541966   0.00339947
      3.04032     0.553129   0.00299578
      3.04172     0.544087   0.00266221
      3.04312     0.546775   0.00223791
      3.04451     0.541959   0.00228363
      3.04591     0.531875   0.00262508
      3.04731     0.538552   0.00253501
      3.04871     0.536846   0.00267255
      3.05011     0.536006   0.00299535
      3.05150     0.544210   0.00318383
      3.05290     0.546663   0.00382294
      3.05430     0.544654   0.00448212
      3.05570     0.533207   0.00387197
      3.05710     0.524676   0.00308800
      3.05849     0.526644   0.00219858
      3.05989     0.529356   0.00200008
      3.06129     0.519944   0.00211850
      3.06269     0.511122   0.00252544
      3.06409     0.521333   0.00255175
      3.06549     0.532294   0.00236666
      3.06688     0.527686   0.00232230
      3.06828     0.528854   0.00233837
      3.06968     0.529293   0.00261993
      3.07108     0.531511   0.00274818
      3.07248     0.527383   0.00288529
      3.07388     0.517916   0.00264720
      3.07528     0.520004   0.00209593
      3.07668     0.519513   0.00187086
      3.07807     0.521685   0.00185568
      3.07947     0.525060   0.00200565
      3.08087     0.511631   0.00270375
      3.08227     0.508158   0.00334332
      3.08367     0.530453   0.00283727
      3.08507     0.535949   0.00234334
      3.08647     0.529549   0.00247568
      3.08787     0.536865   0.00224306
      3.08927     0.530513   0.00234912
      3.09067     0.531266   0.00237858
      3.09207     0.541615   0.00247675
      3.09347     0.534473   0.00286676
      3.09487     0.531619   0.00328820
      3.09627     0.536341   0.00313267
      3.09766     0.534633   0.00297302
      3.09906     0.525867   0.00259537
      3.10046     0.533822   0.00211538
      3.10186     0.547470   0.00198287
      3.10326     0.541999   0.00215671
      3.10466     0.519045   0.00283841
      3.10606     0.505798   0.00393978
      3.10747     0.535897   0.00313015
      3.10887     0.563751   0.00265788
      3.11027     0.544874   0.00278633
      3.11167     0.531734   0.00323493
      3.11307     0.563902   0.00242441
      3.11447     0.557662   0.00232188
      3.11587     0.521765   0.00268771
      3.11727     0.534666   0.00216488
      3.11867     0.550899   0.00183233
      3.12007     0.552655   0.00167483
      3.12147     0.555561   0.00168098
      3.12287     0.567903   0.00174592
      3.12427     0.575733   0.00200747
      3.12567     0.569173   0.00259723
      3.12708     0.550686   0.00373166
      3.12848     0.546588   0.00364679
      3.12988     0.571342   0.00229327
      3.13128     0.585278   0.00181255
      3.13268     0.582634   0.00178798
      3.13408     0.581709   0.00168802
      3.13549     0.585234   0.00163559
      3.13689     0.593063   0.00167155
      3.13829     0.595406   0.00193170
      3.13969     0.582757   0.00252497
      3.14109     0.593346   0.00232415
      3.14250     0.615499   0.00192705
      3.14390     0.621204   0.00182737
      3.14530     0.616639   0.00219605
      3.14670     0.609308   0.00294023
      3.14811     0.616957   0.00214407
      3.14951     0.624774   0.00187069
      3.15091     0.626873   0.00180489
      3.15231     0.631986   0.00163658
      3.15372     0.634731   0.00178770
      3.15512     0.633910   0.00200343
      3.15652     0.634424   0.00210349
      3.15793     0.641753   0.00189205
      3.15933     0.647059   0.00178945
      3.16073     0.646509   0.00167319
      3.16214     0.649268   0.00161033
      3.16354     0.653220   0.00155255
      3.16494     0.657113   0.00157077
      3.16635     0.660604   0.00169007
      3.16775     0.663719   0.00165075
      3.16916     0.667745   0.00158045
      3.17056     0.674746   0.00156987
      3.17196     0.677430   0.00169627
      3.17337     0.680675   0.00175840
      3.17477     0.683863   0.00184197
      3.17618     0.684505   0.00176014
      3.17758     0.689638   0.00162813
      3.17899     0.696877   0.00158126
      3.18039     0.699896   0.00167873
      3.18180     0.698941   0.00178341
      3.18320     0.700757   0.00185111
      3.18461     0.705343   0.00186281
      3.18601     0.712246   0.00174461
      3.18742     0.724900   0.00162109
      3.18882     0.743325   0.00181172
      3.19023     0.746508   0.00232228
      3.19163     0.734946   0.00340107
      3.19304     0.734262   0.00275938
      3.19445     0.744620   0.00202413
      3.19585     0.751539   0.00202827
      3.19726     0.743791   0.00279165
      3.19866     0.750070   0.00367723
      3.20007     0.780147   0.00285179
      3.20148     0.771292   0.00344251
      3.20288     0.767521   0.00370113
      3.20429     0.787879   0.00290923
      3.20570     0.777041   0.00350074
      3.20710     0.797989   0.00418095
      3.20851     0.817746   0.00477776
      3.20992     0.797377   0.00608791
      3.21132     0.784100   0.00530757
      3.21273     0.792388   0.00375069
      3.21414     0.800312   0.00301046
      3.21555     0.795394   0.00291102
      3.21695     0.786507   0.00267293
      3.21836     0.797445   0.00246012
      3.21977     0.810788   0.00265580
      3.22118     0.804753   0.00368508
      3.22258     0.814783   0.00552548
      3.22399     0.819694   0.00618093
      3.22540     0.818356   0.00433651
      3.22681     0.843416   0.00271897
      3.22822     0.836517   0.00302902
      3.22963     0.788807   0.00577139
      3.23103     0.791912   0.00446766
      3.23244     0.815560   0.00239893
      3.23385     0.815544   0.00179440
      3.23526     0.815845   0.00166757
      3.23667     0.828818   0.00170252
      3.23808     0.832815   0.00207080
      3.23949     0.818883   0.00280736
      3.24090     0.843273   0.00249778
      3.24231     0.862647   0.00220003
      3.24372     0.842323   0.00294563
      3.24513     0.851213   0.00378123
      3.24654     0.872233   0.00412375
      3.24795     0.850750   0.00408282
      3.24936     0.829350   0.00341084
      3.25077     0.852413   0.00212662
      3.25218     0.863630   0.00165647
      3.25359     0.853255   0.00160392
      3.25500     0.853396   0.00159775
      3.25641     0.865387   0.00161846
      3.25782     0.869847   0.00198877
      3.25923     0.837151   0.00322883
      3.26064     0.844218   0.00424935
      3.26206     0.867101   0.00395182
      3.26347     0.891143   0.00268260
      3.26488     0.917421   0.00201662
      3.26629     0.898208   0.00203126
      3.26770     0.904314   0.00241161
      3.26911     0.891997   0.00320328
      3.27053     0.838542   0.00489037
      3.27194     0.863307   0.00340294
      3.27335     0.921618   0.00202881
      3.27476     0.923775   0.00172712
      3.27617     0.923645   0.00167797
      3.27759     0.917730   0.00189436
      3.27900     0.875284   0.00249891
      3.28041     0.886424   0.00257051
      3.28183     0.933905   0.00181590
      3.28324     0.933744   0.00157864
      3.28465     0.925349   0.00154628
      3.28606     0.926851   0.00154314
      3.28748     0.935235   0.00154926
      3.28889     0.944335   0.00157543
      3.29031     0.950156   0.00185860
      3.29172     0.966838   0.00190626
      3.29313     0.991152   0.00208607
      3.29455      1.01078   0.00289836
      3.29596      1.04657   0.00317060
      3.29737      1.05777   0.00395385
      3.29879      1.02394   0.00471255
      3.30020      1.01201   0.00327708
      3.30162      1.01365   0.00225371
      3.30303      1.00255   0.00203850
      3.30445     0.979219   0.00217278
      3.30586     0.978486   0.00224352
      3.30728     0.994711   0.00191155
      3.30869     0.984141   0.00203549
      3.31011      1.00023   0.00222071
      3.31152      1.03457   0.00243603
      3.31294     0.984935   0.00470249
      3.31436     0.938734    0.0171646
      3.31577      1.02476    0.0406139
      3.31719      1.11282    0.0256421
      3.31860      1.08331    0.0158438
      3.32002      1.04615   0.00887584
      3.32144      1.02861   0.00532319
      3.32285      1.01584   0.00381574
      3.32427      1.02948   0.00260058
      3.32568      1.04375   0.00218948
      3.32710      1.01441   0.00240446
      3.32852     0.953944   0.00258284
      3.32994     0.977982   0.00211534
      3.33135      1.02958   0.00163001
      3.33277      1.02044   0.00157171
      3.33419      1.00051   0.00166396
      3.33560      1.02012   0.00172508
      3.33702      1.04729   0.00160794
      3.33844      1.02943   0.00186773
      3.33986      1.01474   0.00220906
      3.34128      1.03017   0.00211543
      3.34269      1.06208   0.00198382
      3.34411      1.07430   0.00183832
      3.34553      1.02383   0.00229549
      3.34695      1.01140   0.00250993
      3.34837      1.05906   0.00178865
      3.34979      1.06712   0.00164898
      3.35120      1.04928   0.00162284
      3.35262      1.05634   0.00160290
      3.35404      1.06701   0.00178833
      3.35546      1.05942   0.00220701
      3.35688      1.04355   0.00303580
      3.35830      1.07314   0.00249829
      3.35972      1.10990   0.00199499
      3.36114      1.08118   0.00188191
      3.36256      1.05722   0.00204533
      3.36398      1.06935   0.00183924
      3.36540      1.08086   0.00172425
      3.36682      1.07668   0.00168559
      3.36824      1.06129   0.00217371
      3.36966      1.07354   0.00230703
      3.37108      1.08248   0.00195058
      3.37250      1.06920   0.00171505
      3.37392      1.07187   0.00151372
      3.37534      1.07512   0.00161415
      3.37676      1.07771   0.00175051
      3.37818      1.09072   0.00168634
      3.37960      1.08691   0.00229150
      3.38103      1.08375   0.00241200
      3.38245      1.10423   0.00216409
      3.38387      1.10614   0.00183907
      3.38529      1.09016   0.00180383
      3.38671      1.08385   0.00163594
      3.38813      1.08228   0.00144445
      3.38956      1.08468   0.00152051
      3.39098      1.09060   0.00191700
      3.39240      1.09049   0.00232709
      3.39382      1.09748   0.00212611
      3.39524      1.10627   0.00166072
      3.39667      1.10230   0.00160908
      3.39809      1.09748   0.00150918
      3.39951      1.09662   0.00147240
      3.40093      1.10042   0.00149325
      3.40236      1.10825   0.00183896
      3.40378      1.09419   0.00240465
      3.40520      1.09812   0.00269078
      3.40663      1.12198   0.00208839
      3.40805      1.11674   0.00199881
      3.40947      1.10842   0.00194670
      3.41090      1.11354   0.00177492
      3.41232      1.11875   0.00169738
      3.41374      1.12917   0.00175777
      3.41517      1.11955   0.00216744
      3.41659      1.09129   0.00236179
      3.41802      1.11047   0.00208452
      3.41944      1.13667   0.00177380
      3.42086      1.12777   0.00154044
      3.42229      1.11735   0.00158975
      3.42371      1.12123   0.00159314
      3.42514      1.12285   0.00166386
      3.42656      1.12216   0.00175738
      3.42799      1.10660   0.00219808
      3.42941      1.10151   0.00233786
      3.43084      1.14042   0.00176387
      3.43226      1.15991   0.00153722
      3.43369      1.14507   0.00155362
      3.43511      1.13020   0.00154384
      3.43654      1.12847   0.00153385
      3.43796      1.13928   0.00155372
      3.43939      1.14413   0.00158321
      3.44081      1.13519   0.00187189
      3.44224      1.13565   0.00189497
      3.44367      1.14451   0.00163905
      3.44509      1.15344   0.00152664
      3.44652      1.15185   0.00147417
      3.44794      1.14281   0.00152214
      3.44937      1.13578   0.00154891
      3.45080      1.13338   0.00149588
      3.45222      1.14165   0.00157953
      3.45365      1.15161   0.00171458
      3.45508      1.16090   0.00190441
      3.45650      1.16479   0.00166584
      3.45793      1.16352   0.00151472
      3.45936      1.15927   0.00153405
      3.46078      1.15176   0.00140164
      3.46221      1.15561   0.00144347
      3.46364      1.16125   0.00150028
      3.46506      1.16087   0.00157397
      3.46649      1.15830   0.00167983
      3.46792      1.15675   0.00175258
      3.46935      1.15835   0.00158335
      3.47077      1.15539   0.00142063
      3.47220      1.15449   0.00147780
      3.47363      1.15835   0.00141183
      3.47506      1.16068   0.00147943
      3.47649      1.16685   0.00147164
      3.47791      1.17177   0.00159461
      3.47934      1.16615   0.00155564
      3.48077      1.15887   0.00160876
      3.48220      1.17236   0.00155990
      3.48363      1.18383   0.00150738
      3.48505      1.18046   0.00146032
      3.48648      1.18006   0.00139330
      3.48791      1.17954   0.00147476
      3.48934      1.18294   0.00151225
      3.49077      1.18560   0.00155390
      3.49220      1.18487   0.00153661
      3.49363      1.19353   0.00156603
      3.49506      1.20078   0.00154508
      3.49648      1.19549   0.00147610
      3.49791      1.19014   0.00145762
      3.49934      1.19594   0.00147630
      3.50077      1.21182   0.00146756
      3.50220      1.21218   0.00147691
      3.50363      1.20447   0.00153715
      3.50506      1.20216   0.00153623
      3.50649      1.20523   0.00153509
      3.50792      1.21228   0.00145799
      3.50935      1.21335   0.00140955
      3.51078      1.21283   0.00145632
      3.51221      1.21367   0.00146100
      3.51364      1.20844   0.00146634
      3.51507      1.20500   0.00148076
      3.51650      1.21278   0.00149633
      3.51793      1.21915   0.00150453
      3.51936      1.21736   0.00152147
      3.52079      1.21910   0.00146267
      3.52222      1.22573   0.00141832
      3.52365      1.23549   0.00141730
      3.52508      1.23847   0.00146200
      3.52651      1.23669   0.00141937
      3.52794      1.24352   0.00146203
      3.52937      1.24172   0.00147084
      3.53080      1.22616   0.00151147
      3.53223      1.22481   0.00147355
      3.53366      1.21974   0.00145659
      3.53509      1.21709   0.00146880
      3.53653      1.22975   0.00147850
      3.53796      1.22840   0.00153538
      3.53939      1.22832   0.00145650
      3.54082      1.22018   0.00152887
      3.54225      1.22071   0.00153100
      3.54368      1.24545   0.00157571
      3.54511      1.25782   0.00155827
      3.54654      1.26238   0.00149171
      3.54797      1.26241   0.00152305
      3.54941      1.25763   0.00157386
      3.55084      1.25853   0.00156867
      3.55227      1.25990   0.00149059
      3.55370      1.25649   0.00145077
      3.55513      1.26271   0.00142372
      3.55656      1.27047   0.00149132
      3.55799      1.25937   0.00147141
      3.55943      1.25792   0.00149497
      3.56086      1.27095   0.00144613
      3.56229      1.27275   0.00149014
      3.56372      1.26418   0.00156412
      3.56515      1.26587   0.00142601
      3.56658      1.27606   0.00146993
      3.56802      1.27627   0.00150853
      3.56945      1.27594   0.00162324
      3.57088      1.27765   0.00157042
      3.57231      1.28550   0.00160644
      3.57374      1.29593   0.00147617
      3.57518      1.29390   0.00158295
      3.57661      1.28858   0.00157347
      3.57804      1.29119   0.00167348
      3.57947      1.29036   0.00156858
      3.58090      1.29629   0.00150427
      3.58234      1.30469   0.00151528
      3.58377      1.30541   0.00149050
      3.58520      1.30100   0.00140776
      3.58663      1.29835   0.00145696
      3.58807      1.30394   0.00148910
      3.58950      1.30273   0.00155028
      3.59093      1.32307   0.00150377
      3.59236      1.35073   0.00167354
      3.59379      1.33425   0.00153230
      3.59523      1.31092   0.00145282
      3.59666      1.31140   0.00152460
      3.59809      1.31409   0.00152474
      3.59952      1.31515   0.00147511
      3.60096      1.31745   0.00145497
      3.60239      1.31910   0.00152584
      3.60382      1.32072   0.00151568
      3.60525      1.31866   0.00138664
      3.60669      1.31432   0.00140629
      3.60812      1.31699   0.00147612
      3.60955      1.30942   0.00148979
      3.61098      1.30599   0.00149927
      3.61242      1.32561   0.00162716
      3.61385      1.33411   0.00159786
      3.61528      1.32717   0.00153215
      3.61671      1.31737   0.00149277
      3.61815      1.31135   0.00146006
      3.61958      1.32654   0.00149999
      3.62101      1.33784   0.00157458
      3.62244      1.33190   0.00151297
      3.62388      1.32980   0.00148641
      3.62531      1.31994   0.00145335
      3.62674      1.32042   0.00150196
      3.62817      1.31761   0.00144629
      3.62961      1.31707   0.00147145
      3.63104      1.33463   0.00146992
      3.63247      1.33716   0.00156408
      3.63390      1.34031   0.00152664
      3.63534      1.34330   0.00158425
      3.63677      1.33617   0.00149334
      3.63820      1.33807   0.00144975
      3.63963      1.34100   0.00142344
      3.64107      1.34643   0.00143863
      3.64250      1.35515   0.00138663
      3.64393      1.35249   0.00143361
      3.64536      1.34863   0.00141726
      3.64679      1.34826   0.00144281
      3.64823      1.35563   0.00146886
      3.64966      1.36782   0.00141165
      3.65109      1.36479   0.00139782
      3.65252      1.35924   0.00150248
      3.65396      1.36888   0.00157324
      3.65539      1.37310   0.00146512
      3.65682      1.36743   0.00145688
      3.65825      1.36122   0.00139021
      3.65968      1.36015   0.00139248
      3.66112      1.36739   0.00140773
      3.66255      1.37448   0.00142410
      3.66398      1.37232   0.00141438
      3.66541      1.37132   0.00141149
      3.66684      1.37889   0.00147697
      3.66828      1.38065   0.00143392
      3.66971      1.38061   0.00146214
      3.67114      1.37913   0.00151865
      3.67257      1.36907   0.00162715
      3.67400      1.37346   0.00148874
      3.67543      1.36964   0.00150880
      3.67687      1.36689   0.00152620
      3.67830      1.38219   0.00153047
      3.67973      1.38614   0.00145690
      3.68116      1.37907   0.00139422
      3.68259      1.37322   0.00148955
      3.68402      1.37733   0.00147833
      3.68545      1.38582   0.00146653
      3.68688      1.39128   0.00152412
      3.68832      1.38993   0.00143111
      3.68975      1.38529   0.00147460
      3.69118      1.36994   0.00153566
      3.69261      1.37080   0.00154924
      3.69404      1.38503   0.00148141
      3.69547      1.38769   0.00153330
      3.69690      1.39266   0.00139440
      3.69833      1.39640   0.00149001
      3.69976      1.39004   0.00146258
      3.70119      1.38242   0.00143851
      3.70262      1.38491   0.00145293
      3.70405      1.38947   0.00144293
      3.70548      1.39104   0.00145869
      3.70691      1.38844   0.00149360
      3.70834      1.39319   0.00140269
      3.70977      1.40500   0.00145298
      3.71120      1.40179   0.00141125
      3.71263      1.38940   0.00151834
      3.71406      1.38583   0.00145980
      3.71549      1.39637   0.00150785
      3.71692      1.40114   0.00139015
      3.71835      1.40442   0.00160612
      3.71978      1.41559   0.00141101
      3.72121      1.41422   0.00151406
      3.72264      1.41346   0.00144231
      3.72407      1.41490   0.00144732
      3.72550      1.41115   0.00143671
      3.72693      1.40724   0.00152346
      3.72836      1.40394   0.00152141
      3.72979      1.40270   0.00150316
      3.73122      1.39780   0.00152854
      3.73264      1.39873   0.00148878
      3.73407      1.41390   0.00151000
      3.73550      1.42933   0.00158496
      3.73693      1.43575   0.00150478
      3.73836      1.44574   0.00154179
      3.73979      1.46269   0.00165003
      3.74121      1.47014   0.00148649
      3.74264      1.48357   0.00155819
      3.74407      1.50485   0.00162716
      3.74550      1.50925   0.00154011
      3.74692      1.49319   0.00157857
      3.74835      1.47030   0.00153546
      3.74978      1.44539   0.00153406
      3.75121      1.43211   0.00140587
      3.75263      1.42895   0.00148841
      3.75406      1.41970   0.00152472
      3.75549      1.41469   0.00152097
      3.75691      1.41829   0.00148312
      3.75834      1.42130   0.00158829
      3.75977      1.42153   0.00145234
      3.76119      1.42281   0.00151010
      3.76262      1.41936   0.00153142
      3.76404      1.42176   0.00150451
      3.76547      1.42694   0.00159823
      3.76690      1.41951   0.00150662
      3.76832      1.40483   0.00156867
      3.76975      1.40630   0.00152982
      3.77117      1.41802   0.00160652
      3.77260      1.42239   0.00148252
      3.77402      1.42471   0.00152994
      3.77545      1.42624   0.00154581
      3.77687      1.43080   0.00151348
      3.77830      1.43639   0.00142868
      3.77972      1.43258   0.00151974
      3.78115      1.42521   0.00153556
      3.78257      1.42952   0.00155311
      3.78399      1.44358   0.00164679
      3.78542      1.44548   0.00154077
      3.78684      1.42939   0.00158135
      3.78826      1.42142   0.00161598
      3.78969      1.42457   0.00157509
      3.79111      1.42842   0.00149284
      3.79253      1.42984   0.00153133
      3.79396      1.43900   0.00161309
      3.79538      1.45654   0.00171449
      3.79680      1.45501   0.00151664
      3.79822      1.44855   0.00154250
      3.79965      1.44253   0.00163800
      3.80107      1.43295   0.00155313
      3.80249      1.42875   0.00140938
      3.80391      1.42448   0.00151323
      3.80533      1.42623   0.00154508
      3.80675      1.43913   0.00157253
      3.80817      1.44709   0.00157187
      3.80959      1.45611   0.00149073
      3.81102      1.47386   0.00163113
      3.81244      1.46737   0.00164033
      3.81386      1.44671   0.00163284
      3.81528      1.44355   0.00162071
      3.81670      1.44426   0.00170770
      3.81812      1.43555   0.00157796
      3.81953      1.42177   0.00162264
      3.82095      1.41447   0.00159265
      3.82237      1.42574   0.00155005
      3.82379      1.43639   0.00143754
      3.82521      1.43552   0.00160156
      3.82663      1.43519   0.00159304
      3.82805      1.43554   0.00160379
      3.82946      1.44530   0.00159089
      3.83088      1.44686   0.00153139
      3.83230      1.43337   0.00155285
      3.83372      1.42608   0.00157133
      3.83513      1.42712   0.00157113
      3.83655      1.44179   0.00161530
      3.83797      1.44430   0.00156492
      3.83938      1.43005   0.00156103
      3.84080      1.42508   0.00170836
      3.84222      1.42955   0.00154229
      3.84363      1.43855   0.00153133
      3.84505      1.44548   0.00171133
      3.84646      1.43738   0.00160377
      3.84788      1.41261   0.00162875
      3.84929      1.40377   0.00157319
      3.85071      1.41119   0.00168599
      3.85212      1.47303   0.00163426
      3.85354      1.48893   0.00162171
      3.85495      1.44370   0.00163912
      3.85636      1.44070   0.00162901
      3.85778      1.43146   0.00162447
      3.85919      1.43701   0.00167727
      3.86060      1.45125   0.00170577
      3.86201      1.45372   0.00168118
      3.86343      1.45398   0.00162158
      3.86484      1.45200   0.00170359
      3.86625      1.44484   0.00160653
      3.86766      1.43803   0.00161434
      3.86907      1.43691   0.00175401
      3.87048      1.43234   0.00179826
      3.87189      1.44159   0.00169172
      3.87330      1.46037   0.00185195
      3.87472      1.45942   0.00174442
      3.87612      1.44461   0.00180635
      3.87753      1.42754   0.00175197
      3.87894      1.43673   0.00178427
      3.88035      1.45307   0.00184646
      3.88176      1.45291   0.00183766
      3.88317      1.45802   0.00178547
      3.88458      1.46196   0.00184687
      3.88599      1.45893   0.00186885
      3.88739      1.46008   0.00175226
      3.88880      1.46880   0.00202238
      3.89021      1.46841   0.00193181
      3.89161      1.46498   0.00182171
      3.89302      1.46882   0.00187990
      3.89443      1.46868   0.00189734
      3.89583      1.47171   0.00180251
      3.89724      1.47251   0.00179775
      3.89864      1.46466   0.00193187
      3.90005      1.43444   0.00164915
      3.90145      1.42573   0.00185244
      3.90286      1.44939   0.00195484
      3.90426      1.46772   0.00192536
      3.90566      1.47782   0.00183105
      3.90707      1.48021   0.00191812
      3.90847      1.47958   0.00201744
      3.90987      1.46421   0.00193311
      3.91127      1.46583   0.00198989
      3.91268      1.47951   0.00197458
      3.91408      1.47313   0.00193462
      3.91548      1.45771   0.00187584
      3.91688      1.45254   0.00196618
      3.91828      1.44722   0.00186944
      3.91968      1.45398   0.00194694
      3.92108      1.47111   0.00191511
      3.92248      1.45362   0.00176278
      3.92388      1.44473   0.00196584
      3.92528      1.45914   0.00197734
      3.92668      1.47135   0.00185903
      3.92808      1.47265   0.00193206
      3.92947      1.45687   0.00199298
      3.93087      1.46255   0.00191595
      3.93227      1.46914   0.00188651
      3.93366      1.45783   0.00179291
      3.93506      1.44848   0.00177789
      3.93646      1.44143   0.00178447
      3.93785      1.44376   0.00175013
      3.93925      1.45350   0.00179031
      3.94064      1.45364   0.00184471
      3.94204      1.45536   0.00175530
      3.94343      1.46769   0.00175785
      3.94482      1.47952   0.00177735
      3.94622      1.46914   0.00176173
      3.94761      1.45449   0.00173960
      3.94900      1.46529   0.00181319
      3.95040      1.48471   0.00177420
      3.95179      1.47771   0.00172775
      3.95318      1.45481   0.00184899
      3.95457      1.45592   0.00175490
      3.95596      1.46395   0.00167079
      3.95735      1.46086   0.00177954
      3.95874      1.45945   0.00173193
      3.96013      1.46237   0.00187335
      3.96152      1.46371   0.00174116
      3.96291      1.47118   0.00178041
      3.96430      1.47397   0.00176170
      3.96568      1.46811   0.00188654
      3.96707      1.46957   0.00180563
      3.96846      1.47551   0.00185720
      3.96984      1.46308   0.00174744
      3.97123      1.46642   0.00177937
      3.97262      1.47916   0.00182017
      3.97400      1.47602   0.00181668
      3.97539      1.47702   0.00176060
      3.97677      1.47527   0.00182430
      3.97815      1.46510   0.00186168
      3.97954      1.46982   0.00177169
      3.98092      1.47962   0.00187029
      3.98230      1.46838   0.00178454
      3.98369      1.45924   0.00193668
      3.98507      1.44849   0.00183728
      3.98645      1.43914   0.00190470
      3.98783      1.43985   0.00183653
      3.98921      1.44704   0.00183818
      3.99059      1.45328   0.00187418
      3.99197      1.45938   0.00177751
      3.99335      1.46510   0.00179193
      3.99473      1.46235   0.00186861
      3.99611      1.45089   0.00177180
      3.99748      1.45737   0.00173691
      3.99886      1.45687   0.00176867
      4.00024      1.44773   0.00187445
      4.00161      1.46674   0.00189806
      4.00299      1.47576   0.00178876
      4.00436      1.46714   0.00186700
      4.00574      1.46328   0.00179197
      4.00711      1.45271   0.00191525
      4.00849      1.46884   0.00188557
      4.00986      1.48794   0.00179901
      4.01123      1.47896   0.00194651
      4.01261      1.47071   0.00176589
      4.01398      1.46201   0.00188774
      4.01535      1.46810   0.00199106
      4.01672      1.48033   0.00193609
      4.01809      1.48188   0.00194583
      4.01946      1.48329   0.00169251
      4.02083      1.49542   0.00192667
      4.02220      1.50322   0.00204762
      4.02357      1.51942   0.00217797
      4.02493      1.52044   0.00209243
      4.02630      1.49031   0.00204934
      4.02767      1.48797   0.00207162
      4.02903      1.49113   0.00212401
      4.03040      1.49325   0.00201643
      4.03176      1.47801   0.00187265
      4.03313      1.44471   0.00194172
      4.03449      1.44534   0.00200099
      4.03586      1.45892   0.00195374
      4.03722      1.49472   0.00208868
      4.03858      1.52255   0.00212339
      4.03994      1.51155   0.00218856
      4.04131      1.49278   0.00199629
      4.04267      1.48630   0.00210529
      4.04403      1.50033   0.00204141
      4.04539      1.50323   0.00214880
      4.04674      1.50555   0.00211185
      4.04810      1.54272   0.00220463
      4.04946      1.57736   0.00224392
      4.05082      1.60680   0.00225744
      4.05218      1.65121   0.00241661
      4.05353      1.69167   0.00231543
      4.05489      1.70758   0.00236978
      4.05624      1.67182   0.00226964
      4.05760      1.60522   0.00225280
      4.05895      1.56252   0.00213446
      4.06030      1.53133   0.00210453
      4.06166      1.51142   0.00197645
      4.06301      1.51003   0.00215517
      4.06436      1.49284   0.00223871
      4.06571      1.48650   0.00202059
      4.06706      1.50206   0.00234684
      4.06841      1.50267   0.00228319
      4.06976      1.48814   0.00238007
      4.07111      1.47145   0.00232006
      4.07246      1.47006   0.00228778
      4.07381      1.47822   0.00234819
      4.07515      1.47683   0.00216778
      4.07650      1.48583   0.00223902
      4.07784      1.49650   0.00218077
      4.07919      1.49963   0.00230867
      4.08053      1.51611   0.00224248
      4.08188      1.53224   0.00240988
      4.08322      1.51970   0.00246339
      4.08456      1.49523   0.00230924
      4.08590      1.48403   0.00240523
      4.08725      1.49657   0.00241094
      4.08859      1.52849   0.00230777
      4.08993      1.52337   0.00250222
      4.09127      1.49290   0.00238113
      4.09260      1.48242   0.00236901
      4.09394      1.47513   0.00234202
      4.09528      1.48067   0.00224166
      4.09662      1.49335   0.00235340
      4.09795      1.49181   0.00246969
      4.09929      1.49314   0.00252411
      4.10062      1.47852   0.00231933
      4.10196      1.46828   0.00260695
      4.10329      1.49173   0.00264148
      4.10462      1.51944   0.00245271
      4.10595      1.53096   0.00258075
      4.10728      1.52673   0.00265852
      4.10862      1.51703   0.00266955
      4.10995      1.50629   0.00241748
      4.11127      1.49243   0.00240449
      4.11260      1.48409   0.00241653
      4.11393      1.48297   0.00276567
      4.11526      1.47572   0.00240944
      4.11658      1.48436   0.00244206
      4.11791      1.49872   0.00246137
      4.11924      1.50278   0.00265338
      4.12056      1.50392   0.00255653
      4.12188      1.49177   0.00270054
      4.12321      1.48647   0.00284966
      4.12453      1.50526   0.00286016
      4.12585      1.51268   0.00242334
      4.12717      1.50404   0.00271157
      4.12849      1.49345   0.00263827
      4.12981      1.49764   0.00259961
      4.13113      1.50295   0.00250264
      4.13245      1.49371   0.00253534
      4.13376      1.48958   0.00304765
      4.13508      1.46964   0.00289265
      4.13639      1.45798   0.00275344
      4.13771      1.47581   0.00267532
      4.13902      1.48603   0.00288024
      4.14034      1.48585   0.00269405
      4.14165      1.48701   0.00281459
      4.14296      1.47509   0.00279606
      4.14427      1.52393   0.00306501
      4.14558      1.55032   0.00272589
      4.14689      1.51098   0.00289371
      4.14820      1.48949   0.00273950
      4.14951      1.47970   0.00279105
      4.15082      1.47964   0.00275189
      4.15212      1.49015   0.00300504
      4.15343      1.48475   0.00310909
      4.15473      1.47690   0.00323900
      4.15604      1.49204   0.00297179
      4.15734      1.49575   0.00345068
      4.15864      1.48604   0.00327648
      4.15994      1.47035   0.00279530
      4.16125      1.46355   0.00328342
      4.16255      1.46125   0.00323064
      4.16384      1.46424   0.00350613
      4.16514      1.47350   0.00354383
      4.16644      1.49164   0.00376183
      4.16774      1.51966   0.00397878
      4.16903      1.51954   0.00407798
      4.17033      1.48429   0.00425602
      4.17162      1.47196   0.00409283
      4.17292      1.48780   0.00433620
      4.17421      1.48188   0.00482553
      4.17550      1.46336   0.00473471
      4.17679      1.46232   0.00602713
      4.17808      1.46212   0.00546403
      4.17937      1.47589   0.00720550
      4.18066      1.47326   0.00957171
      4.18195      1.44676    0.0120726
      4.18324      1.41068    0.0170966
      4.18452      1.40091    0.0269496
      4.18581      1.62021    0.0577955
      4.18709      2.02973     0.156786
      4.18837      3.25708     0.972040
      4.18966     -42.2446     0.961772
      4.19094     -94.1393     0.894545
      4.19222     -43.1159      4782.79
      4.19350      11.6864      2.56462
      4.19478      14.4070      415.507
      4.19606      5.62030      7.48734
      4.19733     -5.21279      1.11434
      4.19861     -3.50382      3.83225
      4.19989     -150.058     0.753621
      4.20116     -182.319      188.160
      4.20243     -42.0189      22.4874
      4.20371     -15.3436      3.23725
      4.20498     -141.813      16.1682
      4.20625     -1012.01      629.900
      4.20752     -866.850      522.869
      4.20879      12.3125      2.87265
      4.21006     -187.848      5.24735
      4.21132     -198.954      11.1331
      4.21259     -202.737      4.99440
      4.21386     -181.389      62.2639
      4.21512      19.4349      11.6714
      4.21638      15.6252      3.48846
      4.21765      20.8683      60.8668
      4.21891     -169.065      7.19635
      4.22017     -187.566      2502.11
      4.22143     -11.4497      1.71000
      4.22269     -149.935      3.90375
      4.22395     -140.064      9.41999
      4.22520      9.59224      2.65683
      4.22646      12.6143      9.18287
      4.22772      30.5736      16.1790
      4.22897      1912.01      609276.
      4.23022      1907.53      291526.
      4.23147     -125.271      33.8512
      4.23273     -206.495      16.9622
      4.23398     -45.5219      365.375
      4.23523     -152.891      8.14526
      4.23647     -163.190      6.57827
      4.23772     -9.48192      2.31912
      4.23897     -12.8108      17.1732
      4.24021     -14.3590      7.17270
      4.24146     -8.34098      12.8149
      4.24270     -21.8182      1.09250
      4.24394     -34.1679      62.2723
      4.24518     -8.27940      25.4672
      4.24642      6.35692      1.42142
      4.24766      0.00000      5.00164
