SOURCE  = GSS 30 IRS1                   / Source name
STANDARD= BS6084                        / Standard name
OBSDATE = 12-09-2001                    / Date of observation
SPOS    = 16:26:21.3  -24:23:38.1       / Source position RA,DEC,J2000
STPOS   = 16:21:11.2  -25:35:54.2       / Standard position RA,DEC,J2000
STSPT   = B1III                         / Standard spectral type
STTEFF  = 24200                         / Standard effective temperature [K]
STMAG   = 2.41                          / Standard magnitude (adopted)
WAVEZP  = 3.45                          / Wavelength zero point [micron]
FLUXZP  = 290                           / Flux zero point [Jy]
SAIRM   = 1.215                         / Source mean airmass
STAIRM  = 1.430                         / Standard mean airmass
AIRMCORR= 0.95                          / Optimal (adopted) airmass correction
SPECRES = ~1200                         / Spectral resolution

Created by K. M. Pontoppidan             Sat May 10 20:45:51 2003

Wavelength [micron] Flux [Jy] Statistical Error [Jy]

      2.80303      0.00000      3.26325
      2.80440      3.44516      2.51790
      2.80578      2.05087      2.77295
      2.80715     0.806339     0.612900
      2.80853     0.597317     0.402173
      2.80990     0.426669     0.195683
      2.81128     0.443831     0.128829
      2.81266     0.493850     0.114276
      2.81403    -0.174712     0.131876
      2.81541     -1.22965     0.183916
      2.81678     0.359280     0.252066
      2.81816     0.234881     0.260990
      2.81954     0.475845     0.218474
      2.82091     0.218693     0.101617
      2.82229     0.289124    0.0509389
      2.82367     0.477777    0.0329601
      2.82505     0.378741    0.0236193
      2.82642     0.385505    0.0188736
      2.82780     0.376350    0.0165170
      2.82918     0.413907    0.0143129
      2.83056     0.404891    0.0154489
      2.83193     0.402156    0.0193409
      2.83331     0.334235    0.0319030
      2.83469     0.394134    0.0750579
      2.83607     0.166518     0.103310
      2.83745     0.171529    0.0642829
      2.83883     0.287802    0.0359552
      2.84020     0.355591    0.0214338
      2.84158     0.377878    0.0166308
      2.84296     0.401611    0.0129336
      2.84434     0.357756    0.0109255
      2.84572     0.336048    0.0126496
      2.84710     0.309739    0.0165211
      2.84848     0.328475    0.0213677
      2.84986     0.329556    0.0224681
      2.85124     0.382465    0.0211024
      2.85262     0.389407    0.0258771
      2.85400     0.304036    0.0289701
      2.85538     0.299258    0.0262086
      2.85676     0.374128    0.0183093
      2.85814     0.390508    0.0155828
      2.85952     0.376410    0.0128614
      2.86090     0.353815    0.0109875
      2.86228     0.344711   0.00985508
      2.86367     0.339044   0.00884901
      2.86505     0.356061   0.00936116
      2.86643     0.302820   0.00953528
      2.86781     0.344611    0.0116373
      2.86919     0.346562    0.0130193
      2.87057     0.353811    0.0121957
      2.87196     0.352403    0.0116202
      2.87334     0.347810   0.00958815
      2.87472     0.335439   0.00839980
      2.87610     0.335553   0.00723494
      2.87749     0.336873   0.00729759
      2.87887     0.338320   0.00734559
      2.88025     0.337022   0.00702753
      2.88163     0.312941   0.00695779
      2.88302     0.270197   0.00717375
      2.88440     0.302749   0.00738225
      2.88578     0.313517   0.00797940
      2.88717     0.308598   0.00845909
      2.88855     0.301260   0.00833326
      2.88994     0.305651   0.00811888
      2.89132     0.304755   0.00723706
      2.89270     0.299749   0.00614743
      2.89409     0.295565   0.00558204
      2.89547     0.303043   0.00542200
      2.89686     0.301027   0.00528964
      2.89824     0.301688   0.00605437
      2.89963     0.302345   0.00750527
      2.90101     0.274949   0.00848526
      2.90240     0.246344   0.00910202
      2.90378     0.268448   0.00866600
      2.90517     0.286117   0.00791499
      2.90655     0.285959   0.00735712
      2.90794     0.241357   0.00626595
      2.90932     0.221042   0.00578725
      2.91071     0.276246   0.00545357
      2.91210     0.277875   0.00530968
      2.91348     0.279268   0.00546125
      2.91487     0.277858   0.00579607
      2.91625     0.280760   0.00560366
      2.91764     0.290090   0.00546822
      2.91903     0.288778   0.00551943
      2.92041     0.280262   0.00634073
      2.92180     0.276156   0.00784026
      2.92319     0.280542   0.00869588
      2.92458     0.281362   0.00738482
      2.92596     0.274195   0.00608322
      2.92735     0.268166   0.00533123
      2.92874     0.260532   0.00484231
      2.93013     0.259473   0.00470761
      2.93151     0.264335   0.00467368
      2.93290     0.280749   0.00466091
      2.93429     0.276395   0.00471574
      2.93568     0.272122   0.00501530
      2.93707     0.260821   0.00521495
      2.93846     0.269274   0.00555329
      2.93985     0.285221   0.00571286
      2.94123     0.274343   0.00569282
      2.94262     0.272011   0.00569691
      2.94401     0.259090   0.00601169
      2.94540     0.258101   0.00611762
      2.94679     0.263878   0.00600224
      2.94818     0.260337   0.00550871
      2.94957     0.243090   0.00515042
      2.95096     0.252712   0.00515200
      2.95235     0.271798   0.00532850
      2.95374     0.229253   0.00555113
      2.95513     0.248301   0.00556459
      2.95652     0.271403   0.00550582
      2.95791     0.264869   0.00494816
      2.95930     0.259711   0.00492964
      2.96069     0.250692   0.00482354
      2.96208     0.222254   0.00456173
      2.96347     0.250243   0.00456311
      2.96487     0.209327   0.00466292
      2.96626     0.248244   0.00499538
      2.96765     0.265135   0.00559301
      2.96904     0.251160   0.00697172
      2.97043     0.210801   0.00765018
      2.97182     0.188446   0.00879731
      2.97321     0.242733   0.00791920
      2.97461     0.255147   0.00721055
      2.97600     0.255489   0.00634991
      2.97739     0.239934   0.00618045
      2.97878     0.249484   0.00620094
      2.98018     0.253908   0.00609494
      2.98157     0.255433   0.00556845
      2.98296     0.249045   0.00502415
      2.98435     0.253257   0.00469812
      2.98575     0.253119   0.00425879
      2.98714     0.251380   0.00431812
      2.98853     0.254036   0.00421207
      2.98993     0.249549   0.00420309
      2.99132     0.243799   0.00425834
      2.99271     0.247825   0.00430685
      2.99411     0.248188   0.00464529
      2.99550     0.243585   0.00467805
      2.99690     0.248180   0.00482126
      2.99829     0.249035   0.00467969
      2.99968     0.245463   0.00462738
      3.00108     0.246222   0.00430934
      3.00247     0.250383   0.00443084
      3.00387     0.248664   0.00464321
      3.00526     0.246602   0.00506199
      3.00666     0.250246   0.00529773
      3.00805     0.252943   0.00533210
      3.00945     0.256027   0.00452736
      3.01084     0.247554   0.00453983
      3.01224     0.249809   0.00439351
      3.01363     0.243957   0.00430997
      3.01503     0.248424   0.00441920
      3.01643     0.241181   0.00458821
      3.01782     0.246789   0.00507023
      3.01922     0.224844   0.00558115
      3.02061     0.224478   0.00598862
      3.02201     0.244133   0.00582085
      3.02341     0.249907   0.00486621
      3.02480     0.245024   0.00430577
      3.02620     0.238211   0.00421248
      3.02760     0.240986   0.00424353
      3.02899     0.246043   0.00448150
      3.03039     0.244526   0.00454061
      3.03179     0.251311   0.00488973
      3.03318     0.248626   0.00527159
      3.03458     0.246062   0.00561598
      3.03598     0.244690   0.00599959
      3.03738     0.253440   0.00591926
      3.03877     0.212006   0.00599986
      3.04017     0.236656   0.00569562
      3.04157     0.240195   0.00496102
      3.04297     0.245215   0.00469658
      3.04437     0.250409   0.00478822
      3.04576     0.249711   0.00480351
      3.04716     0.247164   0.00522120
      3.04856     0.252961   0.00570536
      3.04996     0.247768   0.00625649
      3.05136     0.247265   0.00650191
      3.05276     0.248228   0.00695392
      3.05416     0.257345   0.00658205
      3.05556     0.254181   0.00579454
      3.05696     0.244024   0.00512004
      3.05836     0.236237   0.00469794
      3.05975     0.236562   0.00437807
      3.06115     0.237409   0.00447147
      3.06255     0.246547   0.00469062
      3.06395     0.246930   0.00470710
      3.06535     0.245816   0.00478710
      3.06675     0.237087   0.00470269
      3.06815     0.241123   0.00485411
      3.06955     0.239734   0.00515439
      3.07095     0.246999   0.00527281
      3.07236     0.240744   0.00502886
      3.07376     0.238360   0.00454503
      3.07516     0.240268   0.00419685
      3.07656     0.246353   0.00412876
      3.07796     0.242190   0.00429927
      3.07936     0.237461   0.00465179
      3.08076     0.243817   0.00496319
      3.08216     0.241530   0.00523389
      3.08356     0.239268   0.00530878
      3.08496     0.239687   0.00479142
      3.08637     0.245368   0.00481203
      3.08777     0.245947   0.00479345
      3.08917     0.248274   0.00453235
      3.09057     0.250333   0.00496428
      3.09197     0.242876   0.00508552
      3.09338     0.248895   0.00537270
      3.09478     0.264178   0.00553029
      3.09618     0.251863   0.00562988
      3.09758     0.243626   0.00536347
      3.09899     0.251594   0.00490059
      3.10039     0.260240   0.00459702
      3.10179     0.259683   0.00447662
      3.10319     0.254237   0.00504495
      3.10460     0.255712   0.00528659
      3.10600     0.256146   0.00580108
      3.10740     0.255359   0.00594227
      3.10881     0.258216   0.00557246
      3.11021     0.268059   0.00522920
      3.11162     0.275723   0.00529032
      3.11302     0.230557   0.00503007
      3.11442     0.256906   0.00493845
      3.11583     0.264062   0.00439557
      3.11723     0.266452   0.00405898
      3.11863     0.261759   0.00389042
      3.12004     0.269103   0.00363228
      3.12144     0.270788   0.00359906
      3.12285     0.266559   0.00415046
      3.12425     0.264609   0.00459458
      3.12566     0.262790   0.00509644
      3.12706     0.266705   0.00547494
      3.12847     0.235901   0.00476978
      3.12987     0.276820   0.00431491
      3.13128     0.276746   0.00388865
      3.13268     0.267891   0.00352139
      3.13409     0.278346   0.00363620
      3.13549     0.277652   0.00358515
      3.13690     0.281048   0.00383028
      3.13830     0.282742   0.00408199
      3.13971     0.293337   0.00438125
      3.14112     0.291121   0.00420530
      3.14252     0.291386   0.00426496
      3.14393     0.287788   0.00420120
      3.14533     0.298107   0.00451513
      3.14674     0.294731   0.00453464
      3.14815     0.297516   0.00432574
      3.14955     0.303659   0.00396736
      3.15096     0.303802   0.00389415
      3.15237     0.304875   0.00373956
      3.15377     0.304827   0.00396299
      3.15518     0.303270   0.00402650
      3.15659     0.307679   0.00386350
      3.15799     0.307260   0.00379515
      3.15940     0.313034   0.00377877
      3.16081     0.310563   0.00349895
      3.16222     0.310511   0.00357362
      3.16362     0.301800   0.00349031
      3.16503     0.309405   0.00354190
      3.16644     0.311152   0.00344416
      3.16785     0.315128   0.00345145
      3.16925     0.320329   0.00347385
      3.17066     0.318247   0.00355186
      3.17207     0.316420   0.00356109
      3.17348     0.319128   0.00387642
      3.17489     0.325254   0.00379190
      3.17629     0.327509   0.00367169
      3.17770     0.329322   0.00343545
      3.17911     0.331102   0.00367865
      3.18052     0.328048   0.00357164
      3.18193     0.333189   0.00402146
      3.18334     0.335048   0.00389528
      3.18475     0.340939   0.00385889
      3.18616     0.344065   0.00380500
      3.18756     0.335073   0.00388595
      3.18897     0.340171   0.00411804
      3.19038     0.340707   0.00451784
      3.19179     0.348074   0.00492806
      3.19320     0.355463   0.00519609
      3.19461     0.351808   0.00485482
      3.19602     0.349259   0.00506550
      3.19743     0.342984   0.00525969
      3.19884     0.348394   0.00629495
      3.20025     0.361553   0.00602115
      3.20166     0.363296   0.00630428
      3.20307     0.360756   0.00612165
      3.20448     0.365734   0.00666481
      3.20589     0.369011   0.00673090
      3.20730     0.373856   0.00800385
      3.20871     0.382796   0.00853146
      3.21012     0.383352   0.00988618
      3.21153     0.362393   0.00764825
      3.21294     0.356252   0.00729940
      3.21435     0.367814   0.00622134
      3.21577     0.375393   0.00566359
      3.21718     0.378547   0.00559110
      3.21859     0.379898   0.00553852
      3.22000     0.390042   0.00584541
      3.22141     0.376333   0.00705588
      3.22282     0.376279   0.00796699
      3.22423     0.392072   0.00824045
      3.22564     0.387755   0.00694732
      3.22706     0.339589   0.00682236
      3.22847     0.363444   0.00692391
      3.22988     0.380113   0.00715832
      3.23129     0.394666   0.00598424
      3.23270     0.403644   0.00500736
      3.23412     0.400119   0.00421710
      3.23553     0.395309   0.00381375
      3.23694     0.398469   0.00380662
      3.23835     0.391828   0.00461246
      3.23976     0.391824   0.00483887
      3.24118     0.408862   0.00538976
      3.24259     0.409474   0.00516677
      3.24400     0.427419   0.00554188
      3.24541     0.415790   0.00634017
      3.24683     0.423640   0.00744162
      3.24824     0.401627   0.00632134
      3.24965     0.397356   0.00535499
      3.25107     0.404122   0.00450363
      3.25248     0.399597   0.00397966
      3.25389     0.409872   0.00356308
      3.25531     0.411363   0.00371372
      3.25672     0.405752   0.00398524
      3.25813     0.412612   0.00441221
      3.25955     0.422765   0.00534139
      3.26096     0.414403   0.00618229
      3.26237     0.426866   0.00575052
      3.26379     0.434919   0.00485942
      3.26520     0.443943   0.00445678
      3.26661     0.434376   0.00431549
      3.26803     0.438817   0.00490943
      3.26944     0.427093   0.00550117
      3.27086     0.416800   0.00555305
      3.27227     0.440402   0.00532209
      3.27368     0.434508   0.00442736
      3.27510     0.437187   0.00393025
      3.27651     0.434912   0.00378336
      3.27793     0.431004   0.00411716
      3.27934     0.432803   0.00437014
      3.28076     0.433543   0.00436402
      3.28217     0.441906   0.00372494
      3.28359     0.442186   0.00349867
      3.28500     0.444757   0.00329009
      3.28642     0.448414   0.00327046
      3.28783     0.452207   0.00334259
      3.28925     0.449974   0.00339145
      3.29066     0.455138   0.00367214
      3.29208     0.462702   0.00414699
      3.29349     0.475331   0.00472783
      3.29491     0.474627   0.00533831
      3.29632     0.484471   0.00602953
      3.29774     0.490566   0.00628011
      3.29915     0.493836   0.00637444
      3.30057     0.486719   0.00533891
      3.30199     0.476425   0.00453731
      3.30340     0.480401   0.00433534
      3.30482     0.481514   0.00410357
      3.30623     0.483505   0.00405461
      3.30765     0.477573   0.00423157
      3.30906     0.483297   0.00450526
      3.31048     0.484759   0.00546951
      3.31190     0.473958   0.00681102
      3.31331     0.469196   0.00987027
      3.31473     0.469854    0.0178781
      3.31615     0.424435    0.0356472
      3.31756     0.433716    0.0277023
      3.31898     0.481980    0.0178520
      3.32040     0.515094    0.0119201
      3.32181     0.511971   0.00793026
      3.32323     0.519786   0.00622321
      3.32465     0.507118   0.00518363
      3.32606     0.507373   0.00502721
      3.32748     0.502574   0.00456556
      3.32890     0.501502   0.00410427
      3.33031     0.500134   0.00386969
      3.33173     0.500228   0.00363946
      3.33315     0.496012   0.00347840
      3.33456     0.499819   0.00344821
      3.33598     0.503849   0.00343069
      3.33740     0.510736   0.00366612
      3.33882     0.508404   0.00390721
      3.34023     0.505712   0.00402428
      3.34165     0.518641   0.00399151
      3.34307     0.511956   0.00395432
      3.34449     0.509239   0.00398716
      3.34590     0.515888   0.00421054
      3.34732     0.514859   0.00415715
      3.34874     0.520085   0.00379473
      3.35016     0.523287   0.00340938
      3.35158     0.525180   0.00345053
      3.35299     0.523534   0.00355444
      3.35441     0.522803   0.00412215
      3.35583     0.518884   0.00432770
      3.35725     0.526365   0.00460182
      3.35867     0.545693   0.00448031
      3.36008     0.536096   0.00408397
      3.36150     0.529126   0.00362661
      3.36292     0.534192   0.00375206
      3.36434     0.536698   0.00356047
      3.36576     0.530563   0.00381219
      3.36718     0.525064   0.00389398
      3.36859     0.523138   0.00403418
      3.37001     0.525174   0.00399156
      3.37143     0.532582   0.00382112
      3.37285     0.538376   0.00357483
      3.37427     0.539816   0.00331991
      3.37569     0.535457   0.00357997
      3.37711     0.541934   0.00375118
      3.37853     0.534487   0.00386189
      3.37994     0.532326   0.00430047
      3.38136     0.543121   0.00417038
      3.38278     0.548221   0.00433135
      3.38420     0.548897   0.00375355
      3.38562     0.548913   0.00362860
      3.38704     0.550491   0.00359602
      3.38846     0.554492   0.00361858
      3.38988     0.540111   0.00372622
      3.39130     0.535706   0.00419001
      3.39272     0.543920   0.00383452
      3.39414     0.551230   0.00394372
      3.39556     0.555230   0.00341299
      3.39698     0.554039   0.00334578
      3.39840     0.558441   0.00326344
      3.39982     0.558188   0.00347717
      3.40124     0.552955   0.00345487
      3.40265     0.553178   0.00391776
      3.40407     0.555026   0.00449439
      3.40549     0.477692   0.00447159
      3.40691     0.563396   0.00416138
      3.40833     0.562024   0.00379502
      3.40975     0.560219   0.00347977
      3.41117     0.563688   0.00356244
      3.41259     0.559312   0.00353849
      3.41401     0.559668   0.00391891
      3.41543     0.562434   0.00394961
      3.41685     0.561003   0.00402036
      3.41827     0.556848   0.00395331
      3.41969     0.560201   0.00340707
      3.42111     0.562546   0.00323857
      3.42253     0.564815   0.00342811
      3.42396     0.571089   0.00328126
      3.42538     0.570288   0.00354451
      3.42680     0.571591   0.00359053
      3.42822     0.560649   0.00414496
      3.42964     0.572959   0.00373273
      3.43106     0.581042   0.00381871
      3.43248     0.578713   0.00325611
      3.43390     0.576466   0.00308676
      3.43532     0.589789   0.00308951
      3.43674     0.589864   0.00334803
      3.43816     0.581205   0.00321401
      3.43958     0.590278   0.00361030
      3.44100     0.590472   0.00349662
      3.44242     0.591527   0.00349156
      3.44384     0.592247   0.00313084
      3.44526     0.589843   0.00316003
      3.44669     0.586109   0.00307257
      3.44811     0.597827   0.00321900
      3.44953     0.603388   0.00322588
      3.45095     0.591850   0.00338121
      3.45237     0.601075   0.00340470
      3.45379     0.603159   0.00357901
      3.45521     0.606673   0.00338109
      3.45663     0.601869   0.00335278
      3.45805     0.604918   0.00304205
      3.45947     0.605542   0.00308137
      3.46090     0.606613   0.00309294
      3.46232     0.605691   0.00311321
      3.46374     0.605556   0.00322405
      3.46516     0.602007   0.00334898
      3.46658     0.608206   0.00333613
      3.46800     0.609084   0.00331162
      3.46942     0.611879   0.00312805
      3.47084     0.618293   0.00303417
      3.47227     0.616508   0.00307000
      3.47369     0.616313   0.00313574
      3.47511     0.622751   0.00315473
      3.47653     0.623729   0.00305243
      3.47795     0.624367   0.00309674
      3.47937     0.623405   0.00310022
      3.48079     0.625658   0.00309458
      3.48222     0.623323   0.00300544
      3.48364     0.621845   0.00294200
      3.48506     0.625004   0.00297300
      3.48648     0.625160   0.00305142
      3.48790     0.628670   0.00299358
      3.48932     0.631841   0.00314080
      3.49075     0.633863   0.00313198
      3.49217     0.633884   0.00305516
      3.49359     0.641775   0.00296343
      3.49501     0.640052   0.00290438
      3.49643     0.641017   0.00292679
      3.49785     0.644849   0.00289457
      3.49928     0.644667   0.00286843
      3.50070     0.647224   0.00303244
      3.50212     0.647350   0.00298238
      3.50354     0.647191   0.00305861
      3.50496     0.648107   0.00311244
      3.50639     0.648029   0.00295649
      3.50781     0.649740   0.00286651
      3.50923     0.645294   0.00303079
      3.51065     0.647858   0.00293045
      3.51207     0.655731   0.00293913
      3.51349     0.657108   0.00296727
      3.51492     0.662552   0.00297347
      3.51634     0.663193   0.00292076
      3.51776     0.663095   0.00293546
      3.51918     0.662007   0.00299160
      3.52060     0.660575   0.00292103
      3.52203     0.666033   0.00297077
      3.52345     0.668970   0.00290969
      3.52487     0.669329   0.00277911
      3.52629     0.675617   0.00285294
      3.52771     0.678660   0.00303246
      3.52914     0.678030   0.00301653
      3.53056     0.681372   0.00285573
      3.53198     0.679659   0.00288552
      3.53340     0.681985   0.00302150
      3.53482     0.684402   0.00316828
      3.53625     0.683603   0.00317803
      3.53767     0.685483   0.00319130
      3.53909     0.688211   0.00303521
      3.54051     0.692981   0.00296209
      3.54194     0.703350   0.00311336
      3.54336     0.700526   0.00313667
      3.54478     0.699065   0.00299366
      3.54620     0.698621   0.00289331
      3.54762     0.699453   0.00289581
      3.54905     0.700967   0.00278750
      3.55047     0.697001   0.00291766
      3.55189     0.699755   0.00277733
      3.55331     0.709274   0.00301648
      3.55473     0.712578   0.00302613
      3.55616     0.712701   0.00299042
      3.55758     0.709439   0.00302308
      3.55900     0.705337   0.00303894
      3.56042     0.709849   0.00294616
      3.56184     0.712278   0.00298532
      3.56327     0.719502   0.00305473
      3.56469     0.715624   0.00276138
      3.56611     0.720624   0.00293936
      3.56753     0.721696   0.00302022
      3.56895     0.721410   0.00324244
      3.57038     0.725124   0.00316363
      3.57180     0.725827   0.00312256
      3.57322     0.733634   0.00310195
      3.57464     0.738947   0.00324413
      3.57606     0.732922   0.00316095
      3.57749     0.732701   0.00312500
      3.57891     0.734034   0.00307786
      3.58033     0.734182   0.00309993
      3.58175     0.734488   0.00302773
      3.58317     0.739264   0.00303824
      3.58460     0.737821   0.00319124
      3.58602     0.738125   0.00311529
      3.58744     0.740651   0.00300883
      3.58886     0.744624   0.00293609
      3.59028     0.760148   0.00290214
      3.59171     0.750689   0.00304115
      3.59313     0.742230   0.00293181
      3.59455     0.747564   0.00306423
      3.59597     0.747020   0.00295554
      3.59739     0.751284   0.00302980
      3.59882     0.758168   0.00293533
      3.60024     0.756316   0.00307026
      3.60166     0.754804   0.00296911
      3.60308     0.765534   0.00291244
      3.60450     0.761017   0.00301149
      3.60592     0.762614   0.00310908
      3.60735     0.759964   0.00293700
      3.60877     0.764158   0.00323326
      3.61019     0.763034   0.00277991
      3.61161     0.766518   0.00297252
      3.61303     0.772517   0.00300618
      3.61445     0.776152   0.00299329
      3.61588     0.773618   0.00299841
      3.61730     0.773523   0.00282929
      3.61872     0.769539   0.00276906
      3.62014     0.772069   0.00293110
      3.62156     0.771425   0.00276083
      3.62298     0.776986   0.00286732
      3.62441     0.778117   0.00293064
      3.62583     0.778277   0.00324240
      3.62725     0.781431   0.00296047
      3.62867     0.780506   0.00298462
      3.63009     0.776641   0.00301308
      3.63151     0.784058   0.00290707
      3.63293     0.780832   0.00288853
      3.63435     0.783194   0.00296219
      3.63578     0.785598   0.00289199
      3.63720     0.789356   0.00281419
      3.63862     0.785419   0.00265921
      3.64004     0.783293   0.00281915
      3.64146     0.788762   0.00291687
      3.64288     0.795877   0.00278186
      3.64430     0.796017   0.00294819
      3.64572     0.791199   0.00304852
      3.64715     0.787015   0.00289368
      3.64857     0.800670   0.00289272
      3.64999     0.803288   0.00296778
      3.65141     0.803307   0.00283805
      3.65283     0.799826   0.00281502
      3.65425     0.801036   0.00300607
      3.65567     0.808730   0.00271313
      3.65709     0.804548   0.00292009
      3.65851     0.809580   0.00287686
      3.65993     0.805418   0.00282802
      3.66135     0.801830   0.00273567
      3.66277     0.806823   0.00293545
      3.66420     0.803441   0.00290454
      3.66562     0.810461   0.00298626
      3.66704     0.815806   0.00296582
      3.66846     0.816008   0.00291289
      3.66988     0.814837   0.00313318
      3.67130     0.822609   0.00301655
      3.67272     0.824541   0.00297177
      3.67414     0.821222   0.00297416
      3.67556     0.823541   0.00311848
      3.67698     0.830598   0.00310215
      3.67840     0.829947   0.00285465
      3.67982     0.826986   0.00302586
      3.68124     0.829806   0.00297269
      3.68266     0.831368   0.00277297
      3.68408     0.829952   0.00287988
      3.68550     0.831979   0.00292731
      3.68692     0.840716   0.00289548
      3.68834     0.837760   0.00287543
      3.68976     0.836054   0.00309053
      3.69118     0.840242   0.00274954
      3.69260     0.840068   0.00274239
      3.69402     0.838368   0.00274886
      3.69544     0.835455   0.00291663
      3.69686     0.845988   0.00285509
      3.69828     0.847427   0.00302478
      3.69970     0.845876   0.00298601
      3.70112     0.855290   0.00292078
      3.70254     0.860062   0.00289645
      3.70396     0.855260   0.00288261
      3.70538     0.865988   0.00300308
      3.70679     0.865921   0.00303546
      3.70821     0.857375   0.00298538
      3.70963     0.858107   0.00313593
      3.71105     0.856211   0.00309332
      3.71247     0.861254   0.00319928
      3.71389     0.855182   0.00308070
      3.71531     0.854021   0.00300407
      3.71673     0.853674   0.00296376
      3.71815     0.856583   0.00312643
      3.71957     0.862304   0.00302335
      3.72098     0.863018   0.00307020
      3.72240     0.862829   0.00293260
      3.72382     0.866405   0.00308940
      3.72524     0.861994   0.00301491
      3.72666     0.868645   0.00310350
      3.72808     0.872933   0.00290809
      3.72950     0.869527   0.00323718
      3.73091     0.875369   0.00287412
      3.73233     0.880798   0.00302151
      3.73375     0.886014   0.00304661
      3.73517     0.890142   0.00275509
      3.73659     0.898980   0.00299665
      3.73800     0.912266   0.00290823
      3.73942     0.918264   0.00301874
      3.74084     0.927467   0.00301892
      3.74226     0.924786   0.00308156
      3.74368     0.925753   0.00314757
      3.74509     0.913742   0.00290038
      3.74651     0.904335   0.00289922
      3.74793     0.905091   0.00297355
      3.74935     0.897151   0.00307157
      3.75076     0.896492   0.00288725
      3.75218     0.897108   0.00300564
      3.75360     0.896883   0.00294486
      3.75501     0.900949   0.00303755
      3.75643     0.898279   0.00271611
      3.75785     0.899019   0.00313064
      3.75927     0.897033   0.00311159
      3.76068     0.893638   0.00292533
      3.76210     0.904243   0.00300969
      3.76352     0.899096   0.00316415
      3.76493     0.901191   0.00307710
      3.76635     0.900107   0.00292479
      3.76777     0.895332   0.00312942
      3.76918     0.899605   0.00303375
      3.77060     0.907607   0.00301550
      3.77202     0.911440   0.00303601
      3.77343     0.906752   0.00287714
      3.77485     0.906607   0.00300309
      3.77626     0.901112   0.00305516
      3.77768     0.909593   0.00300577
      3.77910     0.901202   0.00299706
      3.78051     0.906324   0.00297643
      3.78193     0.918309   0.00290318
      3.78334     0.911987   0.00291840
      3.78476     0.914505   0.00301735
      3.78617     0.918065   0.00302710
      3.78759     0.925962   0.00285551
      3.78900     0.926355   0.00292600
      3.79042     0.928244   0.00294416
      3.79184     0.929741   0.00299997
      3.79325     0.923353   0.00314456
      3.79467     0.925246   0.00313912
      3.79608     0.927465   0.00302664
      3.79749     0.928329   0.00303561
      3.79891     0.927059   0.00316487
      3.80032     0.928225   0.00309400
      3.80174     0.931731   0.00299083
      3.80315     0.927105   0.00309991
      3.80457     0.937586   0.00305787
      3.80598     0.939899   0.00321244
      3.80740     0.947741   0.00326847
      3.80881     0.947670   0.00319428
      3.81022     0.948430   0.00319256
      3.81164     0.939313   0.00294314
      3.81305     0.947251   0.00311412
      3.81447     0.946877   0.00334097
      3.81588     0.944907   0.00324875
      3.81729     0.945784   0.00351554
      3.81871     0.948515   0.00308950
      3.82012     0.949454   0.00333095
      3.82153     0.948822   0.00303738
      3.82295     0.952097   0.00315533
      3.82436     0.956407   0.00332148
      3.82577     0.956665   0.00311028
      3.82718     0.952720   0.00298240
      3.82860     0.954228   0.00301408
      3.83001     0.958742   0.00316517
      3.83142     0.961639   0.00315538
      3.83284     0.960222   0.00300649
      3.83425     0.956212   0.00313016
      3.83566     0.961505   0.00312863
      3.83707     0.956417   0.00296006
      3.83848     0.961624   0.00326459
      3.83990     0.965034   0.00312813
      3.84131     0.964363   0.00310966
      3.84272     0.966442   0.00301222
      3.84413     0.977071   0.00294260
      3.84554     0.977901   0.00314192
      3.84695     0.981616   0.00316479
      3.84837     0.982740   0.00314028
      3.84978     0.984097   0.00339868
      3.85119     0.976673   0.00349462
      3.85260     0.980858   0.00334141
      3.85401     0.969201   0.00315588
      3.85542     0.979088   0.00332016
      3.85683     0.978537   0.00338416
      3.85824     0.984821   0.00324427
      3.85965     0.990650   0.00331082
      3.86106     0.990752   0.00334467
      3.86247     0.986611   0.00337303
      3.86388     0.987230   0.00350056
      3.86529     0.989434   0.00351404
      3.86670     0.996270   0.00343348
      3.86811      1.00030   0.00355959
      3.86952      1.00094   0.00317062
      3.87093      1.00201   0.00371061
      3.87234      1.00501   0.00368408
      3.87375      1.00056   0.00323166
      3.87516     0.998598   0.00375772
      3.87657      1.00566   0.00373583
      3.87798      1.00918   0.00371013
      3.87938      1.00370   0.00363666
      3.88079      1.00615   0.00362816
      3.88220      1.01625   0.00405008
      3.88361      1.01126   0.00328249
      3.88502      1.01184   0.00393579
      3.88643      1.00839   0.00372609
      3.88784      1.01063   0.00353526
      3.88924      1.02033   0.00383701
      3.89065      1.00833   0.00413318
      3.89206      1.01227   0.00392011
      3.89347      1.00555   0.00375448
      3.89487      1.01071   0.00342607
      3.89628      1.00835   0.00380590
      3.89769      1.01353   0.00328510
      3.89909      1.00865   0.00356667
      3.90050      1.01589   0.00362687
      3.90191      1.01973   0.00329041
      3.90332      1.01740   0.00350906
      3.90472      1.02116   0.00366194
      3.90613      1.02742   0.00369981
      3.90753      1.02452   0.00388972
      3.90894      1.02408   0.00351844
      3.91035      1.03239   0.00391496
      3.91175      1.02883   0.00376991
      3.91316      1.03391   0.00401941
      3.91456      1.03618   0.00402757
      3.91597      1.03700   0.00392293
      3.91737      1.03000   0.00318995
      3.91878      1.03896   0.00385082
      3.92018      1.04010   0.00362565
      3.92159      1.04159   0.00358346
      3.92299      1.04503   0.00374307
      3.92440      1.04165   0.00392131
      3.92580      1.04563   0.00380325
      3.92721      1.04678   0.00373525
      3.92861      1.04580   0.00387369
      3.93002      1.04524   0.00372200
      3.93142      1.04602   0.00372227
      3.93282      1.04834   0.00405229
      3.93423      1.04513   0.00347749
      3.93563      1.04910   0.00350377
      3.93703      1.05254   0.00363725
      3.93844      1.05757   0.00337584
      3.93984      1.05716   0.00366482
      3.94124      1.06071   0.00376086
      3.94264      1.05340   0.00376310
      3.94405      1.05890   0.00348478
      3.94545      1.05567   0.00323541
      3.94685      1.05767   0.00351952
      3.94825      1.07068   0.00317942
      3.94966      1.06709   0.00335202
      3.95106      1.06535   0.00338624
      3.95246      1.06382   0.00345627
      3.95386      1.06403   0.00355401
      3.95526      1.06980   0.00373416
      3.95666      1.07193   0.00380425
      3.95806      1.06635   0.00373365
      3.95947      1.06520   0.00335453
      3.96087      1.07109   0.00350111
      3.96227      1.07254   0.00359581
      3.96367      1.07943   0.00337161
      3.96507      1.07960   0.00341017
      3.96647      1.07445   0.00358167
      3.96787      1.07688   0.00365536
      3.96927      1.07808   0.00327565
      3.97067      1.08188   0.00360036
      3.97207      1.08901   0.00358061
      3.97346      1.08384   0.00315077
      3.97486      1.08504   0.00393170
      3.97626      1.08483   0.00319309
      3.97766      1.08040   0.00359389
      3.97906      1.09042   0.00365967
      3.98046      1.09040   0.00350537
      3.98186      1.09256   0.00350795
      3.98326      1.09590   0.00366136
      3.98465      1.09358   0.00367922
      3.98605      1.09637   0.00339068
      3.98745      1.09512   0.00360780
      3.98885      1.08997   0.00396179
      3.99024      1.10274   0.00354038
      3.99164      1.10275   0.00370054
      3.99304      1.10122   0.00381639
      3.99443      1.10339   0.00325743
      3.99583      1.10950   0.00339147
      3.99723      1.10756   0.00387542
      3.99862      1.11049   0.00391266
      4.00002      1.11044   0.00357171
      4.00142      1.11209   0.00361623
      4.00281      1.11229   0.00375502
      4.00421      1.10961   0.00325567
      4.00560      1.11407   0.00392850
      4.00700      1.10909   0.00364136
      4.00839      1.11934   0.00361820
      4.00979      1.09347   0.00413390
      4.01118      1.12427   0.00384249
      4.01258      1.11759   0.00370361
      4.01397      1.12168   0.00353930
      4.01536      1.12714   0.00397019
      4.01676      1.13221   0.00367103
      4.01815      1.13924   0.00370690
      4.01955      1.13903   0.00433491
      4.02094      1.14037   0.00366544
      4.02233      1.13722   0.00376982
      4.02372      1.14417   0.00428804
      4.02512      1.14348   0.00399789
      4.02651      1.14328   0.00378813
      4.02790      1.15930   0.00430224
      4.02929      1.15024   0.00413293
      4.03069      1.14738   0.00411593
      4.03208      1.15448   0.00430344
      4.03347      1.15202   0.00375958
      4.03486      1.16313   0.00379141
      4.03625      1.17862   0.00412975
      4.03764      1.18841   0.00426183
      4.03903      1.19370   0.00423352
      4.04043      1.19944   0.00405731
      4.04182      1.19350   0.00411154
      4.04321      1.18677   0.00418867
      4.04460      1.18780   0.00397164
      4.04599      1.20228   0.00395865
      4.04738      1.22003   0.00452706
      4.04877      1.25572   0.00468598
      4.05015      1.27358   0.00464842
      4.05154      1.29541   0.00443016
      4.05293      1.31193   0.00471596
      4.05432      1.31071   0.00527251
      4.05571      1.27198   0.00454007
      4.05710      1.23854   0.00442396
      4.05849      1.20988   0.00422164
      4.05987      1.20586   0.00412098
      4.06126      1.20672   0.00493228
      4.06265      1.19874   0.00445003
      4.06404      1.18875   0.00450383
      4.06542      1.19019   0.00408243
      4.06681      1.18563   0.00431862
      4.06820      1.19475   0.00461275
      4.06958      1.19931   0.00430492
      4.07097      1.20499   0.00436697
      4.07236      1.21335   0.00452933
      4.07374      1.20062   0.00444137
      4.07513      1.19650   0.00483889
      4.07651      1.20247   0.00409877
      4.07790      1.20949   0.00468859
      4.07928      1.21196   0.00461242
      4.08067      1.21729   0.00450499
      4.08205      1.21846   0.00484831
      4.08344      1.21503   0.00480838
      4.08482      1.20656   0.00518141
      4.08620      1.22504   0.00407480
      4.08759      1.22935   0.00515458
      4.08897      1.21713   0.00460035
      4.09035      1.22093   0.00471830
      4.09174      1.22607   0.00531349
      4.09312      1.22652   0.00564194
      4.09450      1.23405   0.00502260
      4.09589      1.24478   0.00505675
      4.09727      1.22532   0.00437840
      4.09865      1.23005   0.00538233
      4.10003      1.23625   0.00476909
      4.10141      1.21680   0.00499703
      4.10279      1.21865   0.00520842
      4.10417      1.24693   0.00514643
      4.10556      1.24692   0.00579023
      4.10694      1.27535   0.00587509
      4.10832      1.26733   0.00617113
      4.10970      1.24090   0.00622510
      4.11108      1.25512   0.00568543
      4.11246      1.25924   0.00580624
      4.11384      1.23204   0.00529295
      4.11521      1.23440   0.00526788
      4.11659      1.24413   0.00551991
      4.11797      1.24312   0.00580196
      4.11935      1.26279   0.00498558
      4.12073      1.25649   0.00577421
      4.12211      1.26160   0.00561525
      4.12348      1.28256   0.00535160
      4.12486      1.28088   0.00576467
      4.12624      1.27587   0.00514693
      4.12762      1.27735   0.00577939
      4.12899      1.28181   0.00586213
      4.13037      1.29070   0.00557189
      4.13175      1.30607   0.00611295
      4.13312      1.29546   0.00506227
      4.13450      1.29161   0.00593344
      4.13587      1.28568   0.00564979
      4.13725      1.28803   0.00584561
      4.13862      1.28887   0.00534376
      4.14000      1.29216   0.00542326
      4.14137      1.30786   0.00558190
      4.14275      1.34145   0.00634839
      4.14412      1.32623   0.00696498
      4.14550      1.31901   0.00696094
      4.14687      1.33222   0.00649825
      4.14824      1.32503   0.00659903
      4.14962      1.32044   0.00625392
      4.15099      1.31434   0.00704964
      4.15236      1.33553   0.00714460
      4.15373      1.33845   0.00730571
      4.15511      1.32354   0.00723263
      4.15648      1.33347   0.00769022
      4.15785      1.33935   0.00579435
      4.15922      1.33055   0.00663365
      4.16059      1.35559   0.00677307
      4.16196      1.36282   0.00820819
      4.16333      1.34845   0.00726387
      4.16470      1.35022   0.00863896
      4.16607      1.36224   0.00911616
      4.16744      1.38281   0.00836521
      4.16881      1.40558   0.00896064
      4.17018      1.40073    0.0106729
      4.17155      1.43015    0.0101918
      4.17292      1.42862    0.0113379
      4.17429      1.41898    0.0122828
      4.17566      1.40258    0.0114684
      4.17702      1.40154    0.0124236
      4.17839      1.46682    0.0137379
      4.17976      1.47577    0.0171084
      4.18113      1.47387    0.0181689
      4.18249      1.52221    0.0207898
      4.18386      1.55471    0.0340560
      4.18523      1.55457    0.0470682
      4.18659      1.63071    0.0773288
      4.18796      1.74799     0.131765
      4.18932      1.40474     0.254074
      4.19069      1.28731     0.715483
      4.19205     0.271182      1.50429
      4.19342      3.44171      4.34915
      4.19478      4.04688      5.76718
      4.19615      41.1655      8.91703
      4.19751      91.0815      47.9946
      4.19887      20.8148      6.03142
      4.20024     -20.5195      102.466
      4.20160     -4.85898     0.963113
      4.20296     -33.0902      23.7525
      4.20433     -18.1569      35.9696
      4.20569      12.9698      81.0921
      4.20705      2.21506      27.7182
      4.20841     -8.15145      11.6424
      4.20977      42.1011      76.8433
      4.21114      99.0344      185.996
      4.21250     -2230.91      2270.87
      4.21386     -310.711      82.4117
      4.21522     -3.98951      15.2612
      4.21658     0.559509      14.0903
      4.21794     -12.5065      19.5543
      4.21930      31.6928      80.1008
      4.22065      2.04476      7.68711
      4.22201    -0.634004      13.7560
      4.22337      7.04580      12.0499
      4.22473     -114.256      199.060
      4.22609      75.5583      880.412
      4.22745      17.0147      18.6047
      4.22880      4.45284      5.94916
      4.23016     -1.80771      8.54175
      4.23152      16.7833      10.4403
      4.23287      2.97422      7.67588
      4.23423      9.33269      42.7532
      4.23559     -7.48459      16.5135
      4.23694     -28.8804      971.565
      4.23830      0.00000      7.05988
