SOURCE  = HH100 IR                      / Source name
STANDARD= BS 7254                       / Standard name
OBSDATE = 08-07-2003                    / Date of observation
SPOS    =                               / Source position RA,DEC,J2000
STPOS   =                               / Standard position RA,DEC,J2000
STSPT   = A2V                           / Standard spectral type
STTEFF  = 10800                         / Standard effective temperature [K]
STMAG   = 3.94                          / Standard magnitude (adopted)
WAVEZP  = 3.45                          / Wavelength zero point [micron]
FLUXZP  = 290                           / Flux zero point [Jy]
SAIRM   =                               / Source mean airmass
STAIRM  =                               / Standard mean airmass
AIRMCORR=                               / Optimal (adopted) airmass correction
SPECRES = ~1200                         / Spectral resolution

Created by K. M. Pontoppidan             Wed Oct 15 19:22:38 2003

Wavelength [micron] Flux [Jy] Statistical Error [Jy]

      2.79731      0.00000      9.51740
      2.79874      6.87558      9.21406
      2.80016      9.92367      8.98678
      2.80159      10.5143      9.07154
      2.80302      10.3094      8.50613
      2.80445      3.30604      2.53903
      2.80587      1.58697     0.427033
      2.80730      2.83054     0.192397
      2.80873      2.78356    0.0782059
      2.81016      3.14239    0.0428581
      2.81159      3.67357    0.0299700
      2.81301      3.57375    0.0333464
      2.81444      3.17118    0.0533660
      2.81587      3.58719    0.0601593
      2.81730      4.07703    0.0631104
      2.81873      3.23136    0.0847295
      2.82016      2.19737    0.0594050
      2.82159      2.42907    0.0223603
      2.82302      2.75350    0.0127468
      2.82445      2.88271   0.00961522
      2.82588      2.74127   0.00823900
      2.82731      2.56819   0.00720276
      2.82873      2.74191   0.00599083
      2.83016      2.94246   0.00597432
      2.83159      3.04647   0.00790679
      2.83302      3.03580    0.0164717
      2.83446      2.91262    0.0362325
      2.83589      2.69254    0.0372039
      2.83732      2.27186    0.0240256
      2.83875      2.40414    0.0140897
      2.84018      2.37338   0.00861348
      2.84161      2.49127   0.00653658
      2.84304      2.56296   0.00494213
      2.84447      2.70231   0.00462846
      2.84590      2.76090   0.00598340
      2.84733      2.57201   0.00893655
      2.84876      2.39237   0.00917849
      2.85020      2.71831   0.00749723
      2.85163      2.86612   0.00831463
      2.85306      2.58382    0.0119779
      2.85449      2.03940    0.0139006
      2.85592      2.23512   0.00849761
      2.85736      2.49356   0.00618260
      2.85879      2.34903   0.00542559
      2.86022      2.13023   0.00523106
      2.86165      2.22059   0.00437373
      2.86308      2.34174   0.00394368
      2.86452      2.37339   0.00392811
      2.86595      2.37026   0.00425726
      2.86738      2.34816   0.00502468
      2.86882      2.45458   0.00531701
      2.87025      2.43792   0.00554377
      2.87168      2.10376   0.00566511
      2.87312      2.12088   0.00436620
      2.87455      2.29411   0.00356878
      2.87598      2.22575   0.00334253
      2.87742      2.06609   0.00343970
      2.87885      2.02377   0.00348371
      2.88028      2.04704   0.00328175
      2.88172      2.03159   0.00336506
      2.88315      1.98455   0.00350752
      2.88459      2.00892   0.00353108
      2.88602      2.01412   0.00359581
      2.88745      1.92128   0.00394820
      2.88889      1.81721   0.00397086
      2.89032      1.85303   0.00342639
      2.89176      1.78592   0.00315611
      2.89319      1.68662   0.00290179
      2.89463      1.70635   0.00255899
      2.89606      1.76418   0.00242358
      2.89750      1.81596   0.00258832
      2.89893      1.81062   0.00313787
      2.90037      1.68914   0.00416777
      2.90180      1.69111   0.00439233
      2.90324      1.71976   0.00404472
      2.90468      1.62150   0.00402201
      2.90611      1.57989   0.00356619
      2.90755      1.57129   0.00307130
      2.90898      1.58802   0.00277266
      2.91042      1.59089   0.00253635
      2.91185      1.57046   0.00266743
      2.91329      1.48847   0.00278844
      2.91473      1.45918   0.00276656
      2.91616      1.46739   0.00268155
      2.91760      1.50063   0.00254823
      2.91904      1.54995   0.00256875
      2.92047      1.59003   0.00300372
      2.92191      1.42751   0.00402239
      2.92335      1.23663   0.00422549
      2.92478      1.30036   0.00331090
      2.92622      1.41125   0.00262848
      2.92766      1.38921   0.00239509
      2.92910      1.34733   0.00231202
      2.93053      1.32354   0.00229482
      2.93197      1.31964   0.00228748
      2.93341      1.30568   0.00227902
      2.93485      1.32782   0.00232323
      2.93628      1.32154   0.00245550
      2.93772      1.32046   0.00254408
      2.93916      1.21043   0.00272580
      2.94060      1.30537   0.00272592
      2.94204      1.27953   0.00277675
      2.94347      1.24919   0.00284780
      2.94491      1.27656   0.00282622
      2.94635      1.20922   0.00287673
      2.94779      1.16110   0.00275271
      2.94923      1.22643   0.00246318
      2.95067      1.24903   0.00237384
      2.95210      1.22646   0.00254734
      2.95354      1.14796   0.00289393
      2.95498      1.12578   0.00284960
      2.95642      1.15814   0.00255173
      2.95786      1.15497   0.00241254
      2.95930      1.13954   0.00236856
      2.96074      1.13036   0.00229200
      2.96218      1.13176   0.00226760
      2.96362      1.13800   0.00220620
      2.96506      1.17013   0.00224408
      2.96650      1.20992   0.00248008
      2.96794      1.17976   0.00282786
      2.96938      1.15889   0.00334212
      2.97081      1.16362   0.00404376
      2.97225      1.14729   0.00388404
      2.97369      1.13269   0.00360958
      2.97513      1.10395   0.00316476
      2.97657      1.15055   0.00289521
      2.97802      1.13236   0.00283235
      2.97946      1.06148   0.00274487
      2.98090      1.05983   0.00263053
      2.98234      1.08530   0.00243042
      2.98378      1.07739   0.00222549
      2.98522      1.07306   0.00217223
      2.98666      1.07021   0.00203921
      2.98810      1.07642   0.00200017
      2.98954      1.07712   0.00198276
      2.99098      1.06807   0.00209197
      2.99242      1.05555   0.00212353
      2.99386      1.07465   0.00219550
      2.99530      1.06390   0.00229469
      2.99674      1.01977   0.00235890
      2.99819      1.02489   0.00227323
      2.99963      1.06074   0.00213468
      3.00107      1.07992   0.00206058
      3.00251      1.07934   0.00206852
      3.00395      1.07070   0.00226868
      3.00539      1.04555   0.00248214
      3.00684      1.03970   0.00252848
      3.00828      1.04979   0.00238216
      3.00972      1.05528   0.00219116
      3.01116      1.08436   0.00209952
      3.01260      1.05338   0.00214274
      3.01405      1.01854   0.00211162
      3.01549      1.04811   0.00213273
      3.01693      1.05179   0.00234890
      3.01837      1.03653   0.00256659
      3.01981      1.05048   0.00274440
      3.02126      1.00526   0.00274505
      3.02270     0.977568   0.00244147
      3.02414      1.05827   0.00223437
      3.02558      1.05323   0.00209056
      3.02703      1.03634   0.00205740
      3.02847      1.05933   0.00211292
      3.02991      1.07441   0.00218869
      3.03136      1.05437   0.00234666
      3.03280      1.08318   0.00246648
      3.03424      1.15553   0.00262236
      3.03568      1.14023   0.00282076
      3.03713      1.13051   0.00304203
      3.03857      1.23207   0.00290461
      3.04001      1.19846   0.00260370
      3.04146      1.16015   0.00236664
      3.04290      1.13998   0.00227977
      3.04434      1.08495   0.00227922
      3.04579      1.06828   0.00234069
      3.04723      1.10466   0.00245409
      3.04868      1.07570   0.00253992
      3.05012      1.11542   0.00270696
      3.05156      1.08315   0.00297393
      3.05301      1.02890   0.00320637
      3.05445     0.985138   0.00320167
      3.05589     0.996591   0.00277745
      3.05734      1.02385   0.00234699
      3.05878      1.06354   0.00211370
      3.06023      1.04648   0.00213310
      3.06167      1.00344   0.00225221
      3.06312      1.01022   0.00231486
      3.06456      1.04763   0.00224660
      3.06600      1.05130   0.00225993
      3.06745      1.04451   0.00229552
      3.06889      1.05706   0.00239408
      3.07034      1.03371   0.00247582
      3.07178      1.00920   0.00246922
      3.07323      1.00579   0.00229901
      3.07467      1.04349   0.00213733
      3.07612      1.05960   0.00197488
      3.07756      1.06845   0.00198376
      3.07901      1.06436   0.00215797
      3.08045      1.01337   0.00241457
      3.08190      1.01102   0.00253492
      3.08334      1.08920   0.00249588
      3.08479      1.09483   0.00231563
      3.08623      1.07894   0.00223274
      3.08768      1.09641   0.00226283
      3.08912      1.08922   0.00231527
      3.09057      1.12599   0.00229827
      3.09201      1.13180   0.00243887
      3.09346      1.09228   0.00252689
      3.09490      1.10655   0.00258694
      3.09635      1.08499   0.00255126
      3.09780      1.06704   0.00231729
      3.09924      1.09431   0.00217494
      3.10069      1.14406   0.00208433
      3.10213      1.14436   0.00217911
      3.10358      1.09145   0.00238730
      3.10502      1.06069   0.00261937
      3.10647      1.13513   0.00267868
      3.10792      1.19360   0.00253533
      3.10936      1.13772   0.00253651
      3.11081      1.11046   0.00250548
      3.11225      1.19483   0.00242594
      3.11370      1.18031   0.00237832
      3.11515      1.11999   0.00226069
      3.11659      1.12546   0.00213202
      3.11804      1.11481   0.00188755
      3.11948      1.15989   0.00176339
      3.12093      1.19348   0.00178317
      3.12238      1.22264   0.00187784
      3.12382      1.23751   0.00206913
      3.12527      1.19326   0.00232977
      3.12672      1.14606   0.00254509
      3.12816      1.16379   0.00245891
      3.12961      1.25124   0.00206409
      3.13106      1.27483   0.00185500
      3.13250      1.25626   0.00174616
      3.13395      1.27189   0.00170416
      3.13540      1.31050   0.00173353
      3.13684      1.32470   0.00185313
      3.13829      1.26349   0.00199106
      3.13974      1.22836   0.00207114
      3.14118      1.35329   0.00209504
      3.14263      1.40632   0.00196728
      3.14408      1.38439   0.00206751
      3.14552      1.28975   0.00216501
      3.14697      1.30158   0.00212640
      3.14842      1.38505   0.00198105
      3.14987      1.39220   0.00185791
      3.15131      1.40988   0.00178453
      3.15276      1.42985   0.00177574
      3.15421      1.40203   0.00181922
      3.15565      1.40756   0.00188945
      3.15710      1.43014   0.00188150
      3.15855      1.44411   0.00179429
      3.16000      1.44129   0.00170121
      3.16144      1.46561   0.00165901
      3.16289      1.48820   0.00165686
      3.16434      1.49798   0.00164676
      3.16579      1.49579   0.00165700
      3.16723      1.51557   0.00167670
      3.16868      1.55353   0.00166105
      3.17013      1.57752   0.00167568
      3.17158      1.57265   0.00171409
      3.17302      1.57442   0.00173502
      3.17447      1.58811   0.00178364
      3.17592      1.61466   0.00171086
      3.17737      1.66484   0.00168668
      3.17881      1.69841   0.00168511
      3.18026      1.69407   0.00174110
      3.18171      1.68261   0.00180640
      3.18316      1.68086   0.00181123
      3.18461      1.70591   0.00179717
      3.18605      1.75691   0.00175409
      3.18750      1.81452   0.00174545
      3.18895      1.83130   0.00188701
      3.19040      1.75513   0.00210119
      3.19185      1.70166   0.00226805
      3.19329      1.85584   0.00226669
      3.19474      1.99876   0.00213565
      3.19619      1.94841   0.00220509
      3.19764      1.83634   0.00240964
      3.19909      1.93090   0.00264537
      3.20053      2.03098   0.00272228
      3.20198      1.93175   0.00265567
      3.20343      2.07770   0.00271937
      3.20488      2.11342   0.00279118
      3.20633      2.03630   0.00291032
      3.20778      2.13015   0.00329475
      3.20922      2.05707   0.00352123
      3.21067      1.96711   0.00364838
      3.21212      2.06669   0.00332400
      3.21357      2.16553   0.00283877
      3.21502      2.08185   0.00253971
      3.21647      2.08948   0.00250150
      3.21791      2.16694   0.00245101
      3.21936      2.26551   0.00244685
      3.22081      2.20114   0.00275897
      3.22226      2.13414   0.00335983
      3.22371      2.09808   0.00362854
      3.22516      2.13611   0.00323032
      3.22661      2.43315   0.00291403
      3.22805      2.43828   0.00281674
      3.22950      2.02762   0.00307056
      3.23095      1.95669   0.00288487
      3.23240      2.20595   0.00240714
      3.23385      2.29389   0.00200432
      3.23530      2.28318   0.00178903
      3.23675      2.29301   0.00185905
      3.23819      2.26220   0.00197249
      3.23964      2.18404   0.00215356
      3.24109      2.37297   0.00223457
      3.24254      2.51689   0.00228179
      3.24399      2.37041   0.00235286
      3.24544      2.38491   0.00268673
      3.24689      2.38838   0.00306774
      3.24834      2.26782   0.00293790
      3.24978      2.22387   0.00242119
      3.25123      2.38804   0.00201517
      3.25268      2.43510   0.00177701
      3.25413      2.38677   0.00166633
      3.25558      2.44238   0.00169019
      3.25703      2.52345   0.00181029
      3.25848      2.53305   0.00206950
      3.25993      2.39328   0.00245867
      3.26137      2.36524   0.00278912
      3.26282      2.41499   0.00253300
      3.26427      2.60147   0.00223531
      3.26572      2.70701   0.00204207
      3.26717      2.66732   0.00207120
      3.26862      2.67413   0.00229080
      3.27007      2.51778   0.00267372
      3.27152      2.38580   0.00270719
      3.27297      2.60583   0.00221952
      3.27441      2.71016   0.00187421
      3.27586      2.73838   0.00177069
      3.27731      2.72837   0.00183392
      3.27876      2.59666   0.00200876
      3.28021      2.51598   0.00200298
      3.28166      2.72481   0.00190608
      3.28311      2.76994   0.00169702
      3.28456      2.74827   0.00160216
      3.28601      2.76587   0.00159540
      3.28746      2.82313   0.00160980
      3.28890      2.87074   0.00164755
      3.29035      2.91130   0.00176481
      3.29180      3.03952   0.00185840
      3.29325      3.19321   0.00210362
      3.29470      3.32120   0.00233275
      3.29615      3.62109   0.00268247
      3.29760      3.55679   0.00295298
      3.29905      3.19520   0.00277741
      3.30050      3.20741   0.00250070
      3.30195      3.24492   0.00214957
      3.30339      3.13344   0.00198140
      3.30484      3.05084   0.00197011
      3.30629      3.13607   0.00192217
      3.30774      3.16882   0.00192805
      3.30919      3.20381   0.00205546
      3.31064      3.45455   0.00236495
      3.31209      3.48065   0.00307516
      3.31354      3.16657   0.00493323
      3.31499      3.19310   0.00970863
      3.31643      3.39463    0.0128814
      3.31788      3.32758   0.00932120
      3.31933      3.28663   0.00590600
      3.32078      3.28303   0.00389597
      3.32223      3.23815   0.00300580
      3.32368      3.31222   0.00243350
      3.32513      3.33608   0.00226535
      3.32658      3.20704   0.00211390
      3.32803      3.00981   0.00204091
      3.32948      3.01073   0.00191134
      3.33092      3.34699   0.00173234
      3.33237      3.21464   0.00163977
      3.33382      3.14505   0.00166041
      3.33527      3.24945   0.00167196
      3.33672      3.36360   0.00167316
      3.33817      3.28329   0.00177111
      3.33962      3.23352   0.00184476
      3.34107      3.33403   0.00183274
      3.34252      3.42094   0.00183387
      3.34396      3.43488   0.00193409
      3.34541      3.20552   0.00193734
      3.34686      3.22455   0.00190411
      3.34831      3.40738   0.00176983
      3.34976      3.39991   0.00165440
      3.35121      3.38399   0.00167728
      3.35266      3.48487   0.00174652
      3.35411      3.49384   0.00182599
      3.35555      3.37618   0.00201885
      3.35700      3.28164   0.00214235
      3.35845      3.49240   0.00195678
      3.35990      3.59497   0.00186654
      3.36135      3.45012   0.00177950
      3.36280      3.40318   0.00178811
      3.36425      3.55771   0.00175236
      3.36570      3.66393   0.00177116
      3.36714      3.54706   0.00180906
      3.36859      3.37998   0.00193616
      3.37004      3.56581   0.00192005
      3.37149      3.54704   0.00174745
      3.37294      3.61231   0.00169567
      3.37439      3.65249   0.00170400
      3.37584      3.65004   0.00168794
      3.37728      3.70862   0.00177410
      3.37873      3.73246   0.00190601
      3.38018      3.49141   0.00199918
      3.38163      3.66395   0.00202579
      3.38308      3.70673   0.00187137
      3.38453      3.54579   0.00172866
      3.38597      3.72176   0.00168510
      3.38742      3.77831   0.00165060
      3.38887      3.78773   0.00162761
      3.39032      3.77319   0.00182754
      3.39177      3.47733   0.00196402
      3.39322      3.62724   0.00194980
      3.39466      3.81164   0.00178607
      3.39611      3.79896   0.00162287
      3.39756      3.73568   0.00156764
      3.39901      3.70117   0.00151769
      3.40046      4.00642   0.00163371
      3.40191      3.97609   0.00184609
      3.40335      3.65515   0.00196877
      3.40480      3.68710   0.00221197
      3.40625      3.91918   0.00204895
      3.40770      3.84660   0.00185547
      3.40915      3.76708   0.00182493
      3.41059      3.87210   0.00182469
      3.41204      3.92106   0.00174356
      3.41349      3.96425   0.00183607
      3.41494      3.80019   0.00192388
      3.41639      3.64384   0.00200408
      3.41783      3.84615   0.00191600
      3.41928      3.96585   0.00169027
      3.42073      3.87290   0.00159152
      3.42218      3.88349   0.00162220
      3.42363      3.93303   0.00166306
      3.42507      3.98297   0.00173460
      3.42652      3.93212   0.00185858
      3.42797      3.79426   0.00197907
      3.42942      3.82595   0.00190577
      3.43086      4.00359   0.00174012
      3.43231      3.93708   0.00160183
      3.43376      4.01369   0.00163231
      3.43521      3.73939   0.00157643
      3.43665      3.97836   0.00161538
      3.43810      4.02302   0.00164599
      3.43955      3.93512   0.00176317
      3.44100      3.84171   0.00169488
      3.44244      4.01013   0.00172089
      3.44389      4.04915   0.00163074
      3.44534      3.97964   0.00158946
      3.44679      3.93028   0.00154301
      3.44823      4.05353   0.00157564
      3.44968      4.04369   0.00160193
      3.45113      4.05380   0.00162512
      3.45257      3.95812   0.00167839
      3.45402      3.92636   0.00160634
      3.45547      4.11936   0.00164945
      3.45692      4.10321   0.00158767
      3.45836      4.07161   0.00150423
      3.45981      4.07925   0.00147210
      3.46126      4.09515   0.00148935
      3.46270      4.10796   0.00152704
      3.46415      4.10660   0.00157296
      3.46560      4.05161   0.00159129
      3.46704      4.08104   0.00159290
      3.46849      4.14045   0.00157193
      3.46994      4.09207   0.00150362
      3.47138      4.10740   0.00151489
      3.47283      4.10192   0.00148520
      3.47428      4.12384   0.00152418
      3.47572      4.15295   0.00153406
      3.47717      4.15143   0.00156427
      3.47862      4.17049   0.00156732
      3.48006      4.17882   0.00157385
      3.48151      4.18217   0.00150579
      3.48296      4.22004   0.00152044
      3.48440      4.22727   0.00150121
      3.48585      4.26477   0.00151329
      3.48730      4.27484   0.00152512
      3.48874      4.28768   0.00154137
      3.49019      4.28858   0.00154251
      3.49163      4.29401   0.00153972
      3.49308      4.31721   0.00149936
      3.49453      4.31375   0.00150101
      3.49597      4.33929   0.00146844
      3.49742      4.35775   0.00147907
      3.49886      4.37759   0.00148428
      3.50031      4.37365   0.00148050
      3.50176      4.32425   0.00148715
      3.50320      4.37352   0.00149761
      3.50465      4.37353   0.00148548
      3.50609      4.42862   0.00151231
      3.50754      4.45817   0.00148792
      3.50898      4.41436   0.00147119
      3.51043      4.38890   0.00148430
      3.51188      4.42101   0.00147215
      3.51332      4.43165   0.00148783
      3.51477      4.52294   0.00149035
      3.51621      4.37096   0.00148367
      3.51766      4.27406   0.00143612
      3.51910      4.46180   0.00146518
      3.52055      4.62395   0.00148135
      3.52199      4.52862   0.00145770
      3.52344      4.55900   0.00146904
      3.52488      4.56665   0.00145073
      3.52633      4.52372   0.00146388
      3.52777      4.49918   0.00148540
      3.52922      4.54297   0.00149636
      3.53066      4.57510   0.00147430
      3.53211      4.59483   0.00153079
      3.53355      4.61369   0.00150877
      3.53500      4.58427   0.00148989
      3.53644      4.61466   0.00153313
      3.53789      4.69654   0.00157716
      3.53933      4.66868   0.00153872
      3.54077      4.67315   0.00155681
      3.54222      4.70788   0.00159211
      3.54366      4.74959   0.00159496
      3.54511      4.77331   0.00156566
      3.54655      4.77265   0.00155201
      3.54800      4.76473   0.00151825
      3.54944      4.77617   0.00151575
      3.55088      4.79837   0.00151444
      3.55233      4.81044   0.00151782
      3.55377      4.77145   0.00152324
      3.55522      4.83533   0.00150511
      3.55666      4.87387   0.00149343
      3.55810      4.84830   0.00148838
      3.55955      4.82091   0.00151966
      3.56099      4.89185   0.00150095
      3.56243      4.94684   0.00153776
      3.56388      4.95463   0.00151313
      3.56532      4.93309   0.00153427
      3.56677      4.95060   0.00152886
      3.56821      4.98438   0.00153581
      3.56965      5.03053   0.00149904
      3.57109      5.05971   0.00157251
      3.57254      5.09632   0.00161267
      3.57398      5.08331   0.00159163
      3.57542      5.10973   0.00160219
      3.57687      5.12776   0.00157761
      3.57831      5.12715   0.00153986
      3.57975      5.11216   0.00154456
      3.58120      5.10689   0.00153212
      3.58264      5.12429   0.00154874
      3.58408      5.16810   0.00157374
      3.58552      5.14234   0.00153740
      3.58697      5.16635   0.00154664
      3.58841      5.19208   0.00158053
      3.58985      5.22234   0.00156485
      3.59129      5.20621   0.00153413
      3.59274      5.18420   0.00151900
      3.59418      5.20266   0.00151449
      3.59562      5.23644   0.00153544
      3.59706      5.13168   0.00150193
      3.59851      5.30404   0.00150951
      3.59995      5.30706   0.00152287
      3.60139      5.27790   0.00152631
      3.60283      5.29848   0.00154722
      3.60427      5.36159   0.00154977
      3.60571      5.30387   0.00157293
      3.60716      5.33782   0.00155331
      3.60860      5.51877   0.00161175
      3.61004      5.47524   0.00160490
      3.61148      5.36254   0.00156916
      3.61292      5.30106   0.00158821
      3.61436      5.39763   0.00154834
      3.61580      5.42666   0.00159435
      3.61725      5.35419   0.00151166
      3.61869      5.38722   0.00157243
      3.62013      5.41507   0.00155445
      3.62157      5.45059   0.00156217
      3.62301      5.36825   0.00152683
      3.62445      5.46649   0.00155994
      3.62589      5.57574   0.00161962
      3.62733      5.35784   0.00159570
      3.62877      5.36320   0.00157689
      3.63021      5.61323   0.00157035
      3.63165      5.52685   0.00151915
      3.63309      5.49375   0.00157893
      3.63453      5.50680   0.00152893
      3.63597      5.51224   0.00153046
      3.63742      5.48351   0.00156888
      3.63886      5.59260   0.00154766
      3.64030      5.54958   0.00159713
      3.64174      5.51635   0.00155833
      3.64318      5.67798   0.00155996
      3.64461      5.64036   0.00155523
      3.64605      5.64357   0.00159486
      3.64749      5.62939   0.00157678
      3.64893      5.67290   0.00162100
      3.65037      5.76214   0.00157838
      3.65181      5.50181   0.00150285
      3.65325      5.60225   0.00153369
      3.65469      5.61607   0.00149120
      3.65613      5.74109   0.00155336
      3.65757      5.67247   0.00153771
      3.65901      5.57066   0.00148979
      3.66045      5.69206   0.00149006
      3.66189      5.78575   0.00153206
      3.66333      5.74174   0.00153201
      3.66476      5.74899   0.00155014
      3.66620      5.75532   0.00157485
      3.66764      5.69391   0.00157766
      3.66908      5.73526   0.00163063
      3.67052      5.81572   0.00159978
      3.67196      5.78945   0.00157360
      3.67339      5.87283   0.00165947
      3.67483      5.69975   0.00158885
      3.67627      5.81595   0.00165175
      3.67771      5.84246   0.00162760
      3.67915      5.83925   0.00161335
      3.68058      5.72295   0.00153718
      3.68202      5.85027   0.00158047
      3.68346      5.93730   0.00162930
      3.68490      5.89819   0.00160233
      3.68634      5.91336   0.00162320
      3.68777      5.89436   0.00161692
      3.68921      6.00766   0.00167446
      3.69065      5.84913   0.00159377
      3.69208      5.98420   0.00161961
      3.69352      5.99717   0.00161512
      3.69496      6.01510   0.00160075
      3.69639      6.00290   0.00162725
      3.69783      6.05186   0.00159989
      3.69927      5.94377   0.00158478
      3.70071      5.98651   0.00159317
      3.70214      5.97609   0.00159070
      3.70358      5.98897   0.00160821
      3.70501      6.01816   0.00154128
      3.70645      6.03033   0.00160974
      3.70789      6.03741   0.00162871
      3.70932      5.94476   0.00163058
      3.71076      6.02912   0.00166958
      3.71219      6.12391   0.00160875
      3.71363      5.94849   0.00165160
      3.71507      6.03258   0.00160626
      3.71650      6.05670   0.00161484
      3.71794      6.05070   0.00161378
      3.71937      6.06472   0.00160789
      3.72081      6.09215   0.00162224
      3.72224      6.11390   0.00161760
      3.72368      6.16522   0.00157096
      3.72511      6.21203   0.00164364
      3.72655      6.21406   0.00164561
      3.72798      6.22276   0.00166141
      3.72942      6.26527   0.00171685
      3.73085      6.22156   0.00170288
      3.73229      6.48338   0.00171044
      3.73372      6.47002   0.00174934
      3.73516      6.56753   0.00179435
      3.73659      6.70757   0.00179120
      3.73803      6.93112   0.00185013
      3.73946      7.25652   0.00177187
      3.74089      7.61027   0.00193368
      3.74233      7.52944   0.00190365
      3.74376      7.25001   0.00186295
      3.74520      6.91075   0.00179538
      3.74663      6.70066   0.00173205
      3.74806      6.62875   0.00174856
      3.74950      6.60553   0.00176896
      3.75093      6.57501   0.00177566
      3.75236      6.51356   0.00168683
      3.75380      6.48733   0.00172799
      3.75523      6.39361   0.00173023
      3.75666      6.33122   0.00171767
      3.75810      6.40472   0.00169649
      3.75953      6.39290   0.00173454
      3.76096      6.40365   0.00170876
      3.76239      6.50688   0.00177330
      3.76383      6.39993   0.00174030
      3.76526      6.41403   0.00174013
      3.76669      6.40050   0.00174709
      3.76812      6.45172   0.00174204
      3.76956      6.42736   0.00166877
      3.77099      6.45241   0.00176242
      3.77242      6.54264   0.00175637
      3.77385      6.46867   0.00182293
      3.77528      6.27565   0.00170060
      3.77671      6.39623   0.00175104
      3.77815      6.43701   0.00174053
      3.77958      6.56331   0.00175234
      3.78101      6.44217   0.00174229
      3.78244      6.46106   0.00177455
      3.78387      6.45652   0.00177087
      3.78530      6.48022   0.00178912
      3.78673      6.46472   0.00178801
      3.78816      6.49738   0.00182691
      3.78959      6.48053   0.00178399
      3.79102      6.52820   0.00177399
      3.79246      6.48043   0.00180609
      3.79389      6.52620   0.00177552
      3.79532      6.50841   0.00177624
      3.79675      6.52261   0.00178983
      3.79818      6.55819   0.00176300
      3.79961      6.57667   0.00175860
      3.80104      6.54978   0.00176486
      3.80247      6.57442   0.00175356
      3.80390      6.56006   0.00175959
      3.80532      6.58880   0.00180646
      3.80675      6.68084   0.00182387
      3.80818      6.81242   0.00181803
      3.80961      6.42464   0.00179098
      3.81104      6.38490   0.00174368
      3.81247      6.62433   0.00179850
      3.81390      6.63266   0.00181174
      3.81533      6.75631   0.00185610
      3.81676      6.75605   0.00180868
      3.81819      6.76349   0.00175198
      3.81961      6.84296   0.00177447
      3.82104      6.83568   0.00184624
      3.82247      6.86141   0.00178660
      3.82390      6.78272   0.00175693
      3.82533      6.78194   0.00178976
      3.82675      6.69875   0.00180976
      3.82818      6.62188   0.00180063
      3.82961      6.86447   0.00185272
      3.83104      6.78511   0.00182055
      3.83246      6.76431   0.00186511
      3.83389      6.78100   0.00183083
      3.83532      6.74289   0.00180224
      3.83675      6.81358   0.00183902
      3.83817      6.70797   0.00177319
      3.83960      6.76783   0.00176552
      3.84103      6.74807   0.00178977
      3.84245      6.80455   0.00189996
      3.84388      6.77620   0.00179525
      3.84531      6.84041   0.00183278
      3.84673      6.78915   0.00184104
      3.84816      6.80798   0.00184418
      3.84958      6.76801   0.00188423
      3.85101      6.86512   0.00187609
      3.85244      6.86197   0.00186196
      3.85386      6.87665   0.00187527
      3.85529      6.86186   0.00190572
      3.85671      6.93345   0.00196185
      3.85814      6.88059   0.00190812
      3.85956      6.96040   0.00192876
      3.86099      6.92857   0.00191162
      3.86241      6.96622   0.00196492
      3.86384      6.96714   0.00184908
      3.86526      7.01825   0.00200665
      3.86669      7.02333   0.00200649
      3.86811      7.17265   0.00205282
      3.86954      7.05267   0.00201208
      3.87096      7.13525   0.00205979
      3.87239      7.13581   0.00211803
      3.87381      7.15411   0.00208773
      3.87523      7.03506   0.00208124
      3.87666      7.15546   0.00209617
      3.87808      7.13212   0.00216728
      3.87950      7.20574   0.00219566
      3.88093      7.06807   0.00215274
      3.88235      7.16597   0.00218019
      3.88377      7.11792   0.00228445
      3.88520      7.22913   0.00216832
      3.88662      7.13664   0.00215795
      3.88804      7.28079   0.00220303
      3.88947      7.20040   0.00213791
      3.89089      7.25856   0.00222341
      3.89231      7.19961   0.00221835
      3.89373      7.30833   0.00221389
      3.89516      7.19530   0.00211645
      3.89658      7.40409   0.00226403
      3.89800      7.12091   0.00210956
      3.89942      7.11405   0.00202418
      3.90084      7.29330   0.00207421
      3.90226      7.33256   0.00219958
      3.90369      7.26831   0.00210997
      3.90511      7.36876   0.00215022
      3.90653      7.41113   0.00214592
      3.90795      7.56320   0.00220099
      3.90937      7.54289   0.00226254
      3.91079      7.45646   0.00223279
      3.91221      7.38201   0.00224089
      3.91363      7.40968   0.00221598
      3.91505      7.31537   0.00222552
      3.91647      7.39150   0.00226281
      3.91789      7.51073   0.00242372
      3.91931      7.02969   0.00216327
      3.92073      7.26350   0.00215807
      3.92215      7.33247   0.00219044
      3.92357      7.31414   0.00222208
      3.92499      7.29626   0.00222702
      3.92641      7.26542   0.00221563
      3.92783      7.30576   0.00221651
      3.92925      7.30211   0.00229044
      3.93067      7.34075   0.00219187
      3.93209      7.25612   0.00215820
      3.93351      7.27487   0.00222681
      3.93492      7.29774   0.00212624
      3.93634      7.21494   0.00209435
      3.93776      7.32684   0.00216797
      3.93918      7.34292   0.00217075
      3.94060      7.27210   0.00210463
      3.94202      7.28567   0.00214136
      3.94343      7.34234   0.00214643
      3.94485      7.22468   0.00204811
      3.94627      7.22686   0.00214486
      3.94769      7.28213   0.00213542
      3.94910      7.28178   0.00212596
      3.95052      7.29029   0.00210738
      3.95194      7.41934   0.00211367
      3.95335      7.22653   0.00210220
      3.95477      7.23900   0.00203873
      3.95619      7.26875   0.00215221
      3.95760      7.38984   0.00208530
      3.95902      7.39160   0.00204057
      3.96044      7.30451   0.00213367
      3.96185      7.36584   0.00208938
      3.96327      7.35761   0.00210151
      3.96468      7.34798   0.00214318
      3.96610      7.34543   0.00215664
      3.96751      7.36939   0.00213424
      3.96893      7.43268   0.00213066
      3.97035      7.46263   0.00215170
      3.97176      7.41643   0.00218468
      3.97318      7.40691   0.00224112
      3.97459      7.48045   0.00217640
      3.97600      7.47235   0.00220686
      3.97742      7.50155   0.00228464
      3.97883      7.41722   0.00214906
      3.98025      7.51759   0.00216536
      3.98166      7.49547   0.00217879
      3.98308      7.57346   0.00220924
      3.98449      7.49909   0.00217963
      3.98590      7.57872   0.00221123
      3.98732      7.66963   0.00214849
      3.98873      7.56617   0.00224301
      3.99014      7.60372   0.00221762
      3.99156      7.67811   0.00225063
      3.99297      7.80786   0.00232770
      3.99438      7.57696   0.00225958
      3.99580      7.07081   0.00212076
      3.99721      7.79816   0.00234122
      3.99862      7.54370   0.00224944
      4.00003      7.88760   0.00230736
      4.00144      7.81365   0.00230505
      4.00286      7.75145   0.00228205
      4.00427      7.68652   0.00224552
      4.00568      7.73086   0.00234185
      4.00709      7.70737   0.00235056
      4.00850      7.81265   0.00234356
      4.00991      7.72221   0.00238812
      4.01132      7.81583   0.00247047
      4.01274      7.81702   0.00241216
      4.01415      7.88561   0.00251999
      4.01556      7.97916   0.00243591
      4.01697      7.99285   0.00257004
      4.01838      7.91158   0.00244890
      4.01979      8.14929   0.00253777
      4.02120      8.08649   0.00251490
      4.02261      8.21314   0.00258131
      4.02402      8.16050   0.00260097
      4.02543      8.21033   0.00268372
      4.02684      7.94405   0.00251108
      4.02825      8.05475   0.00262307
      4.02966      7.90978   0.00257315
      4.03106      7.95572   0.00261099
      4.03247      8.09235   0.00265324
      4.03388      8.09129   0.00269995
      4.03529      8.00367   0.00258192
      4.03670      8.20264   0.00276420
      4.03811      8.03825   0.00267718
      4.03952      8.04530   0.00259233
      4.04092      7.98969   0.00258561
      4.04233      8.15531   0.00281904
      4.04374      8.10878   0.00283564
      4.04515      8.28868   0.00288152
      4.04655      8.34314   0.00298593
      4.04796      8.76439   0.00305169
      4.04937      8.90770   0.00309745
      4.05077      9.70619   0.00353150
      4.05218      10.5480   0.00386310
      4.05359      10.9975   0.00381012
      4.05499      10.1194   0.00335728
      4.05640      9.30255   0.00314657
      4.05781      8.93564   0.00325415
      4.05921      8.37315   0.00288875
      4.06062      8.19232   0.00294482
      4.06202      8.20858   0.00291023
      4.06343      8.17342   0.00282030
      4.06484      8.19383   0.00287586
      4.06624      8.09324   0.00276881
      4.06765      8.12329   0.00282105
      4.06905      8.19815   0.00290657
      4.07045      8.08391   0.00276059
      4.07186      8.23331   0.00297693
      4.07326      8.19409   0.00283749
      4.07467      8.05004   0.00296078
      4.07607      8.10595   0.00286689
      4.07748      8.10630   0.00283409
      4.07888      8.15224   0.00295309
      4.08028      8.17163   0.00298667
      4.08169      8.17637   0.00310895
      4.08309      8.20851   0.00296547
      4.08449      8.19632   0.00322943
      4.08590      8.26476   0.00319351
      4.08730      8.17547   0.00312344
      4.08870      8.22908   0.00302825
      4.09010      8.13119   0.00317638
      4.09151      8.17342   0.00306016
      4.09291      8.27180   0.00314972
      4.09431      8.24637   0.00309181
      4.09571      8.38187   0.00320733
      4.09711      8.28204   0.00316056
      4.09852      8.23481   0.00314834
      4.09992      8.18619   0.00317591
      4.10132      8.40535   0.00347817
      4.10272      8.37199   0.00331031
      4.10412      8.40880   0.00336138
      4.10552      8.29517   0.00334151
      4.10692      8.36122   0.00334003
      4.10832      8.46559   0.00339226
      4.10972      8.41337   0.00327584
      4.11112      8.51614   0.00347287
      4.11252      8.43717   0.00343168
      4.11392      8.41403   0.00356203
      4.11532      8.26871   0.00336287
      4.11672      8.52310   0.00346650
      4.11812      8.72085   0.00332023
      4.11952      8.63225   0.00370813
      4.12092      8.76679   0.00384541
      4.12232      8.25185   0.00366763
      4.12372      8.68040   0.00380266
      4.12511      8.73254   0.00384324
      4.12651      8.57640   0.00362784
      4.12791      8.92115   0.00378781
      4.12931      8.59723   0.00362007
      4.13071      8.67709   0.00354148
      4.13210      8.76104   0.00388331
      4.13350      8.85299   0.00387748
      4.13490      8.81131   0.00394705
      4.13630      8.72117   0.00394007
      4.13769      8.68381   0.00403536
      4.13909      8.95420   0.00437651
      4.14049      8.88604   0.00413695
      4.14188      8.70043   0.00397913
      4.14328      8.96739   0.00402137
      4.14467      9.04246   0.00424990
      4.14607      8.94026   0.00424745
      4.14747      9.01550   0.00427104
      4.14886      9.03769   0.00412325
      4.15026      9.03520   0.00414071
      4.15165      9.04944   0.00449184
      4.15305      9.15393   0.00436818
      4.15444      9.14800   0.00424277
      4.15584      9.18682   0.00466266
      4.15723      9.37566   0.00471648
      4.15863      9.21203   0.00493492
      4.16002      9.13860   0.00483042
      4.16141      9.37023   0.00499369
      4.16281      9.47235   0.00522813
      4.16420      9.64525   0.00528072
      4.16560      9.67952   0.00548421
      4.16699      9.70647   0.00564952
      4.16838      9.89342   0.00625921
      4.16978      9.89079   0.00649015
      4.17117      10.2637   0.00673900
      4.17256      10.3081   0.00672005
      4.17395      10.3191   0.00721765
      4.17535      10.3642   0.00715504
      4.17674      10.4666   0.00800992
      4.17813      10.2537   0.00853664
      4.17952      10.5662   0.00960558
      4.18091      10.5587    0.0104054
      4.18230      10.9669    0.0132696
      4.18370      10.7807    0.0173351
      4.18509      11.4278    0.0254127
      4.18648      11.9472    0.0419871
      4.18787      12.0106    0.0653323
      4.18926      13.2889     0.172171
      4.19065      12.3339     0.363199
      4.19204      9.73226     0.616506
      4.19343      16.4788      3.33065
      4.19482      12.3682      17.3607
      4.19621     -178.301      17.7684
      4.19760     -185.162     0.921911
      4.19899      7.45877      3.83028
      4.20038      1.83238      2.03193
      4.20177     0.478088      4.25743
      4.20315     -49.0241      5.38161
      4.20454     -16.0270      10.9931
      4.20593     -15.1859      3.50658
      4.20732     -69.8844      48.6131
      4.20871     -8.07472      1.52568
      4.21010     -127.262      40.3199
      4.21148     -9.01922      8.82760
      4.21287     -44.0125      1.80979
      4.21426      2.93494      1.03045
      4.21565     -3.32388      3.45114
      4.21703     -40.2996      13.4231
      4.21842     -1.70796     0.898688
      4.21981      13.8387      1.87490
      4.22119      3.15977      4.96351
      4.22258     -18.2209      4.76069
      4.22396     -55.6743      40.8888
      4.22535     -1.14908      1.24628
      4.22674      1.29229      1.54179
      4.22812      9.27732      4.04118
      4.22951     -34.2360      45.4775
      4.23089      1.26217      3.57631
      4.23228     -1.89424      1.85816
      4.23366     -13.3750      3.37077
      4.23505     -5.81435      3.99593
      4.23643     -10.4788      20.9145
      4.23782     -1.38846      1.08091
      4.23920      1.81425      1.61663
      4.24058      2.11442      1.34504
      4.24197      2.69263      3.72637
      4.24335      2.51533      2.79991
      4.24473      55.3647      92.5154
      4.24612      9.14673      3.27222
      4.24750      2.16942      2.73234
      4.24888     -17.1414      6.95799
      4.25027     0.629727     0.966641
      4.25165      15.5291      329.892
      4.25303      78.2412      10.1712
      4.25441    -0.191016      1.92514
      4.25579      5.03426      5.28200
      4.25718      11.1092      1.45036
      4.25856     -2.34173      6.28367
      4.25994      19.9341      8.30277
      4.26132      0.00000      3.22266
