SOURCE  = HH 46/47 IR                   / Source name
STANDARD= BS 3468                       / Standard name
OBSDATE = 23-08-2002                    / Date of observation
SPOS    = 04:04:43.0  26:18:38.5        / Source position RA,DEC,J2000
STPOS   = 04:38:09.4  12:30:20.1        / Standard position RA,DEC,J2000
STSPT   = B1.5III                       / Standard spectral type
STTEFF  = 21000                         / Standard effective temperature [K]
STMAG   = 3.8                           / Standard magnitude (adopted)
WAVEZP  = 3.45                          / Wavelength zero point [micron]
FLUXZP  = 290                           / Flux zero point [Jy]
SAIRM   =                               / Source mean airmass
STAIRM  =                               / Standard mean airmass
AIRMCORR=                               / Optimal (adopted) airmass correction
SPECRES = ~600                          / Spectral resolution

Created by K. M. Pontoppidan             Mon Mar  8 14:39:32 2004

Wavelength [micron] Flux [Jy] Statistical Error [Jy]

      2.78420      0.00000     0.971719
      2.78576    -0.339182     0.954916
      2.78732    -0.344056     0.940692
      2.78887    -0.346469     0.944050
      2.79043    -0.346672     0.918921
      2.79198    -0.338686     0.873113
      2.79353    -0.280609     0.856788
      2.79508    -0.234758      1.40389
      2.79663    0.0136442      4.94036
      2.79818     0.111646      2.23848
      2.79973   -0.0130908     0.826299
      2.80128   -0.0678445     0.228423
      2.80282   0.00921275     0.102341
      2.80437   -0.0218063    0.0505302
      2.80591  -0.00320237    0.0331880
      2.80745   -0.0303137    0.0317199
      2.80900   -0.0107065    0.0385700
      2.81054   -0.0234004    0.0477702
      2.81208   -0.0318642    0.0514976
      2.81361   -0.0212022    0.0594271
      2.81515   -0.0274646    0.0615081
      2.81669   -0.0116159    0.0348682
      2.81822  -0.00872751    0.0179622
      2.81976   0.00528127    0.0111361
      2.82129  -0.00345347   0.00935613
      2.82282   -0.0116286   0.00862219
      2.82435  -0.00520014   0.00734811
      2.82588    0.0180154   0.00646604
      2.82741    0.0156992   0.00787583
      2.82894    0.0155050    0.0129239
      2.83046    0.0404719    0.0212414
      2.83199    0.0186655    0.0283040
      2.83351    0.0102452    0.0255238
      2.83504    0.0132546    0.0157611
      2.83656   0.00813608   0.00984790
      2.83808   0.00811879   0.00730175
      2.83960   0.00326261   0.00569688
      2.84112   0.00783208   0.00516554
      2.84264   0.00709995   0.00554773
      2.84416    0.0169964   0.00705643
      2.84568    0.0127332   0.00822998
      2.84719   0.00624738   0.00797373
      2.84871  -0.00123027   0.00810023
      2.85022   0.00505830   0.00998466
      2.85173   0.00903096    0.0128832
      2.85325   0.00264250    0.0111750
      2.85476 -2.56923e-05   0.00733642
      2.85627   0.00480639   0.00587442
      2.85778   0.00198491   0.00567505
      2.85929  -0.00264002   0.00498333
      2.86079 -0.000993880   0.00444763
      2.86230   0.00282172   0.00427318
      2.86381   0.00708265   0.00458558
      2.86531 -7.68016e-05   0.00499628
      2.86682   0.00324382   0.00525701
      2.86832   0.00380257   0.00572557
      2.86982   0.00986019   0.00572589
      2.87132    0.0180013   0.00505422
      2.87282   0.00770668   0.00438403
      2.87432   0.00637073   0.00380554
      2.87582   0.00358126   0.00386867
      2.87732   0.00433845   0.00382765
      2.87882 -0.000835307   0.00381962
      2.88032   0.00130205   0.00383499
      2.88181   0.00322187   0.00398580
      2.88331  -0.00173674   0.00394603
      2.88480   0.00415110   0.00426357
      2.88629 -0.000162639   0.00469118
      2.88779  -0.00113730   0.00482908
      2.88928 -0.000865978   0.00437733
      2.89077   0.00160224   0.00401048
      2.89226  0.000688060   0.00349365
      2.89375  0.000111109   0.00331356
      2.89524   0.00280315   0.00306478
      2.89673   0.00400552   0.00315550
      2.89821   0.00379316   0.00345009
      2.89970  0.000237240   0.00439297
      2.90118   0.00622841   0.00473653
      2.90267  -0.00385178   0.00495773
      2.90415   0.00219889   0.00490354
      2.90564  -0.00255276   0.00437695
      2.90712   0.00280200   0.00382798
      2.90860  0.000904006   0.00345912
      2.91008   0.00862716   0.00326774
      2.91156   0.00112141   0.00310512
      2.91304  -0.00315673   0.00326901
      2.91452  -0.00208040   0.00346319
      2.91600 -4.75999e-05   0.00329371
      2.91748  -0.00438592   0.00322400
      2.91896  -0.00114968   0.00321199
      2.92043   0.00275989   0.00350704
      2.92191   0.00627654   0.00429399
      2.92338 -0.000812361   0.00497030
      2.92486 -0.000835212   0.00455043
      2.92633  -0.00139431   0.00380977
      2.92780 -0.000210145   0.00318871
      2.92928  0.000224502   0.00301776
      2.93075  -0.00209438   0.00295475
      2.93222 -8.87907e-05   0.00296163
      2.93369  7.93909e-05   0.00295080
      2.93516 -0.000143774   0.00293097
      2.93663 -5.74526e-05   0.00301789
      2.93810 -0.000645742   0.00335907
      2.93956  0.000108672   0.00349154
      2.94103   0.00214005   0.00352484
      2.94250 -7.80258e-05   0.00369461
      2.94396 -0.000117028   0.00364855
      2.94543  -0.00206282   0.00358913
      2.94690 -6.51031e-05   0.00364290
      2.94836   0.00307337   0.00348564
      2.94982   0.00169343   0.00323660
      2.95129 -1.81333e-06   0.00320623
      2.95275  -0.00149792   0.00314665
      2.95421  0.000677592   0.00336605
      2.95567   0.00561812   0.00344699
      2.95713 -3.71818e-05   0.00341832
      2.95859 -0.000625498   0.00310898
      2.96005 -0.000428517   0.00305208
      2.96151   0.00158302   0.00299347
      2.96297   0.00328906   0.00294417
      2.96443 -0.000489071   0.00284186
      2.96589 -0.000249640   0.00286234
      2.96734  -0.00303902   0.00292624
      2.96880 -0.000352455   0.00335274
      2.97026   0.00311847   0.00378608
      2.97171   0.00263950   0.00442311
      2.97317  2.10713e-06   0.00459725
      2.97462  -0.00287045   0.00453360
      2.97607  -0.00195967   0.00393867
      2.97753   0.00187726   0.00370213
      2.97898  0.000154089   0.00365343
      2.98043   0.00689488   0.00348377
      2.98189   0.00185229   0.00347868
      2.98334 -0.000786128   0.00327861
      2.98479   0.00114397   0.00306396
      2.98624 -0.000125420   0.00291960
      2.98769 -0.000503077   0.00271358
      2.98914 -0.000476463   0.00272941
      2.99059  0.000664037   0.00266287
      2.99204  9.05932e-05   0.00269618
      2.99348 -0.000322677   0.00274163
      2.99493 -0.000763328   0.00277931
      2.99638 -0.000615409   0.00295980
      2.99783  0.000504477   0.00319188
      2.99927   0.00140588   0.00306664
      3.00072 -0.000911495   0.00292734
      3.00216 -0.000365323   0.00270573
      3.00361   0.00208883   0.00270662
      3.00505  -0.00328669   0.00286600
      3.00650  -0.00316651   0.00303542
      3.00794  0.000335878   0.00334787
      3.00938  0.000165852   0.00320269
      3.01083   0.00133318   0.00298065
      3.01227   0.00205238   0.00277025
      3.01371   0.00159324   0.00282674
      3.01515  -0.00124053   0.00267662
      3.01660   0.00230321   0.00274676
      3.01804   0.00225414   0.00287157
      3.01948  6.44152e-06   0.00320696
      3.02092  -0.00153147   0.00342579
      3.02236  -0.00152853   0.00344261
      3.02380   0.00167295   0.00339003
      3.02524  -0.00126630   0.00307388
      3.02668  -0.00214328   0.00286198
      3.02811 -0.000891543   0.00271279
      3.02955 -0.000741902   0.00275866
      3.03099  -0.00334856   0.00275452
      3.03243 -2.69780e-05   0.00297132
      3.03386   0.00186112   0.00316493
      3.03530   0.00218369   0.00316445
      3.03674 -0.000552492   0.00349321
      3.03817  -0.00186706   0.00371133
      3.03961   0.00123593   0.00366663
      3.04105  0.000153862   0.00350650
      3.04248  0.000185123   0.00327588
      3.04392   0.00452020   0.00294423
      3.04535   0.00215199   0.00300680
      3.04678   0.00229700   0.00299709
      3.04822  -0.00360122   0.00316081
      3.04965  -0.00206311   0.00322443
      3.05109  -0.00209120   0.00348361
      3.05252  -0.00363035   0.00359062
      3.05395 -0.000647854   0.00404458
      3.05538   0.00166994   0.00405434
      3.05682   0.00152236   0.00378890
      3.05825   0.00205852   0.00321448
      3.05968  0.000318090   0.00298134
      3.06111   0.00157939   0.00285303
      3.06254   0.00274138   0.00293212
      3.06397 -0.000573000   0.00306578
      3.06540 -0.000844649   0.00305656
      3.06683   0.00257125   0.00301123
      3.06826  -0.00119628   0.00313860
      3.06969  -0.00137439   0.00333498
      3.07112  0.000865694   0.00339370
      3.07255  0.000761294   0.00345796
      3.07398  0.000294471   0.00340835
      3.07541   0.00112670   0.00296509
      3.07684 -0.000768228   0.00262748
      3.07827  -0.00133317   0.00276823
      3.07970  0.000576033   0.00286945
      3.08113  0.000462130   0.00308433
      3.08255   0.00212592   0.00344094
      3.08398  -0.00201218   0.00349639
      3.08541  0.000182236   0.00324106
      3.08684  -0.00203954   0.00318871
      3.08826  -0.00167040   0.00304682
      3.08969  -0.00141330   0.00315325
      3.09112 -0.000333844   0.00300060
      3.09254  0.000896410   0.00316309
      3.09397  0.000419166   0.00325985
      3.09540 -0.000808706   0.00347470
      3.09682  -0.00189924   0.00330592
      3.09825 -0.000545275   0.00326078
      3.09967  -0.00154825   0.00302164
      3.10110   0.00144430   0.00291334
      3.10252  0.000272167   0.00287560
      3.10395  -0.00399435   0.00299661
      3.10537   0.00154960   0.00340981
      3.10680   0.00177205   0.00362499
      3.10822   0.00154715   0.00335726
      3.10965   0.00240786   0.00334824
      3.11107 -0.000189922   0.00315866
      3.11250   0.00178861   0.00331840
      3.11392  -0.00791707   0.00302973
      3.11534  -0.00130960   0.00304733
      3.11677  -0.00220317   0.00280277
      3.11819 -0.000782109   0.00271123
      3.11961 -0.000646078   0.00246935
      3.12104   0.00233554   0.00235349
      3.12246  0.000570205   0.00239218
      3.12388  0.000945852   0.00264411
      3.12531 -0.000482159   0.00296669
      3.12673  -0.00200876   0.00329657
      3.12815  -0.00381662   0.00359792
      3.12958  -0.00287356   0.00304193
      3.13100 -6.99088e-05   0.00268705
      3.13242   0.00184826   0.00243389
      3.13384   0.00419827   0.00228834
      3.13526  -0.00275872   0.00234711
      3.13669  -0.00148529   0.00243715
      3.13811  7.10626e-05   0.00259706
      3.13953   0.00694384   0.00303696
      3.14095  0.000375629   0.00300699
      3.14237  0.000786394   0.00270996
      3.14380   0.00183722   0.00269657
      3.14522   0.00236853   0.00307964
      3.14664 -4.21468e-05   0.00311308
      3.14806  0.000150796   0.00290571
      3.14948   0.00143421   0.00252098
      3.15090   0.00228267   0.00246462
      3.15232   0.00312551   0.00245946
      3.15375   0.00169612   0.00255109
      3.15517   0.00189841   0.00259545
      3.15659   0.00183934   0.00277466
      3.15801   0.00367444   0.00271324
      3.15943  0.000683726   0.00246531
      3.16085   0.00105641   0.00227822
      3.16227 -0.000815895   0.00227248
      3.16369  0.000245044   0.00232969
      3.16511   0.00430685   0.00239470
      3.16654   0.00382016   0.00236751
      3.16796   0.00225055   0.00240004
      3.16938   0.00174206   0.00241914
      3.17080   0.00235799   0.00234713
      3.17222  0.000188772   0.00242873
      3.17364  1.63031e-05   0.00258859
      3.17506 -0.000557358   0.00249438
      3.17648   0.00168195   0.00247756
      3.17790   0.00241852   0.00241209
      3.17932 -0.000939530   0.00243705
      3.18074   0.00154501   0.00256334
      3.18216 -0.000309549   0.00261526
      3.18358  0.000586822   0.00266918
      3.18500 -0.000121279   0.00260523
      3.18642  -0.00151358   0.00248562
      3.18785  -0.00219224   0.00255505
      3.18927 -0.000402274   0.00281279
      3.19069   0.00135682   0.00330020
      3.19211 -0.000418312   0.00343129
      3.19353  -0.00147779   0.00302835
      3.19495   0.00245319   0.00304582
      3.19637   0.00127582   0.00333758
      3.19779   0.00357894   0.00372224
      3.19921  -0.00170665   0.00381351
      3.20063  2.14349e-05   0.00389601
      3.20205  -0.00121515   0.00397492
      3.20347   0.00284734   0.00401553
      3.20489   0.00404687   0.00416106
      3.20631   0.00472904   0.00459906
      3.20774   0.00531833   0.00503252
      3.20916   0.00668790   0.00543839
      3.21058  0.000988341   0.00514558
      3.21200   0.00243302   0.00431800
      3.21342   0.00528293   0.00384202
      3.21484  0.000160657   0.00348337
      3.21626  -0.00147760   0.00332647
      3.21768   0.00212967   0.00354580
      3.21910   0.00193370   0.00366253
      3.22053   0.00133552   0.00454501
      3.22195  -0.00142939   0.00489497
      3.22337  0.000695269   0.00494077
      3.22479   0.00283105   0.00437228
      3.22621   0.00184751   0.00423236
      3.22763   0.00171755   0.00456754
      3.22906  -0.00273610   0.00474497
      3.23048   0.00361195   0.00395106
      3.23190 -0.000775719   0.00299239
      3.23332  7.17963e-05   0.00252701
      3.23474   0.00366242   0.00257836
      3.23616   0.00227557   0.00280598
      3.23759   0.00268516   0.00321529
      3.23901   0.00545230   0.00312640
      3.24043  0.000653214   0.00337796
      3.24185   0.00314936   0.00345580
      3.24328  0.000147120   0.00385552
      3.24470   0.00525628   0.00391356
      3.24612   0.00315282   0.00432184
      3.24754  -0.00260210   0.00403312
      3.24897   0.00145473   0.00341349
      3.25039   0.00190635   0.00253904
      3.25181   0.00231856   0.00252288
      3.25324   0.00378710   0.00248064
      3.25466   0.00447058   0.00260765
      3.25608   0.00503882   0.00273719
      3.25751   0.00527412   0.00359917
      3.25893 -8.62905e-05   0.00405370
      3.26035 -0.000981522   0.00407497
      3.26178   0.00279585   0.00314611
      3.26320   0.00321392   0.00290104
      3.26463   0.00277386   0.00288976
      3.26605   0.00475087   0.00329104
      3.26747   0.00225576   0.00364045
      3.26890   0.00614268   0.00414881
      3.27032   0.00326481   0.00350070
      3.27175   0.00516779   0.00287341
      3.27317   0.00570437   0.00253367
      3.27460   0.00435575   0.00265900
      3.27602   0.00364093   0.00285238
      3.27745   0.00159370   0.00311626
      3.27887   0.00318312   0.00297099
      3.28030   0.00381349   0.00255824
      3.28172   0.00559767   0.00237772
      3.28315   0.00701352   0.00228033
      3.28458   0.00655906   0.00224963
      3.28600   0.00639594   0.00240833
      3.28743   0.00673614   0.00250560
      3.28885   0.00697098   0.00268477
      3.29028   0.00473417   0.00293000
      3.29171    0.0107342   0.00337433
      3.29313   0.00761162   0.00374863
      3.29456  0.000144282   0.00432348
      3.29599   0.00202580   0.00446288
      3.29741   0.00578707   0.00398259
      3.29884   0.00747097   0.00357061
      3.30027   0.00601089   0.00310730
      3.30170   0.00197879   0.00292270
      3.30312   0.00559213   0.00306657
      3.30455   0.00789639   0.00296232
      3.30598 -0.000199753   0.00321108
      3.30741 -0.000285655   0.00341090
      3.30884   0.00688191   0.00506038
      3.31026 -9.42565e-05   0.00830319
      3.31169  -0.00489032    0.0153328
      3.31312    0.0127094    0.0282136
      3.31455   0.00578782    0.0261342
      3.31598   0.00793188    0.0153920
      3.31741    0.0111631   0.00840831
      3.31884   0.00585804   0.00590403
      3.32027   0.00716558   0.00442464
      3.32170   0.00615864   0.00374420
      3.32313   0.00685927   0.00355177
      3.32456   0.00592800   0.00318236
      3.32599   0.00636856   0.00326243
      3.32742    0.0101325   0.00318117
      3.32885    0.0107628   0.00252485
      3.33028   0.00887702   0.00249314
      3.33171   0.00961245   0.00262847
      3.33314   0.00856598   0.00262013
      3.33458   0.00977952   0.00263178
      3.33601    0.0105034   0.00275193
      3.33744    0.0100312   0.00280261
      3.33887   0.00923646   0.00294722
      3.34030   0.00958075   0.00288751
      3.34174   0.00923285   0.00313779
      3.34317   0.00921272   0.00304877
      3.34460   0.00337383   0.00296514
      3.34603   0.00884957   0.00257269
      3.34747   0.00564658   0.00252191
      3.34890    0.0110647   0.00257073
      3.35033    0.0116657   0.00271935
      3.35177    0.0105590   0.00298954
      3.35320    0.0109503   0.00349052
      3.35464    0.0104544   0.00340311
      3.35607    0.0123810   0.00308359
      3.35750    0.0141736   0.00265051
      3.35894    0.0117341   0.00286674
      3.36037   0.00919658   0.00288823
      3.36181    0.0111652   0.00280153
      3.36324    0.0119681   0.00290358
      3.36468    0.0102883   0.00326460
      3.36612    0.0101743   0.00305265
      3.36755    0.0121889   0.00304749
      3.36899    0.0106072   0.00265692
      3.37042    0.0125553   0.00267663
      3.37186    0.0150080   0.00261947
      3.37330    0.0127404   0.00278096
      3.37473    0.0112040   0.00288439
      3.37617    0.0142300   0.00351237
      3.37761    0.0146774   0.00325551
      3.37905    0.0129853   0.00330889
      3.38048    0.0117020   0.00273721
      3.38192    0.0113784   0.00290115
      3.38336    0.0138266   0.00263118
      3.38480    0.0133585   0.00274576
      3.38624    0.0131172   0.00261701
      3.38768    0.0119472   0.00352868
      3.38911    0.0113211   0.00328292
      3.39055    0.0129168   0.00300430
      3.39199    0.0151338   0.00242286
      3.39343    0.0141261   0.00254166
      3.39487    0.0138286   0.00244877
      3.39631    0.0140025   0.00249288
      3.39775    0.0135123   0.00263892
      3.39919    0.0125835   0.00333830
      3.40063    0.0110611   0.00359466
      3.40208    0.0141578   0.00365086
      3.40352    0.0132734   0.00284567
      3.40496    0.0140645   0.00296761
      3.40640    0.0142271   0.00272238
      3.40784    0.0138410   0.00279940
      3.40928    0.0124277   0.00260320
      3.41073    0.0133302   0.00310847
      3.41217    0.0143626   0.00325381
      3.41361    0.0145299   0.00326274
      3.41505    0.0142863   0.00256149
      3.41650    0.0135963   0.00262790
      3.41794    0.0144704   0.00244258
      3.41938    0.0160875   0.00247500
      3.42083    0.0144355   0.00254627
      3.42227    0.0132576   0.00300680
      3.42372    0.0168927   0.00332593
      3.42516    0.0146808   0.00327459
      3.42660    0.0161445   0.00270735
      3.42805    0.0159135   0.00256438
      3.42949    0.0151310   0.00235880
      3.43094    0.0149458   0.00247019
      3.43239    0.0154021   0.00233096
      3.43383    0.0166325   0.00257989
      3.43528    0.0168601   0.00264512
      3.43672    0.0175185   0.00287313
      3.43817    0.0152144   0.00260055
      3.43962    0.0167717   0.00249971
      3.44106    0.0164221   0.00234308
      3.44251    0.0187067   0.00241030
      3.44396    0.0178912   0.00226755
      3.44540    0.0153640   0.00236955
      3.44685    0.0147125   0.00258147
      3.44830    0.0157452   0.00279123
      3.44975    0.0175767   0.00254469
      3.45120    0.0157655   0.00256412
      3.45265    0.0174936   0.00232748
      3.45409    0.0186618   0.00219810
      3.45554    0.0199037   0.00213678
      3.45699    0.0186346   0.00217753
      3.45844    0.0205518   0.00227035
      3.45989    0.0191188   0.00234398
      3.46134    0.0169984   0.00245448
      3.46279    0.0176887   0.00246448
      3.46424    0.0194444   0.00239453
      3.46569    0.0185010   0.00219340
      3.46714    0.0194622   0.00222522
      3.46859    0.0198223   0.00222103
      3.47005    0.0204018   0.00223295
      3.47150    0.0224569   0.00230289
      3.47295    0.0206354   0.00238271
      3.47440    0.0197319   0.00237622
      3.47585    0.0223840   0.00231202
      3.47731    0.0226953   0.00227029
      3.47876    0.0200943   0.00220732
      3.48021    0.0218534   0.00219886
      3.48166    0.0221673   0.00222536
      3.48312    0.0219514   0.00226436
      3.48457    0.0228582   0.00217776
      3.48602    0.0237573   0.00228359
      3.48748    0.0231728   0.00226261
      3.48893    0.0217762   0.00224686
      3.49039    0.0244948   0.00217608
      3.49184    0.0261629   0.00220808
      3.49330    0.0246726   0.00225821
      3.49475    0.0232668   0.00218940
      3.49621    0.0250100   0.00216591
      3.49766    0.0261444   0.00219165
      3.49912    0.0239499   0.00232000
      3.50057    0.0260018   0.00227618
      3.50203    0.0259967   0.00226542
      3.50348    0.0262403   0.00220896
      3.50494    0.0264725   0.00224336
      3.50640    0.0271691   0.00214476
      3.50785    0.0272379   0.00208306
      3.50931    0.0267783   0.00212536
      3.51077    0.0274068   0.00214568
      3.51223    0.0261832   0.00215271
      3.51368    0.0293254   0.00209380
      3.51514    0.0300987   0.00210349
      3.51660    0.0306452   0.00203446
      3.51806    0.0295401   0.00206931
      3.51952    0.0300187   0.00199267
      3.52097    0.0296680   0.00229321
      3.52243    0.0284763   0.00222673
      3.52389    0.0291244   0.00216763
      3.52535    0.0296070   0.00222328
      3.52681    0.0290738   0.00252538
      3.52827    0.0306565   0.00214054
      3.52973    0.0304525   0.00214820
      3.53119    0.0296184   0.00214582
      3.53265    0.0295732   0.00213892
      3.53411    0.0302320   0.00217170
      3.53557    0.0296937   0.00213676
      3.53703    0.0318430   0.00227396
      3.53849    0.0323585   0.00220262
      3.53995    0.0326963   0.00220539
      3.54142    0.0347681   0.00208558
      3.54288    0.0337134   0.00210131
      3.54434    0.0332981   0.00217133
      3.54580    0.0333012   0.00220291
      3.54726    0.0335335   0.00212276
      3.54873    0.0345440   0.00201169
      3.55019    0.0354389   0.00220362
      3.55165    0.0355517   0.00217315
      3.55311    0.0359627   0.00209133
      3.55458    0.0368897   0.00201656
      3.55604    0.0198542   0.00207852
      3.55750    0.0376329   0.00206254
      3.55897    0.0399459   0.00214973
      3.56043    0.0388823   0.00210780
      3.56190    0.0392245   0.00212909
      3.56336    0.0399116   0.00217378
      3.56482    0.0412499   0.00211334
      3.56629    0.0414935   0.00208748
      3.56775    0.0414266   0.00223756
      3.56922    0.0431478   0.00211635
      3.57068    0.0418648   0.00207983
      3.57215    0.0416226   0.00214591
      3.57361    0.0423682   0.00218978
      3.57508    0.0425829   0.00211941
      3.57654    0.0436960   0.00215160
      3.57801    0.0434631   0.00208288
      3.57948    0.0438422   0.00217787
      3.58094    0.0437689   0.00214395
      3.58241    0.0455559   0.00213067
      3.58388    0.0456020   0.00209147
      3.58534    0.0458972   0.00216676
      3.58681    0.0468368   0.00213691
      3.58828    0.0458934   0.00217504
      3.58974    0.0481043   0.00209930
      3.59121    0.0468542   0.00222601
      3.59268    0.0485703   0.00211927
      3.59414    0.0486020   0.00199741
      3.59561    0.0496496   0.00204784
      3.59708    0.0500465   0.00210489
      3.59855    0.0494991   0.00206182
      3.60002    0.0499553   0.00208189
      3.60148    0.0502696   0.00209200
      3.60295    0.0496904   0.00216735
      3.60442    0.0493983   0.00211520
      3.60589    0.0499713   0.00216495
      3.60736    0.0501989   0.00217788
      3.60883    0.0520967   0.00217000
      3.61030    0.0531292   0.00206987
      3.61177    0.0550398   0.00210818
      3.61324    0.0544386   0.00208488
      3.61471    0.0544674   0.00213326
      3.61617    0.0535719   0.00206872
      3.61764    0.0546326   0.00204000
      3.61911    0.0560789   0.00202535
      3.62058    0.0556352   0.00210137
      3.62205    0.0555818   0.00208892
      3.62352    0.0552075   0.00212411
      3.62499    0.0562095   0.00210427
      3.62647    0.0561066   0.00216208
      3.62794    0.0569413   0.00205920
      3.62941    0.0586120   0.00217035
      3.63088    0.0587871   0.00200583
      3.63235    0.0614155   0.00208512
      3.63382    0.0602204   0.00201583
      3.63529    0.0597216   0.00203021
      3.63676    0.0606857   0.00201660
      3.63823    0.0600962   0.00204593
      3.63970    0.0611061   0.00201638
      3.64118    0.0620745   0.00211466
      3.64265    0.0618984   0.00207715
      3.64412    0.0614652   0.00216384
      3.64559    0.0596631   0.00203447
      3.64706    0.0626399   0.00207906
      3.64853    0.0641258   0.00209245
      3.65001    0.0651795   0.00203186
      3.65148    0.0648641   0.00198395
      3.65295    0.0650860   0.00207758
      3.65442    0.0655106   0.00205749
      3.65590    0.0665926   0.00205215
      3.65737    0.0666807   0.00206296
      3.65884    0.0675190   0.00201530
      3.66031    0.0673972   0.00208097
      3.66179    0.0679443   0.00206721
      3.66326    0.0679534   0.00221907
      3.66473    0.0671050   0.00201871
      3.66620    0.0663634   0.00205678
      3.66768    0.0682957   0.00215864
      3.66915    0.0697246   0.00213166
      3.67062    0.0712107   0.00208852
      3.67210    0.0698433   0.00216475
      3.67357    0.0701083   0.00213284
      3.67504    0.0709057   0.00209609
      3.67652    0.0717662   0.00209170
      3.67799    0.0716928   0.00209796
      3.67946    0.0714793   0.00221189
      3.68094    0.0738612   0.00201748
      3.68241    0.0736824   0.00206392
      3.68388    0.0728950   0.00217207
      3.68536    0.0718929   0.00218552
      3.68683    0.0724430   0.00209544
      3.68830    0.0713378   0.00214870
      3.68978    0.0749043   0.00205703
      3.69125    0.0746015   0.00206426
      3.69272    0.0760202   0.00209561
      3.69420    0.0762418   0.00208420
      3.69567    0.0761609   0.00200097
      3.69715    0.0755262   0.00216737
      3.69862    0.0779554   0.00195265
      3.70009    0.0793938   0.00211322
      3.70157    0.0808129   0.00212415
      3.70304    0.0798318   0.00211113
      3.70451    0.0799855   0.00207234
      3.70599    0.0791985   0.00207430
      3.70746    0.0782717   0.00210331
      3.70894    0.0786106   0.00208364
      3.71041    0.0798149   0.00210687
      3.71188    0.0818954   0.00210149
      3.71336    0.0829889   0.00210375
      3.71483    0.0819276   0.00219923
      3.71630    0.0822608   0.00206709
      3.71778    0.0807317   0.00208305
      3.71925    0.0803252   0.00213636
      3.72073    0.0821479   0.00206895
      3.72220    0.0838491   0.00201123
      3.72367    0.0868583   0.00209047
      3.72515    0.0853753   0.00215438
      3.72662    0.0854910   0.00214438
      3.72809    0.0873831   0.00213488
      3.72957    0.0859800   0.00220428
      3.73104    0.0879893   0.00224320
      3.73251    0.0881842   0.00206884
      3.73399    0.0900741   0.00204137
      3.73546    0.0877203   0.00211366
      3.73693    0.0894571   0.00205791
      3.73841    0.0903579   0.00205924
      3.73988    0.0912759   0.00198210
      3.74135    0.0911967   0.00218018
      3.74283    0.0915461   0.00207968
      3.74430    0.0908619   0.00217025
      3.74577    0.0911269   0.00205499
      3.74725    0.0921290   0.00212857
      3.74872    0.0922778   0.00207139
      3.75019    0.0916862   0.00210142
      3.75166    0.0912570   0.00210454
      3.75314    0.0931008   0.00214143
      3.75461    0.0950669   0.00217072
      3.75608    0.0936780   0.00221390
      3.75755    0.0946967   0.00217346
      3.75903    0.0905937   0.00224750
      3.76050    0.0923154   0.00219329
      3.76197    0.0952117   0.00220484
      3.76344    0.0968797   0.00208899
      3.76491    0.0967898   0.00224524
      3.76638    0.0966967   0.00225309
      3.76786    0.0957401   0.00235196
      3.76933    0.0962979   0.00225558
      3.77080    0.0956510   0.00226647
      3.77227    0.0984757   0.00233132
      3.77374    0.0970135   0.00232818
      3.77521    0.0975264   0.00216742
      3.77668    0.0965409   0.00229211
      3.77815    0.0988433   0.00229416
      3.77962    0.0999329   0.00223742
      3.78109    0.0999566   0.00224530
      3.78257     0.101134   0.00224619
      3.78404     0.100400   0.00235547
      3.78551     0.100101   0.00228424
      3.78698    0.0991849   0.00227421
      3.78844     0.100657   0.00222572
      3.78991     0.104097   0.00227285
      3.79138     0.102883   0.00228825
      3.79285     0.103039   0.00227754
      3.79432     0.101537   0.00236031
      3.79579     0.105263   0.00222583
      3.79726     0.103763   0.00238036
      3.79873     0.101830   0.00222861
      3.80020     0.103202   0.00224870
      3.80166     0.104040   0.00220004
      3.80313     0.103936   0.00235285
      3.80460     0.105691   0.00230386
      3.80607     0.104841   0.00220855
      3.80754     0.105073   0.00220272
      3.80900     0.107984   0.00236465
      3.81047     0.106641   0.00226996
      3.81194     0.106507   0.00221707
      3.81340     0.109356   0.00228715
      3.81487     0.108952   0.00224431
      3.81634     0.109151   0.00209664
      3.81780     0.107015   0.00218850
      3.81927     0.109345   0.00227846
      3.82073     0.106143   0.00222774
      3.82220     0.105350   0.00223172
      3.82366     0.106659   0.00213917
      3.82513     0.107995   0.00216405
      3.82659     0.108548   0.00232451
      3.82806     0.110570   0.00213753
      3.82952     0.109978   0.00208869
      3.83098     0.113428   0.00221576
      3.83245     0.114168   0.00224632
      3.83391     0.114182   0.00230679
      3.83537     0.109426   0.00218374
      3.83684     0.107590   0.00218200
      3.83830     0.110212   0.00225051
      3.83976     0.111967   0.00213630
      3.84122     0.113116   0.00220975
      3.84269     0.115557   0.00222312
      3.84415     0.115112   0.00230439
      3.84561     0.115552   0.00216415
      3.84707     0.115886   0.00224794
      3.84853     0.114911   0.00236626
      3.84999     0.114737   0.00236054
      3.85145     0.114344   0.00213632
      3.85291     0.111151   0.00219732
      3.85437     0.114237   0.00221710
      3.85583     0.115828   0.00223337
      3.85729     0.115421   0.00221519
      3.85874     0.115473   0.00228501
      3.86020     0.118125   0.00222641
      3.86166     0.116325   0.00226583
      3.86312     0.118495   0.00231492
      3.86457     0.119148   0.00221074
      3.86603     0.118583   0.00230088
      3.86749     0.116803   0.00245874
      3.86894     0.117108   0.00234452
      3.87040     0.117647   0.00248467
      3.87185     0.116802   0.00239853
      3.87331     0.115587   0.00246215
      3.87476     0.114364   0.00242871
      3.87622     0.117515   0.00246758
      3.87767     0.118876   0.00249516
      3.87912     0.116649   0.00252422
      3.88058     0.115134   0.00259486
      3.88203     0.118133   0.00265027
      3.88348     0.118076   0.00264017
      3.88493     0.118923   0.00264680
      3.88639     0.120682   0.00265951
      3.88784     0.119876   0.00268089
      3.88929     0.118310   0.00272728
      3.89074     0.117097   0.00272961
      3.89219     0.119224   0.00287767
      3.89364     0.119294   0.00256189
      3.89509     0.118221   0.00260967
      3.89653     0.121066   0.00255305
      3.89798     0.123091   0.00260175
      3.89943     0.121408   0.00258176
      3.90088     0.124416   0.00269108
      3.90232     0.122733   0.00250964
      3.90377     0.125746   0.00244931
      3.90522     0.125847   0.00241811
      3.90666     0.126964   0.00251342
      3.90811     0.126165   0.00253523
      3.90955     0.126131   0.00258137
      3.91100     0.126933   0.00249562
      3.91244     0.125387   0.00249701
      3.91388     0.128553   0.00261072
      3.91532     0.128251   0.00256185
      3.91677     0.127156   0.00263443
      3.91821     0.125505   0.00267296
      3.91965     0.127515   0.00270621
      3.92109     0.126350   0.00254670
      3.92253     0.127258   0.00267774
      3.92397     0.126051   0.00283264
      3.92541     0.125135   0.00277116
      3.92685     0.128781   0.00255557
      3.92829     0.129263   0.00255083
      3.92972     0.129932   0.00261712
      3.93116     0.131245   0.00271058
      3.93260     0.130921   0.00272167
      3.93403     0.129549   0.00251868
      3.93547     0.129833   0.00254606
      3.93690     0.131356   0.00265832
      3.93834     0.131688   0.00253660
      3.93977     0.131293   0.00241175
      3.94120     0.134104   0.00257366
      3.94264     0.133319   0.00260705
      3.94407     0.132847   0.00252769
      3.94550     0.132207   0.00249178
      3.94693     0.133871   0.00251639
      3.94836     0.133719   0.00252784
      3.94979     0.135185   0.00240999
      3.95122     0.133951   0.00231172
      3.95265     0.133012   0.00244196
      3.95408     0.134257   0.00245869
      3.95550     0.134176   0.00237544
      3.95693     0.136039   0.00246873
      3.95836     0.135278   0.00267846
      3.95978     0.135827   0.00251252
      3.96121     0.135844   0.00240797
      3.96263     0.134707   0.00240870
      3.96405     0.136312   0.00254851
      3.96548     0.135610   0.00250219
      3.96690     0.138440   0.00238810
      3.96832     0.136129   0.00244804
      3.96974     0.137568   0.00241608
      3.97116     0.139000   0.00245787
      3.97258     0.141835   0.00243154
      3.97400     0.137190   0.00230727
      3.97542     0.140499   0.00240639
      3.97684     0.140019   0.00250951
      3.97825     0.141579   0.00236146
      3.97967     0.139016   0.00239231
      3.98109     0.138647   0.00248843
      3.98250     0.136670   0.00246450
      3.98391     0.138671   0.00246189
      3.98533     0.140747   0.00249362
      3.98674     0.140896   0.00244235
      3.98815     0.142067   0.00255059
      3.98956     0.144433   0.00249373
      3.99097     0.142873   0.00240676
      3.99238     0.144063   0.00247535
      3.99379     0.142907   0.00250712
      3.99520     0.144236   0.00246241
      3.99661     0.144530   0.00248630
      3.99801     0.144156   0.00253024
      3.99942     0.143348   0.00266250
      4.00083     0.141020   0.00264439
      4.00223     0.140623   0.00250944
      4.00363     0.146060   0.00257718
      4.00504     0.145354   0.00270262
      4.00644     0.148367   0.00259747
      4.00784     0.147572   0.00248055
      4.00924     0.145139   0.00259642
      4.01064     0.142356   0.00276732
      4.01204     0.145873   0.00267582
      4.01344     0.148313   0.00247112
      4.01483     0.147958   0.00270139
      4.01623     0.149711   0.00268663
      4.01763     0.149718   0.00276868
      4.01902     0.147257   0.00259380
      4.02041     0.150847   0.00267913
      4.02181     0.152570   0.00275752
      4.02320     0.154787   0.00265786
      4.02459     0.153077   0.00262052
      4.02598     0.150399   0.00268259
      4.02737     0.151237   0.00281506
      4.02876     0.149118   0.00276922
      4.03015     0.152170   0.00278453
      4.03153     0.154142   0.00274083
      4.03292     0.153544   0.00283281
      4.03431     0.151418   0.00287361
      4.03569     0.156445   0.00279501
      4.03707     0.154801   0.00306934
      4.03846     0.156032   0.00302907
      4.03984     0.157799   0.00284578
      4.04122     0.159578   0.00300438
      4.04260     0.159286   0.00311771
      4.04398     0.157214   0.00311260
      4.04535     0.157154   0.00303483
      4.04673     0.159916   0.00296899
      4.04811     0.159345   0.00311941
      4.04948     0.158334   0.00305562
      4.05085     0.161148   0.00292724
      4.05223     0.171149   0.00313794
      4.05360     0.179218   0.00318688
      4.05497     0.176074   0.00336868
      4.05634     0.167751   0.00326953
      4.05771     0.159422   0.00328708
      4.05908     0.156857   0.00305354
      4.06044     0.158377   0.00294921
      4.06181     0.158722   0.00295469
      4.06318     0.156699   0.00300531
      4.06454     0.158287   0.00308803
      4.06590     0.159798   0.00341227
      4.06726     0.159545   0.00312542
      4.06862     0.155639   0.00303451
      4.06998     0.155079   0.00313788
      4.07134     0.153735   0.00338795
      4.07270     0.153854   0.00295699
      4.07406     0.155688   0.00303926
      4.07541     0.156624   0.00322472
      4.07677     0.154646   0.00325342
      4.07812     0.157137   0.00323018
      4.07947     0.156160   0.00325018
      4.08082     0.153337   0.00349630
      4.08217     0.154347   0.00326794
      4.08352     0.158790   0.00342881
      4.08487     0.158254   0.00343066
      4.08622     0.155851   0.00325181
      4.08756     0.155656   0.00330535
      4.08891     0.161801   0.00338221
      4.09025     0.161072   0.00345226
      4.09159     0.156511   0.00319112
      4.09294     0.156901   0.00329641
      4.09428     0.153550   0.00356991
      4.09561     0.155215   0.00359480
      4.09695     0.158031   0.00342813
      4.09829     0.154956   0.00351657
      4.09962     0.155360   0.00351217
      4.10096     0.156511   0.00339417
      4.10229     0.149393   0.00357813
      4.10362     0.147472   0.00360509
      4.10495     0.153475   0.00350983
      4.10628     0.156833   0.00351442
      4.10761     0.157454   0.00337511
      4.10894     0.157999   0.00373777
      4.11026     0.161347   0.00380634
      4.11159     0.155709   0.00389529
      4.11291     0.153800   0.00344337
      4.11423     0.160868   0.00355594
      4.11555     0.157447   0.00395320
      4.11687     0.160191   0.00370760
      4.11819     0.155599   0.00368061
      4.11951     0.160359   0.00407470
      4.12082     0.157419   0.00374497
      4.12214     0.160022   0.00393426
      4.12345     0.157276   0.00414120
      4.12476     0.154333   0.00401033
      4.12607     0.156529   0.00382441
      4.12738     0.153275   0.00385422
      4.12869     0.149711   0.00361219
      4.13000     0.153938   0.00428503
      4.13130     0.149665   0.00384136
      4.13260     0.153303   0.00359461
      4.13391     0.158847   0.00370425
      4.13521     0.155772   0.00390774
      4.13651     0.152391   0.00406172
      4.13781     0.154237   0.00421849
      4.13910     0.151908   0.00438073
      4.14040     0.154939   0.00427406
      4.14169     0.154773   0.00396460
      4.14299     0.150709   0.00409185
      4.14428     0.154061   0.00399712
      4.14557     0.155218   0.00431351
      4.14686     0.153939   0.00438395
      4.14814     0.153335   0.00420431
      4.14943     0.154695   0.00412888
      4.15071     0.156399   0.00429076
      4.15200     0.154783   0.00428579
      4.15328     0.150076   0.00446266
      4.15456     0.149241   0.00408719
      4.15584     0.150200   0.00458515
      4.15711     0.151327   0.00463694
      4.15839     0.150783   0.00498577
      4.15966     0.150101   0.00501724
      4.16094     0.146165   0.00524672
      4.16221     0.148590   0.00530178
      4.16348     0.150950   0.00549381
      4.16475     0.152874   0.00536138
      4.16601     0.143640   0.00634802
      4.16728     0.151513   0.00661402
      4.16854     0.144548   0.00665673
      4.16980     0.145060   0.00690970
      4.17106     0.147692   0.00722012
      4.17232     0.153430   0.00781358
      4.17358     0.158481   0.00976797
      4.17484     0.170165    0.0113161
      4.17609     0.184949    0.0146145
      4.17734     0.242271    0.0184400
      4.17860     0.232695    0.0272524
      4.17985     0.288824    0.0471355
      4.18109     0.444885    0.0897932
      4.18234     0.501278     0.185701
      4.18358     0.126356     0.457594
      4.18483     0.131428     0.856741
      4.18607     0.333434     0.769328
      4.18731     0.309866     0.632853
      4.18855     -5.48212      2.67201
      4.18978    -0.305189      3.58904
      4.19102     0.241337      2.59289
      4.19225    0.0533581      1.08678
      4.19348    -0.172453      1.43001
      4.19472     0.262260      4.45951
      4.19594    -0.472724      14.6863
      4.19717    -0.180551      16.3546
      4.19840    0.0523146      5.50423
      4.19962     0.422908      38.8122
      4.20084   -0.0647885      9.34107
      4.20206   -0.0154758      3.62850
      4.20328  -0.00974185      5.86711
      4.20449  -0.00242191     0.781595
      4.20571  -0.00322615      1.32396
      4.20692 -0.000198382      5.11634
      4.20813  9.87840e-05      2.61759
      4.20934  2.70810e-05      7.00171
      4.21055  1.32976e-05      2.57750
      4.21176  1.32268e-06      7.55418
      4.21296  1.72397e-06      4.61724
      4.21416  3.32638e-06      1.32245
      4.21536 -2.19511e-05      4.02688
      4.21656  3.48376e-05      26.8892
      4.21776 -9.48212e-06      22.0003
      4.21895 -2.81097e-05      1.28094
      4.22015 -9.38769e-07      3.79249
      4.22134 -8.22130e-08      1.37736
      4.22253  2.57198e-06     0.362206
      4.22372 -4.05179e-07     0.689568
      4.22490 -3.08525e-06      1.63518
      4.22609 -5.27678e-06      2.36784
      4.22727 -1.44170e-06     0.710681
      4.22845 -7.43570e-06      2.29319
      4.22963 -2.61001e-05      8.62076
      4.23080  2.40253e-07      2.44223
      4.23198 -3.64917e-08     0.706090
      4.23315  1.30809e-06     0.944820
      4.23432  2.01772e-06     0.848139
      4.23549 -2.11698e-05      4.24038
      4.23666  2.35665e-06      20.8145
      4.23782  3.45283e-06      5.11009
      4.23899 -7.76643e-05      1.89741
      4.24015  8.09772e-07      3.93505
      4.24131 -2.94054e-06     0.429331
      4.24246      0.00000     0.878802
