SOURCE  = HH 54 IRS                     / Source name
STANDARD= BS 5041                       / Standard name
OBSDATE = 06-01-2001                    / Date of observation
SPOS    = 12:53:16.9  -77:07:47.7       / Source position RA,DEC,J2000
STPOS   = 13:24:00.2  -64:32:46.1       / Standard position RA,DEC,J2000
STSPT   = G6II                          / Standard spectral type
STTEFF  = 5800                          / Standard effective temperature [K]
STMAG   = 2.53                          / Standard magnitude (adopted)
WAVEZP  = 3.45                          / Wavelength zero point [micron]
FLUXZP  = 290                           / Flux zero point [Jy]
SAIRM   = 1.678                         / Source mean airmass
STAIRM  = 1.62                          / Standard mean airmass
AIRMCORR= 1.0                           / Optimal (adopted) airmass correction
SPECRES = ~600                          / Spectral resolution

Created by E. Dartois and K. Pontoppidan (c)

Wavelength [micron] Flux [Jy] Statistical Error [Jy]

      2.81418      0.00000      3.68568
      2.81559      94.4695      47.9543
      2.81701      70.4567      22.1351
      2.81843      27.0951      3.58300
      2.81985      24.7381     0.774188
      2.82126      24.5515     0.379379
      2.82268      24.6351     0.251422
      2.82410      25.1483     0.198357
      2.82552      23.0003     0.142200
      2.82693      23.1309     0.117475
      2.82835      25.9846     0.115457
      2.82977      25.7112     0.135185
      2.83119      22.4294     0.240373
      2.83260      19.7919     0.723240
      2.83402      23.7153      1.69562
      2.83544      18.9446      1.04407
      2.83686      24.0969     0.453956
      2.83827      24.1959     0.248369
      2.83969      23.1254     0.127321
      2.84111      22.9004    0.0859734
      2.84253      25.3290    0.0776321
      2.84395      25.8434    0.0831802
      2.84536      23.0414     0.121272
      2.84678      21.1087     0.179035
      2.84820      21.5654     0.183690
      2.84962      26.1577     0.189919
      2.85103      25.0928     0.198975
      2.85245      22.7487     0.294172
      2.85387      20.0989     0.222889
      2.85529      22.2500     0.141282
      2.85671      25.2760     0.114166
      2.85812      23.5829    0.0903335
      2.85954      21.5143    0.0719175
      2.86096      23.4563    0.0613586
      2.86238      24.1633    0.0547155
      2.86380      23.6736    0.0577217
      2.86521      23.5096    0.0670186
      2.86663      22.1030    0.0795935
      2.86805      23.6767    0.0956617
      2.86947      24.9194     0.106086
      2.87089      21.9970    0.0791076
      2.87231      21.8700    0.0548763
      2.87372      24.2056    0.0446654
      2.87514      24.6664    0.0419626
      2.87656      22.3225    0.0414203
      2.87798      21.8413    0.0434125
      2.87940      23.1778    0.0421186
      2.88082      23.1309    0.0425705
      2.88223      22.7293    0.0440266
      2.88365      21.8688    0.0457562
      2.88507      23.6520    0.0513190
      2.88649      23.1769    0.0543636
      2.88791      20.4217    0.0522182
      2.88933      22.3909    0.0491806
      2.89074      23.2507    0.0407584
      2.89216      21.8042    0.0341533
      2.89358      22.0925    0.0300650
      2.89500      22.6733    0.0279544
      2.89642      22.7649    0.0294251
      2.89784      22.9430    0.0361053
      2.89926      21.6784    0.0492000
      2.90067      19.3957    0.0635858
      2.90209      22.9150    0.0699889
      2.90351      23.0987    0.0611796
      2.90493      21.4593    0.0531275
      2.90635      22.1964    0.0445954
      2.90777      21.9817    0.0356138
      2.90919      22.0938    0.0311309
      2.91060      22.6306    0.0301553
      2.91202      22.2141    0.0309318
      2.91344      20.8504    0.0319651
      2.91486      21.6849    0.0321643
      2.91628      21.8902    0.0293048
      2.91770      21.6708    0.0289454
      2.91912      22.8775    0.0321613
      2.92054      22.5841    0.0413993
      2.92196      20.0550    0.0557876
      2.92337      19.2390    0.0510289
      2.92479      20.9462    0.0363189
      2.92621      22.1607    0.0286680
      2.92763      22.1659    0.0260344
      2.92905      21.1243    0.0246747
      2.93047      21.1778    0.0247592
      2.93189      21.5834    0.0241476
      2.93331      20.9985    0.0239466
      2.93473      21.4684    0.0250207
      2.93615      21.9005    0.0273582
      2.93757      20.9681    0.0296297
      2.93898      20.4445    0.0313929
      2.94040      21.8102    0.0325119
      2.94182      22.0668    0.0330813
      2.94324      20.3719    0.0326122
      2.94466      21.6248    0.0349450
      2.94608      21.9076    0.0334288
      2.94750      19.8024    0.0303425
      2.94892      21.1107    0.0274492
      2.95034      21.9311    0.0258983
      2.95176      21.8309    0.0278185
      2.95318      20.6152    0.0320197
      2.95460      19.5055    0.0326339
      2.95602      21.2532    0.0301508
      2.95744      21.7298    0.0266306
      2.95886      20.8564    0.0253409
      2.96028      20.9652    0.0250258
      2.96169      21.1240    0.0243172
      2.96311      20.8034    0.0231973
      2.96453      21.2797    0.0236859
      2.96595      21.5440    0.0256407
      2.96737      21.5157    0.0316952
      2.96879      21.2890    0.0425976
      2.97021      20.7272    0.0547697
      2.97163      20.5691    0.0601531
      2.97305      21.6250    0.0548932
      2.97447      21.1994    0.0432373
      2.97589      21.0880    0.0372650
      2.97731      22.2069    0.0355559
      2.97873      21.4715    0.0345528
      2.98015      20.4159    0.0326002
      2.98157      20.9903    0.0290024
      2.98299      21.3764    0.0252186
      2.98441      21.2837    0.0229246
      2.98583      21.2105    0.0217465
      2.98725      21.0837    0.0210842
      2.98867      21.2286    0.0207435
      2.99009      21.4432    0.0212250
      2.99151      21.1940    0.0219669
      2.99293      20.7947    0.0231244
      2.99435      21.3453    0.0248256
      2.99577      21.5604    0.0264839
      2.99719      20.7895    0.0267475
      2.99861      20.9412    0.0249535
      3.00003      21.6061    0.0225928
      3.00145      21.9053    0.0217702
      3.00287      21.5116    0.0227446
      3.00429      21.3787    0.0262700
      3.00571      20.6208    0.0296235
      3.00713      21.2957    0.0308279
      3.00855      21.9208    0.0274226
      3.00997      21.4693    0.0232833
      3.01139      21.9058    0.0218447
      3.01281      21.5584    0.0216153
      3.01423      20.9337    0.0219897
      3.01565      21.7791    0.0239678
      3.01707      21.8875    0.0264115
      3.01849      20.5427    0.0300140
      3.01992      21.7721    0.0351418
      3.02134      21.9152    0.0337316
      3.02276      20.6257    0.0279664
      3.02418      21.8982    0.0241511
      3.02560      22.3090    0.0216775
      3.02702      21.5070    0.0210241
      3.02844      21.4585    0.0218436
      3.02986      21.8832    0.0233711
      3.03128      21.8200    0.0257037
      3.03270      20.7948    0.0283111
      3.03412      22.1197    0.0298585
      3.03554      22.8679    0.0325743
      3.03696      21.6939    0.0350818
      3.03838      22.9885    0.0370822
      3.03980      23.7227    0.0319580
      3.04123      22.4990    0.0267764
      3.04265      22.8440    0.0253764
      3.04407      22.5687    0.0251679
      3.04549      21.4210    0.0260013
      3.04691      22.4357    0.0286320
      3.04833      22.2594    0.0295034
      3.04975      22.0504    0.0327228
      3.05117      22.8125    0.0379222
      3.05259      22.2710    0.0429284
      3.05401      22.0035    0.0465100
      3.05543      22.0136    0.0401036
      3.05686      22.0458    0.0303626
      3.05828      22.2070    0.0246104
      3.05970      22.8538    0.0231520
      3.06112      22.4240    0.0238053
      3.06254      21.7731    0.0256737
      3.06396      22.1111    0.0265383
      3.06538      22.8245    0.0262374
      3.06680      22.3871    0.0257190
      3.06823      22.6661    0.0276099
      3.06965      22.4369    0.0288063
      3.07107      22.6106    0.0311808
      3.07249      22.4354    0.0292771
      3.07391      22.1641    0.0254617
      3.07533      22.8636    0.0222539
      3.07675      22.6077    0.0206390
      3.07818      22.7498    0.0216549
      3.07960      23.1223    0.0253600
      3.08102      22.2753    0.0296431
      3.08244      21.8002    0.0321346
      3.08386      23.6110    0.0309831
      3.08528      23.2673    0.0275053
      3.08670      22.9940    0.0266314
      3.08813      23.6585    0.0270774
      3.08955      22.7273    0.0261523
      3.09097      23.5094    0.0279788
      3.09239      23.6969    0.0292091
      3.09381      23.0018    0.0318785
      3.09523      23.1952    0.0343715
      3.09666      23.3916    0.0340870
      3.09808      23.3795    0.0304684
      3.09950      22.8990    0.0257314
      3.10092      23.4200    0.0238112
      3.10234      23.7986    0.0245879
      3.10377      23.4441    0.0289402
      3.10519      22.6051    0.0346502
      3.10661      22.7569    0.0357340
      3.10803      24.4095    0.0341496
      3.10945      24.4131    0.0332833
      3.11088      23.0882    0.0322605
      3.11230      23.5006    0.0311084
      3.11372      25.2806    0.0307682
      3.11514      23.6881    0.0277201
      3.11656      23.4289    0.0250700
      3.11799      24.2723    0.0216567
      3.11941      24.1537    0.0194576
      3.12083      23.9632    0.0188547
      3.12225      24.0085    0.0198143
      3.12368      24.3679    0.0226640
      3.12510      24.0205    0.0278364
      3.12652      24.1384    0.0358690
      3.12794      23.6895    0.0349233
      3.12936      24.3407    0.0273401
      3.13079      25.2627    0.0222389
      3.13221      24.7996    0.0195140
      3.13363      24.5298    0.0186683
      3.13505      24.5767    0.0185045
      3.13648      24.1476    0.0195753
      3.13790      25.2306    0.0219572
      3.13932      24.1088    0.0241362
      3.14074      24.1664    0.0250754
      3.14217      25.1342    0.0234980
      3.14359      25.5362    0.0235415
      3.14501      25.7402    0.0262234
      3.14644      24.2058    0.0276022
      3.14786      25.2392    0.0268092
      3.14928      25.9554    0.0232132
      3.15070      25.5967    0.0207011
      3.15213      25.8252    0.0202866
      3.15355      25.9671    0.0210458
      3.15497      25.3769    0.0221464
      3.15639      25.4229    0.0230035
      3.15782      25.7255    0.0221662
      3.15924      25.7923    0.0208047
      3.16066      25.7321    0.0194095
      3.16209      25.7406    0.0184324
      3.16351      25.8123    0.0179664
      3.16493      25.9558    0.0182366
      3.16636      25.7648    0.0184360
      3.16778      25.7009    0.0185554
      3.16920      26.0736    0.0185587
      3.17063      26.3609    0.0190286
      3.17205      26.1977    0.0197607
      3.17347      26.1684    0.0207043
      3.17489      26.3994    0.0208161
      3.17632      26.1967    0.0199271
      3.17774      26.6163    0.0191738
      3.17916      26.8824    0.0190764
      3.18059      27.0081    0.0200012
      3.18201      26.6632    0.0212765
      3.18343      26.8793    0.0222005
      3.18486      26.5686    0.0214129
      3.18628      27.0589    0.0205529
      3.18771      27.1047    0.0201472
      3.18913      27.3974    0.0223725
      3.19055      27.5566    0.0275232
      3.19198      26.2628    0.0321484
      3.19340      26.6319    0.0309365
      3.19482      28.1427    0.0281084
      3.19625      28.5984    0.0289194
      3.19767      27.4474    0.0336405
      3.19909      26.5776    0.0403429
      3.20052      29.6295    0.0466618
      3.20194      28.4605    0.0431764
      3.20337      27.3877    0.0429185
      3.20479      29.9977    0.0463972
      3.20621      28.3345    0.0475193
      3.20764      28.2988    0.0596096
      3.20906      29.1629    0.0707664
      3.21048      28.4267    0.0750203
      3.21191      28.0630    0.0628794
      3.21333      29.2785    0.0514012
      3.21476      29.5975    0.0436897
      3.21618      29.2367    0.0401807
      3.21761      28.7947    0.0363682
      3.21903      29.0921    0.0354053
      3.22045      29.4397    0.0388619
      3.22188      29.0924    0.0514314
      3.22330      29.1741    0.0729037
      3.22473      29.4519    0.0708123
      3.22615      28.7169    0.0517975
      3.22757      30.9405    0.0470453
      3.22900      30.9651    0.0504724
      3.23042      28.6401    0.0542209
      3.23185      29.0584    0.0416420
      3.23327      30.1222    0.0295246
      3.23470      30.0063    0.0238097
      3.23612      29.3288    0.0223329
      3.23755      29.6749    0.0243384
      3.23897      29.6970    0.0279623
      3.24039      28.8672    0.0309724
      3.24182      29.9341    0.0322142
      3.24324      30.6808    0.0345181
      3.24467      29.4386    0.0410391
      3.24609      29.9050    0.0532326
      3.24752      31.0421    0.0601111
      3.24894      30.0982    0.0495140
      3.25037      29.4413    0.0347845
      3.25179      30.4722    0.0266312
      3.25322      30.4441    0.0223759
      3.25464      30.1204    0.0209395
      3.25607      29.9008    0.0211071
      3.25749      30.1047    0.0234974
      3.25892      30.2550    0.0295380
      3.26034      29.9317    0.0422624
      3.26177      30.4706    0.0527507
      3.26319      30.6465    0.0418782
      3.26462      31.3002    0.0331425
      3.26604      31.7871    0.0296243
      3.26747      30.6829    0.0302583
      3.26889      30.8792    0.0371333
      3.27032      31.2828    0.0457944
      3.27174      29.7487    0.0421842
      3.27317      31.4162    0.0326377
      3.27459      31.8925    0.0260027
      3.27602      31.3086    0.0237024
      3.27744      31.6542    0.0255727
      3.27887      31.7479    0.0292407
      3.28029      30.4568    0.0295737
      3.28172      31.8876    0.0265983
      3.28314      32.3621    0.0228670
      3.28457      31.9415    0.0210639
      3.28600      31.6787    0.0202908
      3.28742      31.4330    0.0201180
      3.28885      31.6897    0.0210623
      3.29027      31.3140    0.0223368
      3.29170      31.5496    0.0250797
      3.29312      32.8226    0.0297154
      3.29455      32.7928    0.0355433
      3.29597      34.2421    0.0460490
      3.29740      36.2112    0.0568897
      3.29883      33.3346    0.0541639
      3.30025      32.5289    0.0438724
      3.30168      32.8150    0.0342364
      3.30310      33.3683    0.0310749
      3.30453      31.9920    0.0286070
      3.30596      32.1295    0.0286435
      3.30738      32.9135    0.0292114
      3.30881      31.3714    0.0297465
      3.31023      31.3330    0.0340515
      3.31166      32.3394    0.0439179
      3.31309      30.5793    0.0716914
      3.31451      26.9282     0.200808
      3.31594      31.4042     0.513853
      3.31736      31.5892     0.363249
      3.31879      32.0352     0.212422
      3.32022      33.2312     0.124514
      3.32164      32.7578    0.0737976
      3.32307      32.3602    0.0495365
      3.32450      32.5663    0.0391602
      3.32592      33.1871    0.0362206
      3.32735      33.3742    0.0355610
      3.32878      32.3727    0.0313105
      3.33020      33.2042    0.0271219
      3.33163      33.4768    0.0243497
      3.33305      33.0870    0.0235280
      3.33448      32.4805    0.0230119
      3.33591      33.4424    0.0238509
      3.33733      34.0211    0.0252359
      3.33876      33.4678    0.0276330
      3.34019      33.7308    0.0297656
      3.34161      33.5076    0.0286941
      3.34304      33.9200    0.0292821
      3.34447      36.0026    0.0338564
      3.34590      32.5698    0.0311854
      3.34732      33.2378    0.0291110
      3.34875      34.4922    0.0261848
      3.35018      34.0120    0.0244892
      3.35160      33.5695    0.0246111
      3.35303      33.8780    0.0261246
      3.35446      33.9424    0.0298855
      3.35588      33.6972    0.0337661
      3.35731      32.6384    0.0322765
      3.35874      34.3346    0.0304886
      3.36017      34.7472    0.0286629
      3.36159      34.1044    0.0282675
      3.36302      33.6325    0.0270845
      3.36445      33.9515    0.0260086
      3.36587      34.6931    0.0271395
      3.36730      33.9186    0.0287310
      3.36873      33.4835    0.0301794
      3.37016      34.9473    0.0295858
      3.37158      34.3403    0.0263568
      3.37301      34.4868    0.0247885
      3.37444      34.9068    0.0244883
      3.37587      33.8962    0.0243423
      3.37729      34.3434    0.0266100
      3.37872      34.8259    0.0294751
      3.38015      33.4417    0.0305687
      3.38158      34.4194    0.0308066
      3.38300      35.2706    0.0290871
      3.38443      34.6396    0.0269867
      3.38586      34.3896    0.0250520
      3.38729      34.4781    0.0236415
      3.38872      34.6139    0.0243613
      3.39014      34.8860    0.0271906
      3.39157      33.5822    0.0284618
      3.39300      34.7529    0.0281833
      3.39443      35.8042    0.0260338
      3.39586      35.8349    0.0245803
      3.39728      35.6444    0.0236863
      3.39871      35.3573    0.0229442
      3.40014      35.0517    0.0234650
      3.40157      35.6579    0.0268439
      3.40300      34.4360    0.0300051
      3.40442      34.0398    0.0324936
      3.40585      35.6597    0.0323296
      3.40728      35.7895    0.0306044
      3.40871      35.2366    0.0289220
      3.41014      35.3941    0.0274377
      3.41157      35.1511    0.0260227
      3.41299      35.3389    0.0273280
      3.41442      35.7874    0.0298952
      3.41585      34.1944    0.0291023
      3.41728      35.0471    0.0272647
      3.41871      35.6346    0.0249531
      3.42014      35.2551    0.0235203
      3.42157      35.2517    0.0233242
      3.42299      34.9873    0.0234697
      3.42442      34.9419    0.0248218
      3.42585      35.4346    0.0279852
      3.42728      34.7641    0.0294145
      3.42871      34.6163    0.0277142
      3.43014      35.8909    0.0257124
      3.43157      35.8853    0.0239763
      3.43300      35.4934    0.0234289
      3.43443      35.4253    0.0232202
      3.43585      35.1973    0.0229448
      3.43728      35.4791    0.0240549
      3.43871      35.5326    0.0256872
      3.44014      35.1237    0.0260580
      3.44157      35.5879    0.0252399
      3.44300      36.0938    0.0240944
      3.44443      35.9949    0.0233758
      3.44586      35.8408    0.0232996
      3.44729      35.5767    0.0230092
      3.44872      35.5838    0.0231111
      3.45015      35.9617    0.0240777
      3.45158      35.8019    0.0252599
      3.45300      35.8492    0.0259602
      3.45443      36.2023    0.0251760
      3.45586      36.6362    0.0240886
      3.45729      36.4979    0.0229610
      3.45872      36.3654    0.0225717
      3.46015      36.1670    0.0224429
      3.46158      36.0421    0.0227898
      3.46301      36.1944    0.0238048
      3.46444      36.1500    0.0246454
      3.46587      36.0949    0.0244423
      3.46730      36.6122    0.0236739
      3.46873      36.5933    0.0227687
      3.47016      36.5829    0.0226349
      3.47159      36.4635    0.0227836
      3.47302      36.3540    0.0229836
      3.47445      36.3945    0.0232988
      3.47588      36.4646    0.0237640
      3.47731      36.2395    0.0237900
      3.47874      36.3500    0.0236111
      3.48017      36.8240    0.0233482
      3.48160      37.0082    0.0230911
      3.48303      36.8839    0.0228757
      3.48446      36.8353    0.0229716
      3.48589      36.7260    0.0231860
      3.48732      36.7653    0.0235961
      3.48875      36.7614    0.0237894
      3.49018      36.8321    0.0238371
      3.49161      36.9739    0.0236446
      3.49304      37.0981    0.0233104
      3.49447      37.2250    0.0230605
      3.49590      37.3253    0.0230514
      3.49734      37.3603    0.0231321
      3.49877      37.5160    0.0233422
      3.50020      37.8303    0.0236300
      3.50163      37.8971    0.0238221
      3.50306      37.3490    0.0233969
      3.50449      37.4250    0.0232132
      3.50592      37.5684    0.0229994
      3.50735      37.5718    0.0230062
      3.50878      37.5975    0.0231453
      3.51021      37.5569    0.0231883
      3.51164      37.7808    0.0232025
      3.51307      37.8905    0.0231947
      3.51451      38.0807    0.0233565
      3.51594      37.9837    0.0230792
      3.51737      38.1182    0.0232068
      3.51880      38.1981    0.0232866
      3.52023      38.2852    0.0233461
      3.52166      38.3454    0.0233427
      3.52309      38.2846    0.0232350
      3.52452      38.2594    0.0233528
      3.52596      38.1198    0.0233876
      3.52739      38.1506    0.0236484
      3.52882      38.2128    0.0235488
      3.53025      38.2326    0.0237639
      3.53168      38.2498    0.0241457
      3.53311      38.5492    0.0248964
      3.53454      38.0819    0.0248194
      3.53598      38.4714    0.0254130
      3.53741      38.8325    0.0256826
      3.53884      38.5563    0.0258008
      3.54027      38.6854    0.0262056
      3.54170      38.7962    0.0260475
      3.54313      38.9090    0.0257701
      3.54457      38.8951    0.0256583
      3.54600      38.6626    0.0253417
      3.54743      38.7559    0.0251133
      3.54886      38.6200    0.0246822
      3.55029      38.6588    0.0246643
      3.55173      38.6795    0.0247941
      3.55316      38.6568    0.0248373
      3.55459      38.7025    0.0247340
      3.55602      38.9068    0.0246835
      3.55746      38.9083    0.0246791
      3.55889      38.7194    0.0245492
      3.56032      38.7965    0.0244232
      3.56175      38.8721    0.0244553
      3.56318      38.7254    0.0246808
      3.56462      38.5470    0.0250380
      3.56605      38.6544    0.0252780
      3.56748      38.8781    0.0254653
      3.56891      39.0284    0.0255671
      3.57035      39.2500    0.0259929
      3.57178      39.2575    0.0263243
      3.57321      39.2170    0.0266174
      3.57465      39.3769    0.0264528
      3.57608      39.4102    0.0259595
      3.57751      39.3484    0.0256336
      3.57894      39.4256    0.0259358
      3.58038      39.1444    0.0258683
      3.58181      39.6263    0.0261600
      3.58324      39.6071    0.0261410
      3.58468      39.5879    0.0262905
      3.58611      39.5327    0.0261638
      3.58754      39.7859    0.0261782
      3.58898      39.9755    0.0261608
      3.59041      39.8873    0.0261636
      3.59184      39.7576    0.0260008
      3.59327      39.8052    0.0258560
      3.59471      39.9088    0.0256988
      3.59614      39.8704    0.0256067
      3.59757      39.9041    0.0256011
      3.59901      39.6579    0.0252892
      3.60044      39.8572    0.0253695
      3.60188      40.0624    0.0255404
      3.60331      40.1496    0.0259146
      3.60474      40.3214    0.0267457
      3.60618      40.2595    0.0269160
      3.60761      40.1730    0.0266104
      3.60904      40.3848    0.0263296
      3.61048      40.3863    0.0262755
      3.61191      40.2624    0.0262342
      3.61334      40.2914    0.0261487
      3.61478      40.3220    0.0258940
      3.61621      40.4005    0.0258794
      3.61765      40.4649    0.0258431
      3.61908      40.5230    0.0258129
      3.62051      40.5546    0.0257637
      3.62195      40.6699    0.0259115
      3.62338      40.7489    0.0263176
      3.62482      40.6934    0.0267697
      3.62625      40.3788    0.0266461
      3.62769      40.3282    0.0263926
      3.62912      40.9338    0.0265767
      3.63055      40.8794    0.0264244
      3.63199      41.1454    0.0266983
      3.63342      41.1676    0.0267578
      3.63486      41.0663    0.0266495
      3.63629      41.1939    0.0266436
      3.63773      41.4115    0.0267134
      3.63916      41.4806    0.0267789
      3.64060      41.5975    0.0269351
      3.64203      41.4997    0.0268070
      3.64347      41.6572    0.0273157
      3.64490      41.6162    0.0279302
      3.64634      41.3989    0.0281123
      3.64777      41.4643    0.0278125
      3.64921      41.5572    0.0273428
      3.65064      41.4278    0.0271580
      3.65208      41.4983    0.0271563
      3.65351      41.4926    0.0270745
      3.65495      41.5038    0.0270005
      3.65638      41.6587    0.0270723
      3.65782      41.8640    0.0272045
      3.65925      41.9058    0.0273346
      3.66069      41.8899    0.0273114
      3.66212      41.5383    0.0270614
      3.66356      41.6043    0.0274010
      3.66499      41.8042    0.0282164
      3.66643      41.5305    0.0284894
      3.66786      41.6108    0.0286659
      3.66930      42.2009    0.0290494
      3.67073      42.1696    0.0294091
      3.67217      42.1877    0.0300969
      3.67361      42.3668    0.0305987
      3.67504      42.6233    0.0306474
      3.67648      42.6550    0.0303257
      3.67791      42.8123    0.0301279
      3.67935      42.7555    0.0301211
      3.68079      42.6981    0.0300369
      3.68222      42.4957    0.0296769
      3.68366      42.3363    0.0293398
      3.68509      42.0371    0.0291816
      3.68653      41.9576    0.0291054
      3.68797      42.0814    0.0290024
      3.68940      42.3982    0.0287958
      3.69084      42.4978    0.0286538
      3.69227      42.5547    0.0286475
      3.69371      42.3069    0.0285451
      3.69515      42.6185    0.0287243
      3.69658      42.6116    0.0287652
      3.69802      42.8046    0.0287456
      3.69946      42.5556    0.0284423
      3.70089      42.3195    0.0281153
      3.70233      42.3237    0.0281617
      3.70377      42.3148    0.0282589
      3.70520      42.5006    0.0287863
      3.70664      42.5813    0.0290311
      3.70808      42.6164    0.0294214
      3.70951      42.6478    0.0293507
      3.71095      42.7933    0.0295236
      3.71239      42.6424    0.0292158
      3.71382      42.7155    0.0293890
      3.71526      42.9189    0.0295030
      3.71670      42.8465    0.0293674
      3.71814      42.8571    0.0291711
      3.71957      42.8904    0.0291647
      3.72101      43.1896    0.0292252
      3.72245      43.0641    0.0292914
      3.72389      42.8652    0.0292218
      3.72532      42.6064    0.0292240
      3.72676      42.3247    0.0292182
      3.72820      42.9746    0.0300325
      3.72963      42.9277    0.0300198
      3.73107      43.1451    0.0303052
      3.73251      43.4918    0.0306981
      3.73395      43.6188    0.0310810
      3.73539      44.0280    0.0314464
      3.73682      44.6199    0.0319215
      3.73826      45.1315    0.0324116
      3.73970      45.7236    0.0329597
      3.74114      45.1494    0.0324809
      3.74257      44.3020    0.0315994
      3.74401      43.9943    0.0310946
      3.74545      43.8801    0.0309850
      3.74689      44.0302    0.0312029
      3.74833      44.0010    0.0313908
      3.74977      43.5216    0.0309592
      3.75120      43.3817    0.0309861
      3.75264      43.5412    0.0310551
      3.75408      43.2667    0.0308918
      3.75552      43.4298    0.0310316
      3.75696      43.6764    0.0313661
      3.75840      43.4120    0.0314100
      3.75983      43.4428    0.0317381
      3.76127      43.5210    0.0320076
      3.76271      43.3518    0.0321619
      3.76415      43.2813    0.0321984
      3.76559      43.2303    0.0320846
      3.76703      43.4481    0.0320763
      3.76847      43.4721    0.0321962
      3.76990      43.4226    0.0322659
      3.77134      43.4257    0.0325341
      3.77278      43.5740    0.0324876
      3.77422      43.2699    0.0321935
      3.77566      43.1940    0.0317014
      3.77710      43.5058    0.0318527
      3.77854      43.7344    0.0321972
      3.77998      43.6589    0.0324260
      3.78142      43.7367    0.0326019
      3.78286      43.7999    0.0326829
      3.78430      43.6508    0.0323437
      3.78574      43.8877    0.0325132
      3.78718      43.8352    0.0327346
      3.78861      43.7292    0.0330914
      3.79005      43.8386    0.0334164
      3.79149      43.8943    0.0334082
      3.79293      43.9183    0.0330541
      3.79437      43.8614    0.0329212
      3.79581      43.9701    0.0329584
      3.79725      43.9331    0.0330145
      3.79869      43.8567    0.0329866
      3.80013      43.9270    0.0330132
      3.80157      44.3127    0.0332002
      3.80301      44.1361    0.0331560
      3.80445      43.8564    0.0328298
      3.80589      44.0760    0.0329922
      3.80733      44.2224    0.0331752
      3.80877      43.9870    0.0333009
      3.81021      44.2202    0.0337801
      3.81165      44.3708    0.0342508
      3.81309      44.3815    0.0342386
      3.81453      44.0452    0.0339525
      3.81598      44.8885    0.0343125
      3.81742      44.9916    0.0344045
      3.81886      45.1048    0.0345113
      3.82030      44.9783    0.0344219
      3.82174      44.5379    0.0339643
      3.82318      44.4837    0.0338921
      3.82462      44.4688    0.0338064
      3.82606      44.4538    0.0338130
      3.82750      44.4941    0.0337284
      3.82894      44.4242    0.0336073
      3.83038      44.5698    0.0337526
      3.83182      44.5615    0.0342150
      3.83327      44.7252    0.0348088
      3.83471      44.7503    0.0351007
      3.83615      44.8627    0.0350952
      3.83759      44.8793    0.0350085
      3.83903      44.8731    0.0349430
      3.84047      44.6838    0.0349186
      3.84191      44.6820    0.0351696
      3.84335      44.7856    0.0356970
      3.84480      44.6771    0.0358379
      3.84624      44.6285    0.0358042
      3.84768      44.8820    0.0358313
      3.84912      45.0927    0.0359576
      3.85056      45.1110    0.0359012
      3.85201      45.0992    0.0360966
      3.85345      45.3451    0.0365936
      3.85489      45.2606    0.0368125
      3.85633      45.2264    0.0370394
      3.85777      45.2941    0.0373793
      3.85921      45.3653    0.0376012
      3.86066      45.4202    0.0381172
      3.86210      45.5999    0.0387073
      3.86354      45.9967    0.0397007
      3.86498      46.8732    0.0413240
      3.86643      47.2770    0.0425607
      3.86787      47.0836    0.0428893
      3.86931      46.2982    0.0423724
      3.87075      46.1005    0.0424526
      3.87220      45.8006    0.0426797
      3.87364      45.7751    0.0429086
      3.87508      45.7331    0.0432888
      3.87652      45.7026    0.0434314
      3.87797      45.7145    0.0440092
      3.87941      45.8508    0.0444742
      3.88085      45.8996    0.0448463
      3.88230      46.0594    0.0450885
      3.88374      45.9521    0.0451690
      3.88518      46.1239    0.0455269
      3.88662      46.2881    0.0459223
      3.88807      46.5794    0.0462084
      3.88951      46.6800    0.0465332
      3.89095      46.7473    0.0464127
      3.89240      46.7057    0.0461286
      3.89384      46.7737    0.0457330
      3.89528      46.8720    0.0456037
      3.89673      47.1421    0.0453120
      3.89817      47.0234    0.0446814
      3.89961      46.8326    0.0438777
      3.90106      46.7842    0.0436094
      3.90250      47.0268    0.0439310
      3.90395      47.0415    0.0442690
      3.90539      47.1324    0.0444925
      3.90683      47.3095    0.0450846
      3.90828      47.3455    0.0455663
      3.90972      47.1994    0.0460147
      3.91117      46.7858    0.0456453
      3.91261      46.5589    0.0452802
      3.91405      46.0438    0.0445623
      3.91550      45.3760    0.0440223
      3.91694      45.7627    0.0444341
      3.91839      43.9780    0.0442939
      3.91983      45.6861    0.0446965
      3.92128      45.6125    0.0447692
      3.92272      45.6342    0.0447316
      3.92416      45.9546    0.0452079
      3.92561      45.9818    0.0452769
      3.92705      45.8656    0.0451809
      3.92850      45.9602    0.0450028
      3.92994      46.1187    0.0450948
      3.93139      46.3557    0.0451419
      3.93283      46.2923    0.0450389
      3.93428      46.4245    0.0448631
      3.93572      46.4710    0.0448292
      3.93717      46.5455    0.0445690
      3.93861      46.1580    0.0441283
      3.94006      46.2138    0.0439625
      3.94150      46.2979    0.0440496
      3.94295      45.7843    0.0435259
      3.94439      46.4560    0.0440362
      3.94584      46.6176    0.0437251
      3.94729      46.4611    0.0434137
      3.94873      46.4353    0.0433167
      3.95018      46.5592    0.0434875
      3.95162      46.6585    0.0435041
      3.95307      46.6774    0.0436612
      3.95451      46.3932    0.0432367
      3.95596      46.5959    0.0432717
      3.95741      46.9066    0.0433236
      3.95885      46.5650    0.0432247
      3.96030      46.6173    0.0432176
      3.96174      46.5160    0.0430510
      3.96319      46.7928    0.0430738
      3.96464      46.3884    0.0427396
      3.96608      46.2716    0.0426574
      3.96753      46.4763    0.0431325
      3.96897      47.0848    0.0438425
      3.97042      47.1925    0.0441774
      3.97187      47.1374    0.0441722
      3.97331      47.0664    0.0443055
      3.97476      46.6762    0.0440707
      3.97621      47.0296    0.0446619
      3.97765      47.1240    0.0448676
      3.97910      46.8658    0.0439123
      3.98055      46.5130    0.0425052
      3.98199      47.5271    0.0459513
      3.98344      47.5378    0.0461719
      3.98489      47.8650    0.0464938
      3.98634      47.8640    0.0465028
      3.98778      48.3267    0.0472632
      3.98923      48.1378    0.0472015
      3.99068      47.7927    0.0469866
      3.99212      46.9000    0.0459129
      3.99357      47.3416    0.0462777
      3.99502      47.7725    0.0469446
      3.99647      47.9353    0.0473281
      3.99791      47.8753    0.0473376
      3.99936      48.1053    0.0478619
      4.00081      48.2858    0.0483062
      4.00226      48.1015    0.0483173
      4.00371      47.8367    0.0480604
      4.00515      47.3830    0.0479917
      4.00660      47.4180    0.0484862
      4.00805      47.4952    0.0487040
      4.00950      47.5207    0.0488882
      4.01095      47.3451    0.0493011
      4.01239      47.3134    0.0487462
      4.01384      47.6518    0.0494044
      4.01529      47.9134    0.0498609
      4.01674      48.2299    0.0506536
      4.01819      48.2558    0.0508760
      4.01964      48.6157    0.0516243
      4.02108      48.7762    0.0520529
      4.02253      49.1728    0.0531439
      4.02398      48.5247    0.0522154
      4.02543      48.2014    0.0521466
      4.02688      47.9115    0.0520679
      4.02833      47.6837    0.0522111
      4.02978      47.5738    0.0523652
      4.03123      47.6476    0.0528875
      4.03267      47.6570    0.0531985
      4.03412      47.8145    0.0539354
      4.03557      48.0387    0.0548059
      4.03702      47.9209    0.0551696
      4.03847      47.9403    0.0555427
      4.03992      47.9902    0.0559677
      4.04137      47.9648    0.0560780
      4.04282      47.8195    0.0564264
      4.04427      48.0500    0.0573050
      4.04572      48.0858    0.0577314
      4.04717      48.5472    0.0583793
      4.04862      48.7108    0.0587724
      4.05007      49.3694    0.0596110
      4.05152      50.5590    0.0618918
      4.05297      52.2511    0.0650997
      4.05442      53.2260    0.0670233
      4.05587      52.8429    0.0663094
      4.05732      51.0989    0.0635947
      4.05877      49.7896    0.0614619
      4.06022      48.9507    0.0603791
      4.06167      48.8880    0.0603593
      4.06312      48.8836    0.0604679
      4.06457      48.3833    0.0600423
      4.06602      48.5062    0.0609422
      4.06747      48.6097    0.0615755
      4.06892      48.1275    0.0615169
      4.07037      48.2966    0.0623568
      4.07182      48.4494    0.0629907
      4.07327      48.2519    0.0630876
      4.07472      48.1005    0.0633569
      4.07617      48.1462    0.0639680
      4.07763      48.0276    0.0644726
      4.07908      48.3265    0.0658003
      4.08053      48.3320    0.0665112
      4.08198      48.3798    0.0671693
      4.08343      48.3942    0.0677352
      4.08488      48.3762    0.0681357
      4.08633      48.3060    0.0686157
      4.08778      48.3298    0.0690118
      4.08924      48.3356    0.0696194
      4.09069      48.4462    0.0701064
      4.09214      48.4488    0.0711225
      4.09359      48.6121    0.0715931
      4.09504      48.3496    0.0715598
      4.09649      48.3542    0.0719136
      4.09795      48.2698    0.0725705
      4.09940      48.2122    0.0724468
      4.10085      48.4042    0.0733615
      4.10230      48.4072    0.0734534
      4.10375      48.4364    0.0744296
      4.10521      48.4747    0.0749673
      4.10666      48.5713    0.0754258
      4.10811      49.0081    0.0762005
      4.10956      48.6759    0.0761211
      4.11102      48.6006    0.0766931
      4.11247      48.5798    0.0772888
      4.11392      48.8137    0.0782218
      4.11538      48.8095    0.0786713
      4.11683      48.5927    0.0786598
      4.11828      48.6428    0.0792538
      4.11973      48.6907    0.0796939
      4.12119      48.7950    0.0804159
      4.12264      48.8359    0.0807747
      4.12409      48.8108    0.0807848
      4.12555      48.6130    0.0806329
      4.12700      48.7183    0.0816523
      4.12845      48.9103    0.0829992
      4.12991      48.9619    0.0841197
      4.13136      48.8628    0.0841645
      4.13281      48.9807    0.0855270
      4.13427      48.7597    0.0853137
      4.13572      48.8693    0.0862686
      4.13717      49.3496    0.0881008
      4.13863      49.0281    0.0883901
      4.14008      49.1034    0.0896134
      4.14154      49.1563    0.0904140
      4.14299      49.2493    0.0914946
      4.14444      49.2613    0.0928175
      4.14590      49.4537    0.0942458
      4.14735      48.7256    0.0936803
      4.14881      49.1928    0.0954508
      4.15026      49.0061    0.0961151
      4.15172      49.0140    0.0976556
      4.15317      48.9373    0.0989294
      4.15462      49.1055     0.100897
      4.15608      49.2765     0.103364
      4.15753      49.1725     0.105114
      4.15899      49.1639     0.106905
      4.16044      49.2428     0.108925
      4.16190      49.4485     0.111949
      4.16335      49.2904     0.114112
      4.16481      49.4579     0.117436
      4.16626      49.6155     0.120458
      4.16772      49.7906     0.125635
      4.16917      50.0610     0.131022
      4.17063      50.2098     0.136394
      4.17208      50.4008     0.141990
      4.17354      51.1094     0.150677
      4.17500      51.4322     0.158888
      4.17645      51.2108     0.167037
      4.17791      51.1624     0.176718
      4.17936      50.6012     0.187837
      4.18082      49.9429     0.201545
      4.18227      49.7028     0.225229
      4.18373      50.1582     0.264547
      4.18519      49.6315     0.314216
      4.18664      49.6083     0.416915
      4.18810      48.3416     0.563203
      4.18955      49.7543     0.953906
      4.19101      49.8983      1.76518
      4.19247      42.9605      3.21121
      4.19392      43.9463      9.37720
      4.19538      886.817      9255.48
      4.19684      478.185      5701.61
      4.19829      22.9814      32.5640
      4.19975      33.7903      114.640
      4.20121      17.7448      135.812
      4.20266    -0.564248      24.0179
      4.20412      3.93228      13.0682
      4.20558     -38.7901      199.678
      4.20704     -42.2549      53.6715
      4.20849     -176.103      2112.62
      4.20995     -15.0133      40.7418
      4.21141     -7.22460      33.7658
      4.21286      362.145      7264.17
      4.21432      612.950      46224.3
      4.21578     -407.544      22020.6
      4.21724      635.230      61417.5
      4.21869      19.2290      45.9818
      4.22015     -24.9534      126.630
      4.22161      11.8219      26.7688
      4.22307      113.691      3392.25
      4.22453     -95.1287      1001.59
      4.22598      16.0829      118.102
      4.22744      35.0673      219.528
      4.22890      38.3038      99.9039
      4.23036     -525.754      50201.0
      4.23182     -26.6799      60.7007
      4.23328      20.6938      102.562
      4.23473     -250.834      33114.5
      4.23619     -116.058      7310.92
      4.23765      155.794      2495.44
      4.23911      216.421      7379.39
      4.24057      51.0619      130.832
      4.24203     -21.2879      84.9292
      4.24349     -49.0825      178.881
      4.24495     -4.67403      213.458
      4.24640      20.1407      90.3940
      4.24786      142.322      1005.53
      4.24932      36.3501      92.0651
      4.25078      35.5846      46.6663
      4.25224     -59.6316      161.856
      4.25370      4.73596      47.6552
      4.25516     -94.2892      327.205
      4.25662     -27.7954      45.3381
      4.25808     0.464345      23.9020
      4.25954      56.8216      264.534
      4.26100      32.4273      42.3175
      4.26246     -6.08241      22.5042
      4.26392      18.9187      44.2161
      4.26538     -28.3039      116.591
      4.26684      60.1118      221.979
      4.26830      36.7261      171.046
      4.26976     -36.3960      114.880
      4.27122      62.7948      148.591
      4.27268      13.0025      37.2455
      4.27414     -17.8344      30.2814
      4.27560      6.69671      10.4635
      4.27706     -253.896      2527.36
      4.27852     -35.8281      62.3755
      4.27998     -14.1960      70.5808
      4.28144      0.00000      108.877
