SOURCE  = IRAS 08470                    / Source name
STANDARD= BS 3185                       / Standard name
OBSDATE = 07-01-2001                    / Date of observation
SPOS    = 08:48:48.6  -43:33:06.6       / Source position RA,DEC,J2000
STPOS   = 08:07:32.6  -24:18:53.0       / Standard position RA,DEC,J2000
STSPT   = F6II                          / Standard spectral type
STTEFF  = 6640                          / Standard effective temperature [K]
STMAG   = 1.91 (Act. Opt. stopped - 2" s/ Standard magnitude (adopted)
WAVEZP  = 3.45                          / Wavelength zero point [micron]
FLUXZP  = 290                           / Flux zero point [Jy]
SAIRM   = 1.12                          / Source mean airmass
STAIRM  = 1.052                         / Standard mean airmass
AIRMCORR= 1.0                           / Optimal (adopted) airmass correction
SPECRES = ~600                          / Spectral resolution

Created by E. Dartois and K. Pontoppidan (c)

Wavelength [micron] Flux [Jy] Statistical Error [Jy]

      2.81888      0.00000     0.637408
      2.82030     0.826644     0.730876
      2.82172      2.43643     0.553306
      2.82314      3.00213     0.434757
      2.82456      2.70251     0.316637
      2.82598      2.45501     0.228179
      2.82739      2.45407     0.188265
      2.82881      2.43192     0.170584
      2.83023      2.72290     0.231105
      2.83165      3.76130     0.515392
      2.83307      2.78172      2.15539
      2.83449      1.02928      3.21799
      2.83591    -0.591792      1.57479
      2.83733     0.761490     0.857783
      2.83875      1.72100     0.339795
      2.84017      2.09567     0.173640
      2.84159      2.08278     0.124050
      2.84301      2.06324     0.104659
      2.84443      2.33321     0.120519
      2.84585      2.62840     0.230086
      2.84727      2.94068     0.409106
      2.84869      3.34451     0.387866
      2.85011      3.08008     0.328411
      2.85153      3.45923     0.443904
      2.85295      2.32077     0.594107
      2.85437      2.05601     0.339254
      2.85579      2.42648     0.226425
      2.85721      2.28621     0.172380
      2.85863      2.19243     0.139086
      2.86005      1.99810     0.113156
      2.86147      1.93172    0.0863267
      2.86289      2.09886    0.0790918
      2.86431      2.25666    0.0876529
      2.86573      2.39254     0.109466
      2.86715      2.54913     0.155094
      2.86857      2.64174     0.202086
      2.86999      1.80001     0.174820
      2.87141      1.57384     0.117238
      2.87283      1.86994    0.0817695
      2.87425      2.01414    0.0649440
      2.87567      2.09619    0.0608435
      2.87710      2.10524    0.0671236
      2.87852      1.94962    0.0667540
      2.87994      1.93705    0.0623252
      2.88136      2.04023    0.0630087
      2.88278      2.04290    0.0663799
      2.88420      2.09418    0.0726251
      2.88562      2.02306    0.0738828
      2.88704      2.01946    0.0786982
      2.88846      1.91812    0.0828857
      2.88988      1.80774    0.0687756
      2.89130      1.75529    0.0572808
      2.89272      1.71787    0.0494167
      2.89415      1.68363    0.0425123
      2.89557      1.76763    0.0391471
      2.89699      1.88550    0.0414362
      2.89841      1.96801    0.0510266
      2.89983      2.11018    0.0762171
      2.90125      2.27977     0.115622
      2.90267      2.12045     0.112253
      2.90409      2.12192    0.0974853
      2.90552      2.02590    0.0874995
      2.90694      1.81420    0.0669148
      2.90836      1.71322    0.0528074
      2.90978      1.73973    0.0450709
      2.91120      1.78358    0.0428872
      2.91262      1.80764    0.0452658
      2.91404      1.80786    0.0494522
      2.91547      1.70972    0.0465436
      2.91689      1.71400    0.0427314
      2.91831      1.79846    0.0421321
      2.91973      1.82046    0.0445958
      2.92115      1.90810    0.0570510
      2.92257      1.72360    0.0796539
      2.92400      1.50500    0.0681492
      2.92542      1.57544    0.0489898
      2.92684      1.61819    0.0393048
      2.92826      1.61351    0.0359606
      2.92968      1.63324    0.0352987
      2.93110      1.61302    0.0346537
      2.93253      1.61639    0.0332401
      2.93395      1.66062    0.0339422
      2.93537      1.68251    0.0351775
      2.93679      1.74148    0.0376693
      2.93821      1.78092    0.0433839
      2.93964      1.81019    0.0483706
      2.94106      1.83019    0.0479643
      2.94248      1.77492    0.0472495
      2.94390      1.84716    0.0509042
      2.94532      1.82217    0.0499358
      2.94675      1.69728    0.0462249
      2.94817      1.64516    0.0442550
      2.94959      1.63481    0.0384038
      2.95101      1.70792    0.0358244
      2.95244      1.77912    0.0386798
      2.95386      1.75349    0.0462265
      2.95528      1.68478    0.0487426
      2.95670      1.66463    0.0419291
      2.95813      1.66369    0.0366803
      2.95955      1.68913    0.0361692
      2.96097      1.66623    0.0356483
      2.96239      1.61927    0.0338709
      2.96382      1.65216    0.0328646
      2.96524      1.67923    0.0327664
      2.96666      1.75389    0.0355133
      2.96808      1.85641    0.0444806
      2.96951      1.98604    0.0639972
      2.97093      2.04952    0.0897011
      2.97235      2.02662    0.0975424
      2.97377      1.92934    0.0792677
      2.97520      1.91007    0.0635875
      2.97662      1.87634    0.0550770
      2.97804      1.88570    0.0500781
      2.97947      1.79825    0.0490041
      2.98089      1.70074    0.0475301
      2.98231      1.65560    0.0402392
      2.98373      1.64401    0.0342346
      2.98516      1.65768    0.0312725
      2.98658      1.63654    0.0298150
      2.98800      1.64500    0.0288495
      2.98943      1.65060    0.0283049
      2.99085      1.66329    0.0287535
      2.99227      1.70901    0.0302086
      2.99369      1.73907    0.0327904
      2.99512      1.78857    0.0347733
      2.99654      1.78458    0.0367466
      2.99796      1.73742    0.0378511
      2.99939      1.67388    0.0347552
      3.00081      1.68007    0.0307942
      3.00223      1.70885    0.0291828
      3.00366      1.76264    0.0309899
      3.00508      1.76343    0.0361229
      3.00650      1.84339    0.0426047
      3.00793      1.75929    0.0428193
      3.00935      1.72308    0.0363798
      3.01077      1.71799    0.0320363
      3.01220      1.73407    0.0293492
      3.01362      1.73268    0.0292708
      3.01504      1.76712    0.0311123
      3.01647      1.81738    0.0330003
      3.01789      1.87028    0.0360284
      3.01931      1.99285    0.0452781
      3.02074      1.94829    0.0505085
      3.02216      1.79621    0.0455201
      3.02358      1.72701    0.0383069
      3.02501      1.71319    0.0320439
      3.02643      1.73738    0.0286872
      3.02786      1.75420    0.0286708
      3.02928      1.80363    0.0299824
      3.03070      1.82518    0.0316733
      3.03213      1.82332    0.0347523
      3.03355      1.89545    0.0389252
      3.03497      1.98298    0.0417524
      3.03640      2.02385    0.0439351
      3.03782      2.09378    0.0520234
      3.03924      2.08793    0.0529226
      3.04067      1.98330    0.0429731
      3.04209      1.97293    0.0377226
      3.04352      1.94996    0.0346879
      3.04494      1.92641    0.0343551
      3.04636      1.99597    0.0375166
      3.04779      2.01309    0.0401107
      3.04921      2.03832    0.0415836
      3.05064      2.18496    0.0490302
      3.05206      2.24697    0.0555813
      3.05348      2.31601    0.0667518
      3.05491      2.18515    0.0705689
      3.05633      2.00646    0.0556868
      3.05776      1.91275    0.0411249
      3.05918      1.92985    0.0341280
      3.06060      1.93059    0.0307849
      3.06203      1.93880    0.0323641
      3.06345      1.97795    0.0366115
      3.06488      2.02422    0.0379136
      3.06630      2.01386    0.0360325
      3.06772      2.01906    0.0360652
      3.06915      2.09238    0.0383784
      3.07057      2.08116    0.0407633
      3.07200      2.08655    0.0439657
      3.07342      1.98185    0.0399905
      3.07485      1.96121    0.0347837
      3.07627      1.91843    0.0294299
      3.07769      1.95065    0.0276263
      3.07912      2.02010    0.0292401
      3.08054      2.07540    0.0340069
      3.08197      2.10684    0.0417111
      3.08339      2.17578    0.0467326
      3.08482      2.18882    0.0419036
      3.08624      2.16390    0.0377000
      3.08767      2.19034    0.0372400
      3.08909      2.15514    0.0359403
      3.09051      2.16177    0.0366360
      3.09194      2.22958    0.0385745
      3.09336      2.25371    0.0396022
      3.09479      2.31649    0.0462574
      3.09621      2.34630    0.0485883
      3.09764      2.27381    0.0473836
      3.09906      2.16428    0.0412345
      3.10049      2.16706    0.0353979
      3.10191      2.23114    0.0323703
      3.10334      2.26874    0.0327206
      3.10476      2.26645    0.0399944
      3.10618      2.30843    0.0492528
      3.10761      2.42070    0.0517253
      3.10903      2.49929    0.0465108
      3.11046      2.45295    0.0456195
      3.11188      2.42082    0.0456863
      3.11331      2.49636    0.0444561
      3.11473      2.41843    0.0394300
      3.11616      2.27049    0.0372783
      3.11758      2.21956    0.0335879
      3.11901      2.16320    0.0275141
      3.12043      2.15675    0.0246150
      3.12186      2.16678    0.0243223
      3.12328      2.22802    0.0257838
      3.12471      2.31752    0.0294648
      3.12613      2.37640    0.0376239
      3.12756      2.39954    0.0495226
      3.12898      2.26605    0.0446804
      3.13041      2.27445    0.0338027
      3.13183      2.24401    0.0268840
      3.13326      2.22225    0.0241374
      3.13468      2.20207    0.0236029
      3.13611      2.23160    0.0232718
      3.13753      2.30688    0.0243025
      3.13896      2.35076    0.0271701
      3.14038      2.17644    0.0313432
      3.14181      2.38108    0.0326324
      3.14323      2.47154    0.0294132
      3.14466      2.53680    0.0296984
      3.14608      2.49904    0.0325258
      3.14751      2.45106    0.0367083
      3.14893      2.46957    0.0332867
      3.15036      2.42386    0.0276486
      3.15178      2.43318    0.0251465
      3.15321      2.48281    0.0247406
      3.15463      2.47857    0.0254650
      3.15606      2.46756    0.0276332
      3.15748      2.47004    0.0283185
      3.15891      2.45213    0.0267779
      3.16033      2.43482    0.0246433
      3.16176      2.41157    0.0231762
      3.16318      2.39534    0.0220345
      3.16461      2.39156    0.0212111
      3.16603      2.39813    0.0211833
      3.16746      2.39661    0.0215177
      3.16888      2.41758    0.0217429
      3.17031      2.47904    0.0218362
      3.17173      2.52063    0.0224499
      3.17316      2.52107    0.0235127
      3.17458      2.52648    0.0244683
      3.17601      2.50986    0.0236283
      3.17744      2.50767    0.0225424
      3.17886      2.53498    0.0217665
      3.18029      2.58325    0.0218850
      3.18171      2.60858    0.0229491
      3.18314      2.62239    0.0248018
      3.18456      2.58470    0.0250326
      3.18599      2.60861    0.0238579
      3.18741      2.64824    0.0229698
      3.18884      2.75767    0.0230598
      3.19026      2.86877    0.0259780
      3.19169      2.86182    0.0319767
      3.19312      2.84848    0.0381902
      3.19454      2.91544    0.0347519
      3.19597      2.97413    0.0303005
      3.19739      3.06717    0.0316186
      3.19882      3.07336    0.0405669
      3.20024      3.30475    0.0535292
      3.20167      3.44763    0.0530225
      3.20309      3.39284    0.0500481
      3.20452      3.53041    0.0548307
      3.20595      3.67154    0.0532510
      3.20737      3.60537    0.0609746
      3.20880      3.85257    0.0830036
      3.21022      3.94677    0.0902493
      3.21165      3.81616    0.0895513
      3.21307      3.62947    0.0684690
      3.21450      3.56934    0.0554053
      3.21592      3.57613    0.0482573
      3.21735      3.50055    0.0456027
      3.21878      3.46836    0.0414744
      3.22020      3.49103    0.0393059
      3.22163      3.50744    0.0404672
      3.22305      3.42838    0.0553823
      3.22448      3.57988    0.0897414
      3.22590      3.75549    0.0822358
      3.22733      3.82153    0.0602531
      3.22876      3.76489    0.0502895
      3.23018      3.63239    0.0535460
      3.23161      3.34520    0.0573197
      3.23303      3.26495    0.0407716
      3.23446      3.27419    0.0290906
      3.23589      3.24146    0.0241110
      3.23731      3.22693    0.0232634
      3.23874      3.25242    0.0251680
      3.24016      3.24140    0.0283990
      3.24159      3.30545    0.0314577
      3.24301      3.43416    0.0316404
      3.24444      3.53790    0.0344473
      3.24587      3.84744    0.0499581
      3.24729      4.16935    0.0679367
      3.24872      3.86099    0.0621328
      3.25014      3.39960    0.0445827
      3.25157      3.34270    0.0317417
      3.25300      3.29845    0.0247357
      3.25442      3.30098    0.0216644
      3.25585      3.33637    0.0212746
      3.25727      3.40675    0.0218312
      3.25870      3.51555    0.0242999
      3.26013      3.56413    0.0306332
      3.26155      3.66558    0.0459805
      3.26298      3.86144    0.0566561
      3.26440      3.94208    0.0430762
      3.26583      3.86746    0.0334691
      3.26726      3.85610    0.0291078
      3.26868      3.87608    0.0313727
      3.27011      3.88809    0.0374907
      3.27153      3.67712    0.0418995
      3.27296      3.61794    0.0402163
      3.27439      3.75503    0.0303352
      3.27581      3.69547    0.0241387
      3.27724      3.70640    0.0231507
      3.27866      3.78530    0.0252600
      3.28009      3.72476    0.0287437
      3.28152      3.66677    0.0296217
      3.28294      3.68173    0.0245418
      3.28437      3.65548    0.0209928
      3.28579      3.65866    0.0200446
      3.28722      3.66235    0.0198532
      3.28865      3.67300    0.0199031
      3.29007      3.70969    0.0204979
      3.29150      3.77437    0.0219758
      3.29292      3.92446    0.0249463
      3.29435      4.19561    0.0293357
      3.29578      4.60231    0.0390972
      3.29720      5.07715    0.0526383
      3.29863      4.95434    0.0566993
      3.30006      4.50954    0.0522125
      3.30148      4.26157    0.0384259
      3.30291      4.24397    0.0302314
      3.30433      4.16426    0.0273788
      3.30576      4.19145    0.0278350
      3.30719      4.17527    0.0280435
      3.30861      4.13606    0.0264506
      3.31004      4.06234    0.0276938
      3.31147      4.04853    0.0293378
      3.31289      3.98107    0.0332481
      3.31432      3.75210    0.0548603
      3.31574      3.56708     0.152945
      3.31717      3.83206     0.211747
      3.31860      4.40626     0.169190
      3.32002      4.69460     0.123018
      3.32145      4.42697    0.0742975
      3.32288      4.26356    0.0479058
      3.32430      4.20905    0.0347471
      3.32573      4.19430    0.0291816
      3.32716      4.22516    0.0283437
      3.32858      4.27308    0.0300786
      3.33001      4.30303    0.0288559
      3.33143      4.24859    0.0238031
      3.33286      4.16162    0.0209330
      3.33429      4.12769    0.0204820
      3.33571      4.16012    0.0209603
      3.33714      4.24827    0.0213140
      3.33857      4.38790    0.0228190
      3.33999      4.55333    0.0270046
      3.34142      4.58943    0.0288658
      3.34285      4.57810    0.0271374
      3.34427      4.51133    0.0258353
      3.34570      4.44367    0.0263683
      3.34713      4.51162    0.0287781
      3.34855      4.53113    0.0264332
      3.34998      4.47791    0.0226640
      3.35140      4.52284    0.0218941
      3.35283      4.59139    0.0228457
      3.35426      4.69213    0.0241636
      3.35568      4.64146    0.0268872
      3.35711      4.55081    0.0294370
      3.35854      4.60046    0.0289210
      3.35996      4.63137    0.0258349
      3.36139      4.68202    0.0242563
      3.36282      4.69768    0.0255989
      3.36424      4.71014    0.0251097
      3.36567      4.61262    0.0228516
      3.36710      4.59406    0.0223671
      3.36852      4.56518    0.0243364
      3.36995      4.65799    0.0265976
      3.37138      4.63880    0.0242917
      3.37280      4.64573    0.0224199
      3.37423      4.62761    0.0211563
      3.37566      4.62215    0.0206962
      3.37708      4.72048    0.0218578
      3.37851      4.71612    0.0232936
      3.37994      4.64298    0.0238060
      3.38136      4.65394    0.0260488
      3.38279      4.74155    0.0255443
      3.38422      4.79934    0.0237625
      3.38564      4.74194    0.0225334
      3.38707      4.66732    0.0209554
      3.38850      4.65398    0.0196635
      3.38992      4.65717    0.0201291
      3.39135      4.60269    0.0218528
      3.39278      4.66120    0.0240578
      3.39420      4.66990    0.0226601
      3.39563      4.73415    0.0203882
      3.39706      4.75073    0.0194796
      3.39848      4.78157    0.0191074
      3.39991      4.83286    0.0190354
      3.40134      4.82840    0.0196261
      3.40276      4.81704    0.0215361
      3.40419      4.81777    0.0249829
      3.40562      4.94714    0.0274499
      3.40704      5.07467    0.0256223
      3.40847      5.07411    0.0247697
      3.40990      5.01326    0.0236748
      3.41132      5.00043    0.0221626
      3.41275      4.95551    0.0212285
      3.41418      4.95161    0.0221064
      3.41560      4.85034    0.0229147
      3.41703      4.87604    0.0237174
      3.41846      4.85402    0.0214797
      3.41988      4.96255    0.0196818
      3.42131      4.98690    0.0193241
      3.42274      4.94573    0.0191392
      3.42416      4.99149    0.0194370
      3.42559      4.96954    0.0204991
      3.42702      4.95644    0.0220558
      3.42844      4.94897    0.0230827
      3.42987      4.98244    0.0221328
      3.43130      5.01510    0.0197021
      3.43272      5.10999    0.0189767
      3.43415      5.16092    0.0191405
      3.43558      5.15258    0.0190752
      3.43701      5.10346    0.0188883
      3.43843      5.13825    0.0194656
      3.43986      5.13577    0.0203350
      3.44129      5.18639    0.0210788
      3.44271      5.18567    0.0199537
      3.44414      5.20988    0.0189001
      3.44557      5.24465    0.0186302
      3.44699      5.26005    0.0188068
      3.44842      5.25102    0.0185683
      3.44985      5.29171    0.0186243
      3.45127      5.27758    0.0189215
      3.45270      5.21631    0.0198161
      3.45413      5.26932    0.0203206
      3.45555      5.36359    0.0199346
      3.45698      5.42806    0.0190093
      3.45841      5.41643    0.0181846
      3.45984      5.39870    0.0179524
      3.46126      5.41194    0.0180278
      3.46269      5.40910    0.0181902
      3.46412      5.38977    0.0186093
      3.46554      5.37133    0.0191471
      3.46697      5.41809    0.0191366
      3.46840      5.48596    0.0183817
      3.46982      5.50615    0.0178723
      3.47125      5.58225    0.0178611
      3.47268      5.63003    0.0181373
      3.47411      5.57971    0.0183264
      3.47553      5.55251    0.0183627
      3.47696      5.53780    0.0184693
      3.47839      5.55716    0.0186162
      3.47981      5.58054    0.0184342
      3.48124      5.67270    0.0182549
      3.48267      5.67243    0.0179521
      3.48410      5.73188    0.0180672
      3.48552      5.68211    0.0179462
      3.48695      5.68125    0.0180826
      3.48838      5.71352    0.0183394
      3.48980      5.74121    0.0184879
      3.49123      5.77095    0.0184326
      3.49266      5.78665    0.0182000
      3.49408      5.74960    0.0179525
      3.49551      5.76017    0.0177953
      3.49694      5.83695    0.0177132
      3.49837      5.88950    0.0177998
      3.49979      5.91062    0.0179081
      3.50122      5.91331    0.0179767
      3.50265      5.94714    0.0180697
      3.50407      5.92743    0.0180662
      3.50550      5.91782    0.0178121
      3.50693      5.96097    0.0176671
      3.50836      5.99611    0.0176289
      3.50978      6.03747    0.0177332
      3.51121      6.05444    0.0178099
      3.51264      6.03651    0.0177463
      3.51407      6.06409    0.0177559
      3.51549      6.13627    0.0177076
      3.51692      6.10471    0.0174973
      3.51835      6.11446    0.0174487
      3.51977      6.18177    0.0174613
      3.52120      6.17792    0.0174220
      3.52263      6.13662    0.0173499
      3.52406      6.22177    0.0175403
      3.52548      6.28774    0.0176235
      3.52691      6.30642    0.0177675
      3.52834      6.34351    0.0178231
      3.52977      6.34552    0.0176301
      3.53119      6.31662    0.0176086
      3.53262      6.31375    0.0178381
      3.53405      6.31365    0.0181115
      3.53547      6.39530    0.0183358
      3.53690      6.45679    0.0184461
      3.53833      6.48464    0.0184294
      3.53976      6.46976    0.0186077
      3.54118      6.52668    0.0187375
      3.54261      6.60006    0.0186580
      3.54404      6.52621    0.0183585
      3.54547      6.51779    0.0182078
      3.54689      6.50049    0.0181084
      3.54832      6.50254    0.0179945
      3.54975      6.56731    0.0179318
      3.55118      6.63296    0.0180755
      3.55260      6.66610    0.0181806
      3.55403      6.70848    0.0183674
      3.55546      6.75005    0.0182978
      3.55689      6.73791    0.0179911
      3.55831      6.75737    0.0179617
      3.55974      6.74166    0.0179050
      3.56117      6.73740    0.0177091
      3.56259      6.72159    0.0175301
      3.56402      6.75736    0.0178810
      3.56545      6.75965    0.0180667
      3.56688      6.83485    0.0183644
      3.56831      6.89876    0.0185173
      3.56973      7.00001    0.0187298
      3.57116      6.90168    0.0184146
      3.57259      6.90468    0.0185587
      3.57401      6.98176    0.0187639
      3.57544      7.06855    0.0186091
      3.57687      6.98678    0.0181065
      3.57830      6.91834    0.0178913
      3.57973      6.95777    0.0180583
      3.58115      7.01731    0.0181889
      3.58258      7.06417    0.0183423
      3.58401      7.10193    0.0183284
      3.58544      7.14463    0.0184616
      3.58686      7.16780    0.0184073
      3.58829      7.22563    0.0183717
      3.58972      7.26284    0.0183185
      3.59115      7.19796    0.0181169
      3.59257      7.24744    0.0182259
      3.59400      7.23699    0.0180422
      3.59543      7.22839    0.0178507
      3.59686      7.25858    0.0179220
      3.59828      7.28382    0.0179099
      3.59971      7.27740    0.0178179
      3.60114      7.26677    0.0176984
      3.60257      7.22767    0.0175645
      3.60400      7.27246    0.0177183
      3.60542      7.30577    0.0180720
      3.60685      7.37113    0.0183010
      3.60828      7.43908    0.0181981
      3.60971      7.46643    0.0179875
      3.61113      7.46582    0.0180451
      3.61256      7.54743    0.0181172
      3.61399      7.63206    0.0181854
      3.61542      7.51537    0.0177703
      3.61684      7.52292    0.0177382
      3.61827      7.56761    0.0176113
      3.61970      7.54398    0.0174320
      3.62113      7.56836    0.0174134
      3.62256      7.57362    0.0174397
      3.62398      7.58391    0.0176539
      3.62541      7.64958    0.0179278
      3.62684      7.71711    0.0180483
      3.62827      7.65989    0.0178521
      3.62970      7.64172    0.0175941
      3.63112      7.72202    0.0176916
      3.63255      7.86184    0.0179957
      3.63398      7.78402    0.0177161
      3.63541      7.88604    0.0178924
      3.63684      7.83139    0.0175714
      3.63826      7.83628    0.0174927
      3.63969      7.82860    0.0174490
      3.64112      7.90216    0.0174493
      3.64255      7.91911    0.0175759
      3.64398      7.93203    0.0177856
      3.64540      7.86658    0.0178791
      3.64683      7.84529    0.0180009
      3.64826      7.92516    0.0178300
      3.64969      7.97249    0.0176037
      3.65112      7.95191    0.0175930
      3.65254      7.94556    0.0175100
      3.65397      7.99140    0.0173688
      3.65540      8.05061    0.0174088
      3.65683      8.01028    0.0173014
      3.65826      8.01165    0.0174000
      3.65968      8.07786    0.0174819
      3.66111      8.13748    0.0175229
      3.66254      8.12557    0.0175185
      3.66397      8.14172    0.0176360
      3.66540      8.13409    0.0177651
      3.66682      8.26267    0.0183704
      3.66825      8.37882    0.0186206
      3.66968      8.45998    0.0187007
      3.67111      8.61440    0.0193665
      3.67254      8.73602    0.0201262
      3.67397      8.72398    0.0200514
      3.67539      8.80499    0.0200852
      3.67682      8.72465    0.0194328
      3.67825      8.70519    0.0190886
      3.67968      8.72880    0.0189561
      3.68111      8.64265    0.0188919
      3.68254      8.59122    0.0186207
      3.68396      8.56130    0.0183715
      3.68539      8.46670    0.0181711
      3.68682      8.47049    0.0182688
      3.68825      8.52869    0.0181927
      3.68968      8.57283    0.0179872
      3.69111      8.57335    0.0179095
      3.69253      8.63457    0.0179068
      3.69396      8.59332    0.0176659
      3.69539      8.66302    0.0176857
      3.69682      8.70520    0.0176633
      3.69825      8.72128    0.0177085
      3.69968      8.69702    0.0176224
      3.70110      8.68800    0.0175235
      3.70253      8.67929    0.0175000
      3.70396      8.67489    0.0174807
      3.70539      8.71874    0.0177042
      3.70682      8.80531    0.0179161
      3.70825      8.89547    0.0183375
      3.70968      8.91464    0.0182692
      3.71110      8.91283    0.0181092
      3.71253      8.89757    0.0180569
      3.71396      9.00147    0.0183252
      3.71539      9.04524    0.0182595
      3.71682      9.07770    0.0182420
      3.71825      9.09050    0.0181727
      3.71968      8.92491    0.0177125
      3.72110      9.00925    0.0177504
      3.72253      9.08457    0.0179927
      3.72396      9.17237    0.0179872
      3.72539      9.14377    0.0180844
      3.72682      9.21048    0.0182393
      3.72825      9.13724    0.0181140
      3.72968      9.26010    0.0183216
      3.73111      9.28480    0.0184649
      3.73253      9.30944    0.0184270
      3.73396      9.46607    0.0187189
      3.73539      9.58447    0.0187773
      3.73682      9.64695    0.0187647
      3.73825      9.85522    0.0189416
      3.73968      10.0781    0.0191539
      3.74111      10.1024    0.0191672
      3.74254      9.78744    0.0186435
      3.74396      9.58945    0.0182801
      3.74539      9.61738    0.0184321
      3.74682      9.56189    0.0183828
      3.74825      9.45868    0.0183309
      3.74968      9.45595    0.0184138
      3.75111      9.47452    0.0184628
      3.75254      9.52720    0.0184170
      3.75397      9.48382    0.0183468
      3.75540      9.50587    0.0182848
      3.75683      9.56326    0.0184114
      3.75825      9.59213    0.0187227
      3.75968      9.55873    0.0187142
      3.76111      9.61701    0.0189850
      3.76254      9.58198    0.0188624
      3.76397      9.70741    0.0191787
      3.76540      9.67317    0.0190541
      3.76683      9.69894    0.0190462
      3.76826      9.65911    0.0189457
      3.76969      9.62413    0.0189146
      3.77112      9.59668    0.0188771
      3.77255      9.62048    0.0188319
      3.77397      9.65941    0.0187667
      3.77540      9.64204    0.0184193
      3.77683      9.77355    0.0185564
      3.77826      9.70763    0.0185282
      3.77969      9.69490    0.0186852
      3.78112      9.74345    0.0186876
      3.78255      9.73469    0.0186693
      3.78398      9.83887    0.0187337
      3.78541      9.82293    0.0186593
      3.78684      9.87756    0.0188182
      3.78827      9.89098    0.0191320
      3.78970      9.97262    0.0193994
      3.79113      10.0121    0.0192166
      3.79256      10.0141    0.0189292
      3.79399      9.91298    0.0186797
      3.79542      9.91316    0.0185653
      3.79685      9.92099    0.0185524
      3.79827      9.98029    0.0185764
      3.79970      9.97703    0.0185383
      3.80113      10.0126    0.0185116
      3.80256      10.0270    0.0184968
      3.80399      10.1303    0.0185491
      3.80542      10.0599    0.0184421
      3.80685      10.0330    0.0185797
      3.80828      10.2288    0.0188820
      3.80971      10.3905    0.0191890
      3.81114      10.3786    0.0192506
      3.81257      10.4152    0.0193126
      3.81400      10.3407    0.0190696
      3.81543      10.3916    0.0189837
      3.81686      10.4301    0.0188971
      3.81829      10.4031    0.0188376
      3.81972      10.3958    0.0187600
      3.82115      10.3755    0.0186086
      3.82258      10.3268    0.0185498
      3.82401      10.2169    0.0185725
      3.82544      10.3585    0.0185798
      3.82687      10.4896    0.0185569
      3.82830      10.4516    0.0184471
      3.82973      10.4663    0.0184525
      3.83116      10.5313    0.0187245
      3.83259      10.7205    0.0191525
      3.83402      10.8208    0.0194863
      3.83545      10.8071    0.0193345
      3.83688      10.7476    0.0190983
      3.83831      10.7313    0.0189678
      3.83974      10.6887    0.0189815
      3.84117      10.6727    0.0190432
      3.84260      10.7460    0.0192440
      3.84403      10.7576    0.0191862
      3.84546      10.8030    0.0192676
      3.84689      10.9568    0.0194430
      3.84832      10.9509    0.0192462
      3.84975      11.0731    0.0193780
      3.85118      11.3056    0.0199851
      3.85261      11.3038    0.0199327
      3.85404      11.2697    0.0199667
      3.85547      11.3112    0.0199801
      3.85690      11.1905    0.0197262
      3.85833      11.1313    0.0198058
      3.85976      11.1401    0.0198143
      3.86119      11.1474    0.0198423
      3.86263      11.0989    0.0198475
      3.86406      11.1585    0.0200280
      3.86549      11.2711    0.0203211
      3.86692      11.3683    0.0205753
      3.86835      11.2059    0.0205617
      3.86978      11.1785    0.0206432
      3.87121      11.1819    0.0208107
      3.87264      11.2287    0.0208483
      3.87407      11.0235    0.0209094
      3.87550      11.1402    0.0209845
      3.87693      11.1930    0.0211406
      3.87836      11.2980    0.0212615
      3.87979      11.2196    0.0212247
      3.88122      11.2626    0.0212584
      3.88265      11.2292    0.0212600
      3.88409      11.4100    0.0213027
      3.88552      11.3123    0.0213165
      3.88695      11.3291    0.0212583
      3.88838      11.4253    0.0213666
      3.88981      11.5357    0.0213523
      3.89124      11.4927    0.0211709
      3.89267      11.4668    0.0210949
      3.89410      11.4780    0.0209610
      3.89553      11.6626    0.0209744
      3.89696      11.6826    0.0209405
      3.89840      11.8354    0.0208924
      3.89983      11.6661    0.0207980
      3.90126      11.7433    0.0207876
      3.90269      11.5586    0.0205659
      3.90412      11.6879    0.0208008
      3.90555      11.8140    0.0212054
      3.90698      11.8425    0.0212351
      3.90841      11.7533    0.0213550
      3.90985      11.8168    0.0213845
      3.91128      11.8228    0.0213639
      3.91271      11.8111    0.0212713
      3.91414      11.8108    0.0213178
      3.91557      11.8534    0.0214230
      3.91700      11.8105    0.0212571
      3.91843      11.7306    0.0211888
      3.91987      10.8715    0.0210856
      3.92130      11.8063    0.0212931
      3.92273      11.8773    0.0212767
      3.92416      11.8940    0.0213138
      3.92559      12.4826    0.0203872
      3.92702      12.0212    0.0211197
      3.92846      11.9715    0.0210504
      3.92989      12.0648    0.0209976
      3.93132      12.0470    0.0208499
      3.93275      12.1387    0.0208669
      3.93418      11.9840    0.0208442
      3.93562      12.1700    0.0207901
      3.93705      12.0972    0.0205112
      3.93848      12.2224    0.0205620
      3.93991      12.1939    0.0205490
      3.94134      12.3141    0.0205556
      3.94278      12.2839    0.0204063
      3.94421      12.3498    0.0203769
      3.94564      12.3379    0.0203507
      3.94707      12.4635    0.0203072
      3.94850      12.4117    0.0201725
      3.94994      12.4491    0.0202693
      3.95137      12.5508    0.0204572
      3.95280      12.5278    0.0205115
      3.95423      12.2814    0.0200779
      3.95566      12.3586    0.0200293
      3.95710      12.4682    0.0201749
      3.95853      12.7468    0.0202007
      3.95996      12.5577    0.0201355
      3.96139      12.7219    0.0203202
      3.96283      12.7712    0.0203942
      3.96426      12.7639    0.0201810
      3.96569      12.7966    0.0203497
      3.96712      12.7518    0.0201707
      3.96856      12.8501    0.0203064
      3.96999      13.0217    0.0204404
      3.97142      12.8449    0.0203514
      3.97285      12.8464    0.0203300
      3.97429      12.9081    0.0204738
      3.97572      12.9754    0.0205698
      3.97715      12.9046    0.0205255
      3.97859      13.0669    0.0206280
      3.98002      12.7339    0.0207381
      3.98145      13.1425    0.0222519
      3.98288      14.2184    0.0229970
      3.98432      13.2959    0.0207748
      3.98575      13.2227    0.0208525
      3.98718      13.1399    0.0208889
      3.98862      13.1765    0.0207711
      3.99005      13.3566    0.0209104
      3.99148      13.3900    0.0209034
      3.99292      13.4430    0.0209616
      3.99435      13.3081    0.0209307
      3.99578      13.3523    0.0209114
      3.99722      13.4210    0.0210600
      3.99865      13.5354    0.0211813
      4.00008      13.4552    0.0211661
      4.00152      13.4275    0.0211894
      4.00295      13.4348    0.0212336
      4.00438      13.4615    0.0213231
      4.00582      13.1601    0.0213407
      4.00725      13.2383    0.0215939
      4.00868      13.7473    0.0219305
      4.01012      13.6757    0.0217566
      4.01155      13.4276    0.0215579
      4.01298      13.5779    0.0216535
      4.01442      13.6634    0.0216653
      4.01585      13.7301    0.0219071
      4.01729      13.7241    0.0220104
      4.01872      13.8067    0.0221562
      4.02015      13.8597    0.0221890
      4.02159      13.9276    0.0222926
      4.02302      13.7918    0.0222426
      4.02446      13.8114    0.0223279
      4.02589      13.7847    0.0224172
      4.02732      13.8470    0.0224954
      4.02876      13.7500    0.0224274
      4.03019      13.7525    0.0225892
      4.03163      13.8272    0.0227900
      4.03306      13.9741    0.0230067
      4.03449      14.0827    0.0232495
      4.03593      14.1632    0.0234050
      4.03736      14.0635    0.0234088
      4.03880      14.0994    0.0233446
      4.04023      14.0754    0.0233746
      4.04167      14.0567    0.0234605
      4.04310      14.1141    0.0236846
      4.04454      14.3782    0.0239926
      4.04597      14.5054    0.0241364
      4.04741      14.5042    0.0241204
      4.04884      14.9082    0.0246179
      4.05027      15.4095    0.0250945
      4.05171      15.6684    0.0254351
      4.05314      15.6596    0.0254006
      4.05458      15.1019    0.0248044
      4.05601      14.8246    0.0244074
      4.05745      14.5671    0.0241372
      4.05888      14.6096    0.0241227
      4.06032      14.7047    0.0244569
      4.06175      14.6575    0.0241923
      4.06319      14.5037    0.0241555
      4.06462      14.7381    0.0244261
      4.06606      14.5974    0.0245581
      4.06750      14.7215    0.0247021
      4.06893      14.7249    0.0247204
      4.07037      14.6821    0.0250308
      4.07180      14.6399    0.0250989
      4.07324      14.7269    0.0252859
      4.07467      14.7096    0.0255190
      4.07611      14.6160    0.0253744
      4.07754      14.7563    0.0258728
      4.07898      14.7222    0.0258222
      4.08041      14.7916    0.0259836
      4.08185      14.9519    0.0263886
      4.08329      14.9077    0.0261248
      4.08472      14.8644    0.0262707
      4.08616      14.7793    0.0263125
      4.08759      14.7499    0.0263723
      4.08903      14.7147    0.0263750
      4.09047      14.9736    0.0267696
      4.09190      14.8096    0.0266396
      4.09334      14.8518    0.0267115
      4.09477      14.9157    0.0268745
      4.09621      14.9983    0.0270533
      4.09765      14.8476    0.0269600
      4.09908      14.9847    0.0271554
      4.10052      15.0081    0.0272689
      4.10196      15.1276    0.0274353
      4.10339      15.0631    0.0274578
      4.10483      15.1243    0.0275656
      4.10626      15.1132    0.0276153
      4.10770      15.2444    0.0278012
      4.10914      15.2237    0.0278488
      4.11057      15.2466    0.0280205
      4.11201      15.2715    0.0284260
      4.11345      15.2933    0.0282806
      4.11488      15.1892    0.0282449
      4.11632      15.2607    0.0284599
      4.11776      15.3432    0.0285906
      4.11920      15.4925    0.0287080
      4.12063      15.2866    0.0285557
      4.12207      15.3994    0.0288068
      4.12351      15.3166    0.0288541
      4.12494      15.3845    0.0291331
      4.12638      15.4217    0.0291638
      4.12782      15.5745    0.0296182
      4.12926      15.5081    0.0296139
      4.13069      15.6178    0.0296875
      4.13213      15.6270    0.0300109
      4.13357      15.8664    0.0305785
      4.13501      15.9375    0.0306019
      4.13644      16.0020    0.0307847
      4.13788      15.8549    0.0308004
      4.13932      15.8534    0.0310102
      4.14076      15.9146    0.0312539
      4.14219      16.0068    0.0315695
      4.14363      15.9822    0.0317581
      4.14507      16.1321    0.0320473
      4.14651      16.1004    0.0322380
      4.14795      16.1834    0.0326547
      4.14938      16.0942    0.0329313
      4.15082      16.2119    0.0332761
      4.15226      16.0375    0.0333766
      4.15370      16.2144    0.0341342
      4.15514      15.9693    0.0339941
      4.15657      16.1616    0.0348861
      4.15801      16.1948    0.0354583
      4.15945      16.3617    0.0361795
      4.16089      16.1804    0.0365263
      4.16233      16.3490    0.0376403
      4.16377      16.3970    0.0384445
      4.16521      16.4826    0.0395288
      4.16664      16.4643    0.0405366
      4.16808      16.6965    0.0424731
      4.16952      16.7538    0.0439261
      4.17096      16.7736    0.0455369
      4.17240      16.5104    0.0462065
      4.17384      16.9312    0.0496094
      4.17528      16.6389    0.0517061
      4.17672      16.4983    0.0545369
      4.17816      16.4984    0.0577057
      4.17960      16.5606    0.0650726
      4.18104      16.0953    0.0744117
      4.18247      15.6848    0.0938543
      4.18391      15.3727     0.123505
      4.18535      14.8231     0.170069
      4.18679      14.2277     0.277788
      4.18823      13.7097     0.494138
      4.18967      12.2095      1.02748
      4.19111      10.8301      2.37604
      4.19255      7.31125      10.7119
      4.19399      26.2116      275.544
      4.19543      23.8545      63.0450
      4.19687      3.02404      16.7571
      4.19831     -16.7794      66.3460
      4.19975      6.93030      70.8844
      4.20119     -23.7144      666.720
      4.20263      7.82562      31.9645
      4.20407      20.6671      38.7096
      4.20551      18.9933      433.222
      4.20695     -8.24472      80.4150
      4.20839     -23.9079      108.825
      4.20983     -20.4877      72.2906
      4.21127      262.707      2600.73
      4.21272      6.53225      69.3037
      4.21416     -16.4193      117.420
      4.21560      2.58141      96.6598
      4.21704     -497.719      905.884
      4.21848     -42.7501      54.6033
      4.21992      4.39062      45.2438
      4.22136     -2.66309      211.168
      4.22280     -3.53248      79.6986
      4.22424     -36.1246      107.716
      4.22568      40.5331      140.655
      4.22713      14.7792      101.767
      4.22857      4.05516      50.0187
      4.23001      6.14585      45.1732
      4.23145     0.307707      20.8749
      4.23289     -35.6129      350.546
      4.23433      1.99083      26.9058
      4.23577     -8.95130      72.1326
      4.23722      4.61557      40.0411
      4.23866     -9.13236      141.261
      4.24010     -188.956      11473.8
      4.24154     -21.4462      38.4544
      4.24298     -14.7555      724.130
      4.24443     -78.2862      313.010
      4.24587     -19.0891      106.590
      4.24731      251.555      329.781
      4.24875      20.1844      29.7830
      4.25020      52.3262      766.613
      4.25164     0.111479      28.6462
      4.25308     -35.6181      222.057
      4.25452     -14.2644      220.234
      4.25597      19.4318      112.508
      4.25741     -26.0744      96.8423
      4.25885     -12.3533      56.2775
      4.26029     -23.0813      40.4284
      4.26174     -92.5125      152.935
      4.26318     -199.596      3783.06
      4.26462     -23.4422      83.6945
      4.26607     -8.10468      24.9229
      4.26751      9.57776      68.2602
      4.26895      175.993      15485.9
      4.27040      22.6166      39.3108
      4.27184      76.9614      1934.73
      4.27328      18.9267      7.69692
      4.27473     -46.0704      89.8084
      4.27617      14.9795      583.384
      4.27761     -34.1981      194.144
      4.27906     -3.43213      143.358
      4.28050      0.00000      1.23114
