SOURCE  = IRAS 08261                    / Source name
STANDARD= BS 3185                       / Standard name
OBSDATE = 15-01-2001                    / Date of observation
SPOS    =                               / Source position RA,DEC,J2000
STPOS   =                               / Standard position RA,DEC,J2000
STSPT   = F6IIp                         / Standard spectral type
STTEFF  = 6400                          / Standard effective temperature [K]
STMAG   = 2.5                           / Standard magnitude (adopted)
WAVEZP  = 3.45                          / Wavelength zero point [micron]
FLUXZP  = 290                           / Flux zero point [Jy]
SAIRM   =                               / Source mean airmass
STAIRM  =                               / Standard mean airmass
AIRMCORR= 1.04                          / Optimal (adopted) airmass correction
SPECRES = ~600                          / Spectral resolution

Created by K. M. Pontoppidan             Tue Oct 14 17:13:47 2003

Wavelength [micron] Flux [Jy] Statistical Error [Jy]

      2.83800      0.00000    0.0579997
      2.83916    0.0711772    0.0488428
      2.84032     0.176338    0.0428988
      2.84148     0.280819    0.0722546
      2.84265     0.457923     0.224214
      2.84382    -0.158423      1.14794
      2.84498     -1.18817      1.28131
      2.84615    -0.472376     0.799967
      2.84733     0.105039     0.377812
      2.84850    -0.244767     0.129662
      2.84967    0.0640999    0.0493399
      2.85085     0.187034    0.0294304
      2.85203     0.138337    0.0239396
      2.85321     0.132030    0.0240732
      2.85439     0.134552    0.0501018
      2.85557     0.228841     0.135212
      2.85676     0.317208     0.138442
      2.85794     0.149967     0.114061
      2.85913   -0.0284527     0.118171
      2.86032    -0.157734     0.231952
      2.86151    0.0635703     0.151892
      2.86270    0.0699293    0.0751097
      2.86389    0.0411771    0.0560872
      2.86509     0.124289    0.0392250
      2.86628    0.0870697    0.0261800
      2.86748     0.215984    0.0197440
      2.86868     0.166265    0.0136022
      2.86988     0.191284    0.0149065
      2.87108     0.194377    0.0196695
      2.87228     0.114129    0.0294596
      2.87349     0.207715    0.0457786
      2.87470     0.236504    0.0557502
      2.87591     0.109841    0.0394582
      2.87711     0.146215    0.0215316
      2.87833     0.179978    0.0127751
      2.87954     0.155455   0.00982180
      2.88075     0.144991   0.00997561
      2.88197     0.142852    0.0117446
      2.88319     0.147832    0.0105229
      2.88440     0.152012   0.00954744
      2.88562     0.157478    0.0100691
      2.88685     0.162303    0.0110220
      2.88807     0.125400    0.0131965
      2.88929     0.136615    0.0135805
      2.89052     0.104995    0.0148001
      2.89175     0.112709    0.0144005
      2.89298     0.124197    0.0109320
      2.89421     0.122728   0.00882210
      2.89544     0.136649   0.00699166
      2.89667     0.144268   0.00543021
      2.89791     0.148166   0.00475922
      2.89914     0.143906   0.00509646
      2.90038     0.136920   0.00716099
      2.90162     0.143042    0.0145923
      2.90286     0.184386    0.0270168
      2.90410     0.131731    0.0241610
      2.90535     0.133484    0.0205654
      2.90659     0.120245    0.0182488
      2.90784     0.151073    0.0126209
      2.90909     0.136515   0.00811174
      2.91034     0.140537   0.00603010
      2.91159     0.150500   0.00556432
      2.91284     0.132926   0.00599243
      2.91409     0.140799   0.00678084
      2.91535     0.134876   0.00691070
      2.91660     0.129727   0.00548205
      2.91786     0.141797   0.00568176
      2.91912     0.150164   0.00573140
      2.92038     0.137861   0.00716486
      2.92165     0.114114    0.0137731
      2.92291    0.0989174    0.0158962
      2.92417     0.112170   0.00814699
      2.92544     0.143624   0.00545550
      2.92671     0.139422   0.00444842
      2.92798     0.138695   0.00399147
      2.92925     0.136780   0.00422395
      2.93052     0.140089   0.00392857
      2.93180     0.137202   0.00366075
      2.93307     0.136663   0.00383786
      2.93435     0.136191   0.00467577
      2.93562     0.130320   0.00513393
      2.93690     0.123680   0.00576427
      2.93818     0.143849   0.00648999
      2.93947     0.146332   0.00621127
      2.94075     0.135900   0.00679167
      2.94204     0.130212   0.00744082
      2.94332     0.141516   0.00629179
      2.94461     0.133318   0.00648938
      2.94590     0.135850   0.00514953
      2.94719     0.152757   0.00434288
      2.94848     0.150203   0.00416944
      2.94977     0.128887   0.00513750
      2.95107     0.119378   0.00706727
      2.95236     0.130645   0.00621650
      2.95366     0.143167   0.00501922
      2.95496     0.145946   0.00434374
      2.95626     0.137721   0.00414063
      2.95756     0.137520   0.00405914
      2.95886     0.134931   0.00381149
      2.96017     0.138840   0.00353791
      2.96147     0.144748   0.00373297
      2.96278     0.146792   0.00410655
      2.96409     0.139738   0.00635820
      2.96540     0.146634   0.00989420
      2.96671     0.152236    0.0166326
      2.96802     0.136331    0.0193157
      2.96934     0.136564    0.0150867
      2.97065     0.150409    0.0109097
      2.97197     0.159137   0.00858046
      2.97329     0.147730   0.00682606
      2.97460     0.139206   0.00684743
      2.97592     0.149641   0.00690062
      2.97725     0.137888   0.00524918
      2.97857     0.133478   0.00414601
      2.97989     0.135240   0.00346644
      2.98122     0.133738   0.00329632
      2.98255     0.133069   0.00329477
      2.98387     0.135722   0.00295283
      2.98520     0.143330   0.00292740
      2.98653     0.138901   0.00314853
      2.98787     0.132746   0.00351177
      2.98920     0.138353   0.00395672
      2.99054     0.140832   0.00411672
      2.99187     0.137962   0.00454797
      2.99321     0.131991   0.00428845
      2.99455     0.141934   0.00344956
      2.99589     0.141696   0.00310299
      2.99723     0.140534   0.00327899
      2.99857     0.139158   0.00389440
      2.99992     0.136523   0.00499970
      3.00126     0.138457   0.00587280
      3.00261     0.130819   0.00514824
      3.00395     0.132390   0.00397629
      3.00530     0.144224   0.00333385
      3.00665     0.140467   0.00305493
      3.00801     0.139518   0.00337229
      3.00936     0.144606   0.00362674
      3.01071     0.150043   0.00415640
      3.01207     0.140070   0.00484451
      3.01342     0.138346   0.00665134
      3.01478     0.131270   0.00695280
      3.01614     0.123360   0.00597290
      3.01750     0.132328   0.00409347
      3.01886     0.140687   0.00358539
      3.02023     0.141565   0.00299065
      3.02159     0.140866   0.00315980
      3.02295     0.145169   0.00340282
      3.02432     0.143648   0.00379423
      3.02569     0.140443   0.00423950
      3.02706     0.146774   0.00481695
      3.02843     0.160268   0.00564161
      3.02980     0.149504   0.00666608
      3.03117     0.144976   0.00834899
      3.03255     0.152295   0.00812199
      3.03392     0.154165   0.00640227
      3.03530     0.159378   0.00487889
      3.03668     0.162407   0.00461955
      3.03805     0.152755   0.00415809
      3.03943     0.158062   0.00503160
      3.04081     0.156998   0.00555167
      3.04220     0.150785   0.00557349
      3.04358     0.156986   0.00771644
      3.04497     0.163722   0.00913986
      3.04635     0.140829    0.0128138
      3.04774     0.128345    0.0146619
      3.04913     0.118513    0.0100452
      3.05052     0.134104   0.00615615
      3.05191     0.144971   0.00405923
      3.05330     0.157809   0.00370502
      3.05469     0.151349   0.00394215
      3.05609     0.139779   0.00468259
      3.05748     0.147563   0.00509088
      3.05888     0.153970   0.00476973
      3.06028     0.151040   0.00461120
      3.06167     0.153473   0.00504620
      3.06307     0.150529   0.00559589
      3.06448     0.142139   0.00614216
      3.06588     0.140014   0.00588679
      3.06728     0.133193   0.00476844
      3.06869     0.140190   0.00352587
      3.07009     0.148853   0.00313296
      3.07150     0.154725   0.00304652
      3.07291     0.152556   0.00383728
      3.07431     0.145271   0.00533508
      3.07572     0.146184   0.00630946
      3.07714     0.150922   0.00648875
      3.07855     0.150015   0.00528910
      3.07996     0.148371   0.00472608
      3.08138     0.153847   0.00443268
      3.08279     0.154909   0.00458279
      3.08421     0.162586   0.00495749
      3.08563     0.160538   0.00522440
      3.08705     0.158096   0.00608609
      3.08847     0.164678   0.00733015
      3.08989     0.160515   0.00697871
      3.09131     0.142712   0.00604814
      3.09273     0.141224   0.00485488
      3.09416     0.152170   0.00406858
      3.09558     0.161671   0.00373016
      3.09701     0.158404   0.00427755
      3.09844     0.146993   0.00609000
      3.09987     0.145838   0.00828145
      3.10130     0.154128   0.00676419
      3.10273     0.158277   0.00661639
      3.10416     0.150145   0.00656976
      3.10559     0.162840   0.00651880
      3.10703     0.175227   0.00575879
      3.10846     0.161334   0.00512029
      3.10990     0.143789   0.00427130
      3.11134     0.150714   0.00334878
      3.11277     0.158824   0.00293273
      3.11421     0.156772   0.00261516
      3.11565     0.157204   0.00260135
      3.11710     0.158895   0.00283092
      3.11854     0.159683   0.00373772
      3.11998     0.154230   0.00555070
      3.12143     0.143914   0.00664319
      3.12287     0.136357   0.00570960
      3.12432     0.150422   0.00408245
      3.12577     0.156512   0.00285443
      3.12721     0.159285   0.00250931
      3.12866     0.161576   0.00251964
      3.13011     0.163779   0.00248341
      3.13157     0.161283   0.00275328
      3.13302     0.159407   0.00307192
      3.13447     0.148449   0.00361874
      3.13593     0.151348   0.00390194
      3.13738     0.168823   0.00372651
      3.13884     0.171263   0.00354990
      3.14030     0.159391   0.00423784
      3.14175     0.147806   0.00480229
      3.14321     0.157269   0.00419667
      3.14467     0.161672   0.00336368
      3.14613     0.162262   0.00282399
      3.14760     0.166354   0.00265075
      3.14906     0.162494   0.00278528
      3.15052     0.159135   0.00305019
      3.15199     0.160692   0.00347664
      3.15346     0.165630   0.00308879
      3.15492     0.166216   0.00286158
      3.15639     0.162396   0.00250000
      3.15786     0.164452   0.00239747
      3.15933     0.165689   0.00225621
      3.16080     0.162027   0.00219458
      3.16227     0.165301   0.00223508
      3.16374     0.164503   0.00223489
      3.16522     0.168256   0.00227226
      3.16669     0.164657   0.00244308
      3.16817     0.161969   0.00250219
      3.16964     0.160995   0.00268660
      3.17112     0.163883   0.00254103
      3.17260     0.165390   0.00231043
      3.17408     0.167207   0.00229984
      3.17556     0.172337   0.00223116
      3.17704     0.171742   0.00237326
      3.17852     0.169327   0.00273965
      3.18000     0.168544   0.00286590
      3.18148     0.167154   0.00268387
      3.18297     0.172525   0.00245214
      3.18445     0.176659   0.00244939
      3.18594     0.176074   0.00264050
      3.18742     0.169843   0.00354610
      3.18891     0.159045   0.00467748
      3.19040     0.172268   0.00508725
      3.19189     0.184382   0.00408137
      3.19338     0.187795   0.00387151
      3.19487     0.180811   0.00468098
      3.19636     0.180979   0.00722555
      3.19785     0.207397   0.00873684
      3.19935     0.198049   0.00775967
      3.20084     0.204777   0.00836386
      3.20234     0.200335   0.00817963
      3.20383     0.192251   0.00883260
      3.20533     0.188279    0.0127997
      3.20683     0.210490    0.0161654
      3.20832     0.201140    0.0185300
      3.20982     0.173383    0.0146723
      3.21132     0.184543    0.0101236
      3.21282     0.205882   0.00781680
      3.21433     0.185429   0.00692755
      3.21583     0.184100   0.00651954
      3.21733     0.191837   0.00540053
      3.21883     0.191081   0.00543977
      3.22034     0.206493   0.00653699
      3.22184     0.191601    0.0116855
      3.22335     0.156830    0.0206306
      3.22486     0.203383    0.0128296
      3.22636     0.217495    0.0101911
      3.22787     0.203321   0.00801324
      3.22938     0.170742   0.00909937
      3.23089     0.142252   0.00766537
      3.23240     0.168333   0.00449146
      3.23391     0.192916   0.00307251
      3.23542     0.194727   0.00270473
      3.23694     0.191180   0.00274680
      3.23845     0.184042   0.00299605
      3.23996     0.180987   0.00376606
      3.24148     0.197875   0.00403120
      3.24299     0.203829   0.00419514
      3.24451     0.187279   0.00581742
      3.24603     0.181459   0.00994487
      3.24755     0.190184    0.0137504
      3.24906     0.181400   0.00995334
      3.25058     0.184085   0.00626683
      3.25210     0.183607   0.00380624
      3.25362     0.189859   0.00261028
      3.25514     0.188258   0.00236555
      3.25666     0.189283   0.00239550
      3.25819     0.193160   0.00246403
      3.25971     0.191968   0.00308968
      3.26123     0.185645   0.00432529
      3.26276     0.157246   0.00776886
      3.26428     0.162014   0.00971824
      3.26581     0.188118   0.00635830
      3.26733     0.209349   0.00425764
      3.26886     0.208457   0.00373371
      3.27039     0.203473   0.00436929
      3.27192     0.196455   0.00570139
      3.27344     0.188554   0.00655486
      3.27497     0.176746   0.00586662
      3.27650     0.198564   0.00355856
      3.27803     0.197956   0.00281499
      3.27957     0.194426   0.00275323
      3.28110     0.193234   0.00310699
      3.28263     0.187202   0.00348475
      3.28416     0.193816   0.00374749
      3.28570     0.202013   0.00280646
      3.28723     0.198889   0.00230299
      3.28876     0.198474   0.00221245
      3.29030     0.195964   0.00214523
      3.29184     0.196975   0.00206229
      3.29337     0.196268   0.00229730
      3.29491     0.197934   0.00243715
      3.29645     0.203773   0.00288835
      3.29798     0.205456   0.00377911
      3.29952     0.214654   0.00625228
      3.30106     0.231270   0.00931797
      3.30260     0.230215    0.0105887
      3.30414     0.224359   0.00878316
      3.30568     0.211115   0.00562507
      3.30722     0.215622   0.00367291
      3.30876     0.206287   0.00342102
      3.31031     0.201740   0.00345017
      3.31185     0.213217   0.00347771
      3.31339     0.209957   0.00327197
      3.31494     0.211041   0.00378567
      3.31648     0.218217   0.00389860
      3.31803     0.203965   0.00450663
      3.31957     0.200923   0.00894268
      3.32112     0.206395    0.0343318
      3.32266     0.167023    0.0617829
      3.32421     0.196559    0.0478130
      3.32576     0.199222    0.0298697
      3.32730     0.174639    0.0174150
      3.32885     0.203624   0.00872949
      3.33040     0.218584   0.00509435
      3.33195     0.223745   0.00381470
      3.33350     0.213984   0.00335854
      3.33505     0.193464   0.00373198
      3.33660     0.201518   0.00392564
      3.33815     0.212658   0.00280851
      3.33970     0.214247   0.00255845
      3.34125     0.205345   0.00215683
      3.34280     0.205048   0.00231921
      3.34435     0.215863   0.00230307
      3.34591     0.211201   0.00267787
      3.34746     0.204429   0.00285252
      3.34901     0.203964   0.00408648
      3.35057     0.212287   0.00341500
      3.35212     0.223978   0.00305914
      3.35368     0.224363   0.00316738
      3.35523     0.203864   0.00356932
      3.35679     0.212513   0.00330819
      3.35834     0.212825   0.00275707
      3.35990     0.212343   0.00233758
      3.36145     0.212286   0.00245769
      3.36301     0.211422   0.00254592
      3.36457     0.207290   0.00317829
      3.36613     0.205442   0.00361619
      3.36768     0.211644   0.00387255
      3.36924     0.218489   0.00309666
      3.37080     0.214118   0.00306547
      3.37236     0.207072   0.00287778
      3.37392     0.206202   0.00281481
      3.37548     0.217049   0.00248601
      3.37704     0.214880   0.00255277
      3.37860     0.210262   0.00264459
      3.38016     0.208603   0.00312895
      3.38172     0.214262   0.00311356
      3.38328     0.215845   0.00272646
      3.38484     0.218779   0.00226365
      3.38640     0.215360   0.00222666
      3.38796     0.210618   0.00231843
      3.38952     0.214241   0.00261942
      3.39109     0.211193   0.00282803
      3.39265     0.208045   0.00329496
      3.39421     0.209744   0.00341717
      3.39578     0.209811   0.00284460
      3.39734     0.209606   0.00259678
      3.39890     0.211589   0.00238932
      3.40047     0.214808   0.00208386
      3.40203     0.214153   0.00203529
      3.40359     0.210086   0.00243068
      3.40516     0.205613   0.00294312
      3.40672     0.209790   0.00275344
      3.40829     0.218001   0.00255266
      3.40985     0.216609   0.00218541
      3.41142     0.216820   0.00222406
      3.41298     0.219011   0.00196702
      3.41455     0.221094   0.00214092
      3.41611     0.216618   0.00221852
      3.41768     0.206075   0.00300430
      3.41925     0.209745   0.00350380
      3.42081     0.217746   0.00380594
      3.42238     0.220989   0.00334533
      3.42394     0.219889   0.00298364
      3.42551     0.216249   0.00274158
      3.42708     0.217835   0.00254575
      3.42864     0.217379   0.00243437
      3.43021     0.211423   0.00280033
      3.43178     0.208568   0.00292322
      3.43335     0.213661   0.00269946
      3.43491     0.216023   0.00221964
      3.43648     0.217416   0.00208102
      3.43805     0.220093   0.00198253
      3.43962     0.220850   0.00213844
      3.44118     0.220701   0.00211165
      3.44275     0.216353   0.00229275
      3.44432     0.214859   0.00263506
      3.44589     0.217290   0.00277628
      3.44745     0.224145   0.00238971
      3.44902     0.223004   0.00211287
      3.45059     0.221000   0.00198830
      3.45216     0.220629   0.00202239
      3.45373     0.219998   0.00202637
      3.45530     0.218698   0.00207199
      3.45686     0.215633   0.00218226
      3.45843     0.215836   0.00245160
      3.46000     0.218019   0.00228079
      3.46157     0.222911   0.00212851
      3.46314     0.222217   0.00207600
      3.46471     0.221017   0.00212335
      3.46627     0.220571   0.00204996
      3.46784     0.220269   0.00196580
      3.46941     0.222491   0.00190752
      3.47098     0.221671   0.00222379
      3.47255     0.219564   0.00226858
      3.47412     0.220455   0.00237436
      3.47569     0.227654   0.00215688
      3.47725     0.226872   0.00210082
      3.47882     0.225466   0.00189554
      3.48039     0.224944   0.00202260
      3.48196     0.227758   0.00190371
      3.48353     0.223152   0.00206749
      3.48509     0.222302   0.00200473
      3.48666     0.224596   0.00222540
      3.48823     0.226581   0.00190884
      3.48980     0.225437   0.00200928
      3.49137     0.228009   0.00196082
      3.49293     0.228570   0.00196440
      3.49450     0.229521   0.00192753
      3.49607     0.230444   0.00204112
      3.49764     0.229053   0.00196295
      3.49920     0.227753   0.00202394
      3.50077     0.231625   0.00198526
      3.50234     0.234633   0.00212138
      3.50390     0.228577   0.00195206
      3.50547     0.230484   0.00194574
      3.50704     0.230982   0.00182525
      3.50860     0.231179   0.00186792
      3.51017     0.229126   0.00203093
      3.51174     0.228818   0.00206501
      3.51330     0.228924   0.00200864
      3.51487     0.229862   0.00211740
      3.51643     0.231868   0.00192771
      3.51800     0.232781   0.00194975
      3.51957     0.233799   0.00189813
      3.52113     0.232759   0.00192916
      3.52270     0.233672   0.00188281
      3.52426     0.233318   0.00208704
      3.52582     0.233106   0.00200273
      3.52739     0.232247   0.00194847
      3.52895     0.230728   0.00183971
      3.53052     0.233198   0.00191669
      3.53208     0.233813   0.00189012
      3.53364     0.233211   0.00191169
      3.53521     0.232322   0.00189402
      3.53677     0.230912   0.00198415
      3.53833     0.233509   0.00188680
      3.53989     0.233616   0.00208613
      3.54146     0.236090   0.00180738
      3.54302     0.234929   0.00195877
      3.54458     0.235552   0.00188247
      3.54614     0.234700   0.00201351
      3.54770     0.237462   0.00183677
      3.54926     0.238349   0.00186240
      3.55082     0.239478   0.00177960
      3.55238     0.239049   0.00196641
      3.55394     0.236939   0.00186930
      3.55550     0.238771   0.00188203
      3.55706     0.238702   0.00183087
      3.55862     0.237026   0.00211493
      3.56018     0.235722   0.00203508
      3.56173     0.235740   0.00212005
      3.56329     0.237382   0.00197339
      3.56485     0.238706   0.00200733
      3.56641     0.238165   0.00194271
      3.56796     0.239183   0.00209498
      3.56952     0.242708   0.00188967
      3.57107     0.241258   0.00193800
      3.57263     0.241911   0.00200448
      3.57418     0.242169   0.00205851
      3.57574     0.240653   0.00192713
      3.57729     0.240648   0.00191979
      3.57885     0.244534   0.00183245
      3.58040     0.245095   0.00198667
      3.58195     0.239944   0.00209263
      3.58350     0.240904   0.00207591
      3.58506     0.243056   0.00191010
      3.58661     0.242613   0.00178537
      3.58816     0.242416   0.00180771
      3.58971     0.244484   0.00177044
      3.59126     0.245468   0.00178195
      3.59281     0.243339   0.00176526
      3.59436     0.245868   0.00193858
      3.59591     0.246741   0.00193867
      3.59746     0.245258   0.00196882
      3.59900     0.247766   0.00197594
      3.60055     0.250545   0.00203951
      3.60210     0.248028   0.00196446
      3.60364     0.243953   0.00204979
      3.60519     0.246559   0.00191595
      3.60673     0.250117   0.00196032
      3.60828     0.250728   0.00181916
      3.60982     0.249747   0.00183892
      3.61137     0.250180   0.00192619
      3.61291     0.249931   0.00195502
      3.61445     0.249449   0.00194390
      3.61599     0.249595   0.00204428
      3.61753     0.249899   0.00200490
      3.61907     0.253817   0.00191719
      3.62061     0.252375   0.00185178
      3.62215     0.251907   0.00205792
      3.62369     0.251164   0.00194923
      3.62523     0.251453   0.00199310
      3.62677     0.252320   0.00187742
      3.62831     0.250099   0.00194548
      3.62984     0.247519   0.00176588
      3.63138     0.250471   0.00192129
      3.63291     0.251862   0.00188239
      3.63445     0.253211   0.00188482
      3.63598     0.254849   0.00178912
      3.63751     0.253793   0.00198968
      3.63905     0.255061   0.00197396
      3.64058     0.255369   0.00197629
      3.64211     0.252517   0.00198275
      3.64364     0.251295   0.00203664
      3.64517     0.252946   0.00202969
      3.64670     0.256345   0.00216229
      3.64823     0.254276   0.00191784
      3.64975     0.251127   0.00204313
      3.65128     0.251326   0.00184847
      3.65281     0.250558   0.00199477
      3.65433     0.249711   0.00197653
      3.65586     0.251390   0.00191712
      3.65738     0.252683   0.00178570
      3.65891     0.249382   0.00191702
      3.66043     0.247839   0.00190786
      3.66195     0.250244   0.00202323
      3.66347     0.249225   0.00196445
      3.66499     0.247933   0.00202493
      3.66651     0.250179   0.00190789
      3.66803     0.255765   0.00189800
      3.66955     0.256810   0.00197229
      3.67106     0.256353   0.00186711
      3.67258     0.256211   0.00168381
      3.67409     0.254587   0.00177088
      3.67561     0.255076   0.00177353
      3.67712     0.257540   0.00193915
      3.67864     0.259360   0.00187865
      3.68015     0.256142   0.00201348
      3.68166     0.256000   0.00195358
      3.68317     0.255079   0.00196311
      3.68468     0.256489   0.00192150
      3.68619     0.256815   0.00190627
      3.68769     0.255676   0.00185193
      3.68920     0.258312   0.00185401
      3.69071     0.261444   0.00173176
      3.69221     0.260942   0.00194421
      3.69372     0.259463   0.00183018
      3.69522     0.258951   0.00183669
      3.69672     0.257761   0.00182538
      3.69822     0.260078   0.00191973
      3.69972     0.258641   0.00182921
      3.70122     0.259126   0.00196012
      3.70272     0.257880   0.00203903
      3.70422     0.258809   0.00213864
      3.70571     0.258851   0.00210564
      3.70721     0.259590   0.00219877
      3.70871     0.258081   0.00216913
      3.71020     0.257814   0.00225796
      3.71169     0.261319   0.00214097
      3.71318     0.265164   0.00231202
      3.71467     0.266345   0.00190656
      3.71616     0.267206   0.00214804
      3.71765     0.265804   0.00199213
      3.71914     0.264257   0.00200115
      3.72063     0.261474   0.00195878
      3.72211     0.260324   0.00202805
      3.72360     0.261812   0.00184033
      3.72508     0.263405   0.00199126
      3.72656     0.264902   0.00184721
      3.72804     0.268226   0.00188717
      3.72952     0.268579   0.00194000
      3.73100     0.266305   0.00206925
      3.73248     0.268685   0.00177769
      3.73396     0.267651   0.00192630
      3.73543     0.270031   0.00175896
      3.73691     0.268030   0.00174132
      3.73838     0.266321   0.00186139
      3.73985     0.266356   0.00182144
      3.74133     0.268317   0.00179176
      3.74280     0.266802   0.00187769
      3.74426     0.267618   0.00191042
      3.74573     0.266529   0.00205981
      3.74720     0.267532   0.00191967
      3.74866     0.271605   0.00205712
      3.75013     0.270276   0.00207171
      3.75159     0.270095   0.00200526
      3.75305     0.270384   0.00192524
      3.75452     0.267822   0.00189488
      3.75597     0.271364   0.00171262
      3.75743     0.270600   0.00186201
      3.75889     0.270942   0.00177297
      3.76035     0.272352   0.00182484
      3.76180     0.268279   0.00182369
      3.76325     0.269093   0.00198847
      3.76471     0.271151   0.00190619
      3.76616     0.268041   0.00201557
      3.76761     0.275452   0.00202897
      3.76906     0.272169   0.00202518
      3.77050     0.274297   0.00215213
      3.77195     0.280792   0.00213885
      3.77339     0.293512   0.00198386
      3.77484     0.301358   0.00203771
      3.77628     0.310494   0.00204271
      3.77772     0.302384   0.00199725
      3.77916     0.294513   0.00193685
      3.78060     0.283976   0.00197136
      3.78203     0.282081   0.00190742
      3.78347     0.282110   0.00201701
      3.78490     0.279934   0.00201313
      3.78634     0.275522   0.00220329
      3.78777     0.269700   0.00197187
      3.78920     0.272252   0.00209810
      3.79063     0.272891   0.00196206
      3.79205     0.268416   0.00195459
      3.79348     0.271439   0.00200807
      3.79490     0.269001   0.00204784
      3.79633     0.272234   0.00217814
      3.79775     0.272552   0.00206766
      3.79917     0.273696   0.00204880
      3.80059     0.271795   0.00206501
      3.80200     0.271930   0.00211459
      3.80342     0.273886   0.00209376
      3.80483     0.277447   0.00188795
      3.80625     0.277547   0.00215873
      3.80766     0.276593   0.00198572
      3.80907     0.275007   0.00203829
      3.81048     0.278449   0.00206684
      3.81188     0.277461   0.00192039
      3.81329     0.277829   0.00191257
      3.81469     0.276407   0.00183326
      3.81609     0.277098   0.00197251
      3.81749     0.275422   0.00201619
      3.81889     0.273986   0.00203271
      3.82029     0.272795   0.00206131
      3.82169     0.272709   0.00215366
      3.82308     0.272930   0.00220892
      3.82448     0.272849   0.00217647
      3.82587     0.274471   0.00223514
      3.82726     0.272591   0.00211634
      3.82865     0.274752   0.00202215
      3.83003     0.279283   0.00222528
      3.83142     0.279324   0.00210960
      3.83280     0.280193   0.00206320
      3.83418     0.277422   0.00189738
      3.83556     0.278100   0.00210419
      3.83694     0.279398   0.00209208
      3.83832     0.278509   0.00203491
      3.83969     0.279009   0.00203588
      3.84107     0.281828   0.00201215
      3.84244     0.281717   0.00192990
      3.84381     0.281341   0.00210056
      3.84518     0.280783   0.00200709
      3.84655     0.279380   0.00213224
      3.84791     0.286292   0.00223454
      3.84928     0.285780   0.00204930
      3.85064     0.287099   0.00197285
      3.85200     0.284937   0.00210524
      3.85336     0.286682   0.00241654
      3.85471     0.287038   0.00204158
      3.85607     0.286526   0.00181958
      3.85742     0.286880   0.00197707
      3.85877     0.285283   0.00206473
      3.86012     0.286475   0.00209024
      3.86147     0.284283   0.00203021
      3.86282     0.284880   0.00213529
      3.86416     0.284581   0.00206608
      3.86550     0.286896   0.00206957
      3.86684     0.283549   0.00233562
      3.86818     0.286413   0.00224131
      3.86952     0.286704   0.00210966
      3.87086     0.285976   0.00211171
      3.87219     0.286574   0.00205870
      3.87352     0.291696   0.00197621
      3.87485     0.284225   0.00220654
      3.87618     0.281252   0.00203676
      3.87750     0.290963   0.00190295
      3.87883     0.288967   0.00198873
      3.88015     0.287090   0.00191048
      3.88147     0.286139   0.00201458
      3.88279     0.288193   0.00225059
      3.88411     0.290250   0.00195172
      3.88542     0.292427   0.00212157
      3.88673     0.286401   0.00207901
      3.88804     0.286722   0.00216218
      3.88935     0.283480   0.00230142
      3.89066     0.282306   0.00208792
      3.89196     0.287087   0.00221352
      3.89327     0.293181   0.00227556
      3.89457     0.287146   0.00240298
      3.89587     0.287755   0.00226258
      3.89716     0.290824   0.00220774
      3.89846     0.292996   0.00244204
      3.89975     0.296994   0.00236025
      3.90104     0.297843   0.00230288
      3.90233     0.296889   0.00229907
      3.90362     0.296524   0.00239554
      3.90490     0.295588   0.00222672
      3.90619     0.291437   0.00249338
      3.90747     0.293039   0.00216008
      3.90875     0.295744   0.00239243
      3.91002     0.297738   0.00265177
      3.91130     0.296854   0.00226214
      3.91257     0.296344   0.00225777
      3.91384     0.296439   0.00235703
      3.91511     0.293847   0.00236585
      3.91638     0.297951   0.00248381
      3.91764     0.297191   0.00212093
      3.91890     0.296670   0.00220043
      3.92016     0.300536   0.00224325
      3.92142     0.301100   0.00237657
      3.92267     0.300468   0.00243093
      3.92393     0.296428   0.00232961
      3.92518     0.296473   0.00212887
      3.92643     0.298844   0.00205023
      3.92767     0.301522   0.00227372
      3.92892     0.303161   0.00232035
      3.93016     0.303844   0.00218201
      3.93140     0.306975   0.00227975
      3.93264     0.303798   0.00255850
      3.93387     0.304154   0.00243534
      3.93511     0.301030   0.00236909
      3.93634     0.301697   0.00244430
      3.93757     0.307450   0.00212330
      3.93879     0.302908   0.00228593
      3.94002     0.302910   0.00229843
      3.94124     0.299919   0.00225161
      3.94246     0.302323   0.00214049
      3.94368     0.303591   0.00231611
      3.94489     0.306720   0.00241346
      3.94611     0.303709   0.00238240
      3.94732     0.303760   0.00213710
      3.94852     0.305206   0.00249761
      3.94973     0.304997   0.00217947
      3.95093     0.302459   0.00233792
      3.95213     0.306998   0.00233058
      3.95333     0.304919   0.00219154
      3.95453     0.308167   0.00211711
      3.95572     0.305582   0.00227201
      3.95691     0.304817   0.00240452
      3.95810     0.299381   0.00227009
      3.95929     0.303811   0.00234120
      3.96047     0.303334   0.00228750
      3.96166     0.307359   0.00216220
      3.96284     0.304072   0.00211672
      3.96401     0.306639   0.00222086
      3.96519     0.308743   0.00209801
      3.96636     0.311041   0.00219124
      3.96753     0.303150   0.00216109
      3.96870     0.310598   0.00256664
      3.96986     0.308869   0.00221936
      3.97102     0.310851   0.00236807
      3.97218     0.309955   0.00240083
      3.97334     0.309622   0.00213219
      3.97449     0.311150   0.00222696
      3.97565     0.311865   0.00256029
      3.97680     0.307148   0.00230362
      3.97794     0.308470   0.00235091
      3.97909     0.309338   0.00211856
      3.98023     0.308996   0.00224893
      3.98137     0.309186   0.00226882
      3.98250     0.309026   0.00225828
      3.98364     0.311424   0.00231664
      3.98477     0.315032   0.00240610
      3.98590     0.309301   0.00192931
      3.98702     0.306786   0.00233447
      3.98815     0.307520   0.00211116
      3.98927     0.315623   0.00205747
      3.99039     0.308882   0.00205802
      3.99150     0.311024   0.00219475
      3.99262     0.318179   0.00254160
      3.99373     0.317824   0.00266877
      3.99483     0.320585   0.00245572
      3.99594     0.316904   0.00233506
      3.99704     0.317512   0.00236078
      3.99814     0.319072   0.00259643
      3.99924     0.320833   0.00222510
      4.00033     0.316137   0.00248433
      4.00142     0.316280   0.00241882
      4.00251     0.321044   0.00239535
      4.00360     0.321158   0.00246552
      4.00468     0.323438   0.00237440
      4.00576     0.324057   0.00247309
      4.00684     0.320552   0.00219985
      4.00791     0.322081   0.00238212
      4.00898     0.316699   0.00229797
      4.01005     0.319079   0.00250603
      4.01112     0.320164   0.00254982
      4.01218     0.320623   0.00231888
      4.01324     0.321710   0.00260039
      4.01430     0.325048   0.00240525
      4.01535     0.323181   0.00247425
      4.01641     0.319612   0.00238628
      4.01746     0.320425   0.00240261
      4.01850     0.330048   0.00216121
      4.01955     0.334423   0.00267717
      4.02059     0.332200   0.00281783
      4.02162     0.331069   0.00217289
      4.02266     0.327441   0.00233804
      4.02369     0.328289   0.00257838
      4.02472     0.329608   0.00266801
      4.02574     0.326379   0.00279533
      4.02677     0.324440   0.00275931
      4.02779     0.322418   0.00242463
      4.02880     0.321863   0.00259447
      4.02982     0.321226   0.00282960
      4.03083     0.321014   0.00258797
      4.03184     0.318580   0.00296999
      4.03284     0.323071   0.00269609
      4.03384     0.321750   0.00271465
      4.03484     0.325398   0.00283012
      4.03584     0.324752   0.00267385
      4.03683     0.328579   0.00279522
      4.03782     0.338494   0.00269200
      4.03881     0.349336   0.00309130
      4.03979     0.357717   0.00306708
      4.04077     0.385749   0.00327280
      4.04175     0.412110   0.00302401
      4.04272     0.422085   0.00328164
      4.04369     0.406665   0.00331423
      4.04466     0.375880   0.00253604
      4.04562     0.350599   0.00298112
      4.04659     0.337575   0.00312979
      4.04754     0.329846   0.00306670
      4.04850     0.332856   0.00303355
      4.04945     0.320303   0.00293909
      4.05040     0.323253   0.00270575
      4.05135     0.328246   0.00305466
      4.05229     0.331395   0.00278800
      4.05323     0.334521   0.00306264
      4.05416     0.332490   0.00325253
      4.05510     0.335532   0.00285707
      4.05603     0.328794   0.00295759
      4.05695     0.331412   0.00358724
      4.05788     0.333624   0.00321948
      4.05880     0.327593   0.00353954
      4.05971     0.325706   0.00323751
      4.06063     0.332432   0.00355085
      4.06154     0.333152   0.00302032
      4.06244     0.332694   0.00315260
      4.06335     0.327336   0.00323799
      4.06425     0.330679   0.00263517
      4.06514     0.334606   0.00338030
      4.06604     0.335048   0.00337165
      4.06693     0.330284   0.00337043
      4.06781     0.329929   0.00311270
      4.06870     0.332767   0.00315046
      4.06958     0.331865   0.00319006
      4.07045     0.333590   0.00338959
      4.07133     0.345729   0.00342435
      4.07220     0.337785   0.00334455
      4.07306     0.333387   0.00325867
      4.07392     0.334790   0.00330379
      4.07478     0.339936   0.00337740
      4.07564     0.338810   0.00324255
      4.07649     0.334313   0.00352225
      4.07734     0.337272   0.00359039
      4.07819     0.336932   0.00361479
      4.07903     0.336053   0.00341419
      4.07987     0.341714   0.00327786
      4.08070     0.340670   0.00351346
      4.08153     0.342085   0.00364045
      4.08236     0.337124   0.00341857
      4.08319     0.335190   0.00347510
      4.08401     0.333422   0.00343430
      4.08483     0.330878   0.00351733
      4.08564     0.332162   0.00353305
      4.08645     0.335974   0.00353959
      4.08726     0.339035   0.00332656
      4.08806     0.344672   0.00370831
      4.08886     0.347754   0.00328864
      4.08965     0.339149   0.00393981
      4.09045     0.341594   0.00310558
      4.09123     0.344481   0.00327720
      4.09202     0.342330   0.00414447
      4.09280     0.346135   0.00380733
      4.09358     0.342608   0.00424332
      4.09435     0.345228   0.00438256
      4.09512     0.346633   0.00385031
      4.09589     0.355455   0.00396416
      4.09665     0.357652   0.00392675
      4.09741     0.354561   0.00410919
      4.09817     0.353983   0.00431678
      4.09892     0.351284   0.00432584
      4.09967     0.357271   0.00339844
      4.10041     0.349491   0.00407585
      4.10115     0.353183   0.00393695
      4.10189     0.351941   0.00471649
      4.10262     0.358765   0.00441327
      4.10335     0.358095   0.00418462
      4.10407     0.356715   0.00450042
      4.10480     0.352761   0.00416127
      4.10551     0.351668   0.00464498
      4.10623     0.358566   0.00482843
      4.10694     0.349524   0.00522789
      4.10764     0.362924   0.00491168
      4.10835     0.369186   0.00506927
      4.10904     0.372358   0.00558150
      4.10974     0.378012   0.00583587
      4.11043     0.365456   0.00614131
      4.11111     0.356305   0.00612872
      4.11180     0.358899   0.00616135
      4.11248     0.354938   0.00670292
      4.11315     0.355290   0.00761244
      4.11382     0.362395   0.00764038
      4.11449     0.362365   0.00886181
      4.11515     0.346698    0.0109077
      4.11581     0.343135    0.0141694
      4.11647     0.356212    0.0191738
      4.11712     0.311012    0.0244979
      4.11776     0.336143    0.0445576
      4.11841     0.115585     0.101392
      4.11905     0.201769     0.207646
      4.11968     0.380151     0.499004
      4.12031      1.62009      1.16914
      4.12094    -0.332178     0.950631
      4.12156     -3.41701      10.2636
      4.12218      3.99803      16.9196
      4.12279     -6.92964      17.1424
      4.12340      1.35444      4.52507
      4.12401      4.68605      6.65266
      4.12461      28.5198      680.173
      4.12521      44.2658      114.549
      4.12581     -7.82513      3.53905
      4.12640     -47.4914      76.3583
      4.12698     -64.3436      22.0426
      4.12756     -189.667      118.634
      4.12814     -20.7713      175.670
      4.12871     -3.25327      7.83798
      4.12928      1.67679      10.5611
      4.12985      35.9262      87.3878
      4.13041      164.004      91.8774
      4.13096      6.27073      6.95831
      4.13152      30.0678      2.26372
      4.13206      171.148      25.2876
      4.13261      13.8073      14.6514
      4.13315     -1.20415      6.92187
      4.13368      2.16237      4.45915
      4.13421      2.57197      6.09708
      4.13474      17.3781      19.7602
      4.13526      40.2084      56.1943
      4.13578     -58.2581      14.2106
      4.13629     -305.355      17277.3
      4.13680     -4.96108      8.25490
      4.13730      3.67036      18.3391
      4.13780      13.6155      18.0509
      4.13830      12.4073      8.71614
      4.13879      14.7052      9.18427
      4.13928      46.7642      32.1584
      4.13976     0.555436      9.08728
      4.14024      28.4051      27.7542
      4.14071      19.0439      17.9579
      4.14118      18.8435      39.4913
      4.14165      34.0810      68.5830
      4.14211     -5.83407      17.5717
      4.14256     -2.74621      10.8026
      4.14301     -35.0048      24.7978
      4.14346    -0.926378      17.3615
      4.14390      36.8319      62.5902
      4.14434     -11.3573      3.16438
      4.14478     -80.5811      43.3223
      4.14520      6.96175      14.9338
      4.14563     -6.91401      4.85794
      4.14605      8.57185      26.3910
      4.14646    -0.880233      15.8063
      4.14687     -4.77264      17.9136
      4.14728     -181.340      41.0461
      4.14768     -762.954      279.009
      4.14808      1.27641      13.5543
      4.14847     0.428290      13.7083
      4.14886      4.48230      9.35409
      4.14924      8.84723      13.9305
      4.14962     -2.45615      12.1343
      4.14999     -9.73224      11.6993
      4.15036     -13.9496      7.04743
      4.15073      5.37538      4.14398
      4.15109      15.2048      5.63333
      4.15144      10.8517      5.60434
      4.15179      15.9222      10.3136
      4.15214      19.5834      15.1718
      4.15248      17.0646      15.4270
      4.15281      0.00000    0.0865404
