SOURCE  = IRAS 08448                    / Source name
STANDARD= BS 3185                       / Standard name
OBSDATE = 07-01-2001                    / Date of observation
SPOS    = 08:46:32.3  -43:54:46.5       / Source position RA,DEC,J2000
STPOS   = 08:07:32.6  -24:18:53.0       / Standard position RA,DEC,J2000
STSPT   = F6II                          / Standard spectral type
STTEFF  = 6640                          / Standard effective temperature [K]
STMAG   = 1.91 (Act. Opt. stopped - 2" s/ Standard magnitude (adopted)
WAVEZP  = 3.45                          / Wavelength zero point [micron]
FLUXZP  = 290                           / Flux zero point [Jy]
SAIRM   = 1.060                         / Source mean airmass
STAIRM  = 1.052                         / Standard mean airmass
AIRMCORR= 0.949                         / Optimal (adopted) airmass correction
SPECRES = ~600                          / Spectral resolution

Created by E. Dartois and K. Pontoppidan (c)

Wavelength [micron] Flux [Jy] Statistical Error [Jy]

      2.81888      0.00000     0.637406
      2.82030     0.209867     0.730869
      2.82172     0.218091     0.553232
      2.82314    0.0506209     0.434694
      2.82456   -0.0188213     0.316607
      2.82598    0.0463664     0.228162
      2.82739     0.114661     0.188253
      2.82881     0.186106     0.170576
      2.83023     0.133575     0.231084
      2.83165    -0.172406     0.515207
      2.83307     0.495220      2.15499
      2.83449     -1.03345      3.21778
      2.83591    -0.665772      1.57478
      2.83733     0.494742     0.857783
      2.83875     0.172951     0.339776
      2.84017    0.0522282     0.173633
      2.84159    0.0974374     0.124047
      2.84301     0.221235     0.104657
      2.84443    0.0923983     0.120515
      2.84585   -0.0765536     0.230061
      2.84727   -0.0473200     0.409042
      2.84869     0.175290     0.387798
      2.85011   0.00382257     0.328371
      2.85153     0.665869     0.443819
      2.85295     0.426562     0.594038
      2.85437     0.180991     0.339232
      2.85579    0.0275684     0.226410
      2.85721    0.0434831     0.172372
      2.85863    0.0898998     0.139080
      2.86005     0.106003     0.113153
      2.86147     0.105635    0.0863253
      2.86289     0.157895    0.0790904
      2.86431     0.176356    0.0876504
      2.86573     0.129515     0.109461
      2.86715     0.166238     0.155083
      2.86857     0.275920     0.202071
      2.86999     0.156332     0.174816
      2.87141    0.0958691     0.117237
      2.87283     0.153227    0.0817682
      2.87425     0.182574    0.0649432
      2.87567     0.160648    0.0608426
      2.87710     0.151927    0.0671223
      2.87852     0.140564    0.0667531
      2.87994     0.171219    0.0623245
      2.88136     0.172005    0.0630077
      2.88278     0.111448    0.0663788
      2.88420     0.132565    0.0726236
      2.88562     0.156648    0.0738815
      2.88704     0.133020    0.0786965
      2.88846    0.0753076    0.0828840
      2.88988    0.0774936    0.0687748
      2.89130     0.116085    0.0572803
      2.89272     0.174085    0.0494163
      2.89415     0.152232    0.0425121
      2.89557     0.140286    0.0391468
      2.89699     0.135670    0.0414359
      2.89841     0.137768    0.0510258
      2.89983    0.0963523    0.0762144
      2.90125   0.00833709     0.115616
      2.90267    0.0229184     0.112250
      2.90409    0.0848344    0.0974824
      2.90552     0.124091    0.0874974
      2.90694     0.108527    0.0669139
      2.90836    0.0939894    0.0528070
      2.90978     0.118522    0.0450705
      2.91120     0.109566    0.0428869
      2.91262    0.0868418    0.0452654
      2.91404    0.0785599    0.0494517
      2.91547    0.0769782    0.0465432
      2.91689    0.0987998    0.0427311
      2.91831    0.0794186    0.0421318
      2.91973    0.0903635    0.0445954
      2.92115    0.0357935    0.0570499
      2.92257    0.0166349    0.0796519
      2.92400    0.0467987    0.0681484
      2.92542    0.0617171    0.0489895
      2.92684    0.0815307    0.0393046
      2.92826    0.0925988    0.0359604
      2.92968    0.0863750    0.0352985
      2.93110    0.0736304    0.0346535
      2.93253    0.0818101    0.0332400
      2.93395    0.0931718    0.0339420
      2.93537    0.0725426    0.0351773
      2.93679    0.0671672    0.0376691
      2.93821    0.0733111    0.0433835
      2.93964    0.0835797    0.0483700
      2.94106    0.0898603    0.0479638
      2.94248    0.0464918    0.0472490
      2.94390    0.0155241    0.0509035
      2.94532    0.0181995    0.0499352
      2.94675    0.0503696    0.0462245
      2.94817    0.0745090    0.0442547
      2.94959    0.0832148    0.0384036
      2.95101    0.0835267    0.0358242
      2.95244    0.0736647    0.0386795
      2.95386    0.0650460    0.0462259
      2.95528    0.0662588    0.0487421
      2.95670    0.0840150    0.0419288
      2.95813    0.0816249    0.0366801
      2.95955    0.0659162    0.0361689
      2.96097    0.0554327    0.0356481
      2.96239    0.0516954    0.0338707
      2.96382    0.0571171    0.0328644
      2.96524    0.0715231    0.0327662
      2.96666    0.0824610    0.0355130
      2.96808    0.0697537    0.0444800
      2.96951    0.0386941    0.0639953
      2.97093    0.0951056    0.0896974
      2.97235    0.0358155    0.0975388
      2.97377    0.0144112    0.0792658
      2.97520    0.0298941    0.0635863
      2.97662    0.0425308    0.0550762
      2.97804    0.0425816    0.0500775
      2.97947    0.0454658    0.0490034
      2.98089    0.0636136    0.0475296
      2.98231    0.0667750    0.0402389
      2.98373    0.0725816    0.0342344
      2.98516    0.0735268    0.0312723
      2.98658    0.0717581    0.0298148
      2.98800    0.0574686    0.0288494
      2.98943    0.0469741    0.0283048
      2.99085    0.0532326    0.0287534
      2.99227    0.0601028    0.0302085
      2.99369    0.0595303    0.0327901
      2.99512    0.0576974    0.0347730
      2.99654    0.0499958    0.0367462
      2.99796    0.0498481    0.0378507
      2.99939    0.0578296    0.0347550
      3.00081    0.0574634    0.0307941
      3.00223    0.0647323    0.0291827
      3.00366    0.0710580    0.0309897
      3.00508    0.0618308    0.0361226
      3.00650    0.0504121    0.0426041
      3.00793    0.0486965    0.0428189
      3.00935    0.0521093    0.0363795
      3.01077    0.0625768    0.0320361
      3.01220    0.0654174    0.0293490
      3.01362    0.0621554    0.0292706
      3.01504    0.0573328    0.0311121
      3.01647    0.0552400    0.0330001
      3.01789    0.0421038    0.0360280
      3.01931    0.0275951    0.0452771
      3.02074    0.0635022    0.0505075
      3.02216    0.0468991    0.0455195
      3.02358    0.0692829    0.0383066
      3.02501    0.0734978    0.0320437
      3.02643    0.0565143    0.0286871
      3.02786    0.0552765    0.0286707
      3.02928    0.0659749    0.0299822
      3.03070    0.0799183    0.0316730
      3.03213    0.0532179    0.0347519
      3.03355    0.0446697    0.0389247
      3.03497    0.0581605    0.0417517
      3.03640    0.0666642    0.0439344
      3.03782    0.0736461    0.0520220
      3.03924    0.0559167    0.0529213
      3.04067    0.0676345    0.0429725
      3.04209    0.0657106    0.0377222
      3.04352    0.0548781    0.0346875
      3.04494    0.0625984    0.0343547
      3.04636    0.0536965    0.0375161
      3.04779    0.0305318    0.0401101
      3.04921    0.0418527    0.0415829
      3.05064    0.0341012    0.0490288
      3.05206   0.00818254    0.0555795
      3.05348    0.0288823    0.0667488
      3.05491    0.0272800    0.0705659
      3.05633    0.0174673    0.0556855
      3.05776    0.0383069    0.0411244
      3.05918    0.0502597    0.0341276
      3.06060    0.0601426    0.0307846
      3.06203    0.0704593    0.0323638
      3.06345    0.0366395    0.0366110
      3.06488    0.0472378    0.0379130
      3.06630    0.0654882    0.0360320
      3.06772    0.0634180    0.0360646
      3.06915    0.0566026    0.0383777
      3.07057    0.0459722    0.0407625
      3.07200    0.0514299    0.0439648
      3.07342    0.0622986    0.0399899
      3.07485    0.0664030    0.0347832
      3.07627    0.0644473    0.0294297
      3.07769    0.0629209    0.0276261
      3.07912    0.0588060    0.0292397
      3.08054    0.0511112    0.0340063
      3.08197    0.0506991    0.0417102
      3.08339    0.0730129    0.0467314
      3.08482    0.0684061    0.0419027
      3.08624    0.0657348    0.0376993
      3.08767    0.0570363    0.0372393
      3.08909    0.0485457    0.0359397
      3.09051    0.0555406    0.0366352
      3.09194    0.0580541    0.0385737
      3.09336    0.0662098    0.0396013
      3.09479    0.0565960    0.0462559
      3.09621     0.104117    0.0485866
      3.09764    0.0792145    0.0473821
      3.09906    0.0659773    0.0412337
      3.10049    0.0790455    0.0353973
      3.10191    0.0798215    0.0323698
      3.10334    0.0764330    0.0327200
      3.10476    0.0799407    0.0399934
      3.10618    0.0365627    0.0492510
      3.10761    0.0666617    0.0517232
      3.10903     0.101498    0.0465091
      3.11046    0.0955836    0.0456178
      3.11188    0.0826321    0.0456847
      3.11331    0.0826800    0.0444544
      3.11473    0.0746559    0.0394288
      3.11616    0.0927996    0.0372774
      3.11758    0.0965420    0.0335873
      3.11901    0.0894606    0.0275138
      3.12043    0.0833383    0.0246148
      3.12186    0.0909049    0.0243221
      3.12328    0.0878868    0.0257835
      3.12471    0.0896605    0.0294642
      3.12613     0.108653    0.0376228
      3.12756    0.0777552    0.0495203
      3.12898    0.0691347    0.0446789
      3.13041    0.0815305    0.0338019
      3.13183    0.0866281    0.0268836
      3.13326    0.0926253    0.0241371
      3.13468    0.0936331    0.0236027
      3.13611    0.0990590    0.0232715
      3.13753    0.0949617    0.0243022
      3.13896    0.0916653    0.0271696
      3.14038    0.0933654    0.0313426
      3.14181     0.103857    0.0326317
      3.14323     0.105903    0.0294125
      3.14466     0.121378    0.0296976
      3.14608     0.107166    0.0325248
      3.14751    0.0954815    0.0367070
      3.14893    0.0986151    0.0332858
      3.15036     0.109369    0.0276480
      3.15178     0.110445    0.0251460
      3.15321     0.112301    0.0247401
      3.15463     0.115272    0.0254645
      3.15606     0.116799    0.0276326
      3.15748     0.117027    0.0283179
      3.15891     0.118846    0.0267773
      3.16033    0.0868582    0.0246429
      3.16176     0.112363    0.0231758
      3.16318     0.128156    0.0220341
      3.16461     0.128294    0.0212108
      3.16603     0.129885    0.0211829
      3.16746     0.131190    0.0215174
      3.16888     0.137470    0.0217425
      3.17031     0.137533    0.0218359
      3.17173     0.138233    0.0224495
      3.17316     0.130639    0.0235122
      3.17458     0.136951    0.0244678
      3.17601     0.143777    0.0236279
      3.17744     0.142776    0.0225420
      3.17886     0.142979    0.0217661
      3.18029     0.149219    0.0218846
      3.18171     0.152875    0.0229486
      3.18314     0.149453    0.0248012
      3.18456     0.150898    0.0250321
      3.18599     0.153137    0.0238574
      3.18741     0.162607    0.0229693
      3.18884     0.167060    0.0230592
      3.19026     0.160626    0.0259771
      3.19169     0.158553    0.0319752
      3.19312     0.157331    0.0381881
      3.19454     0.158471    0.0347501
      3.19597     0.175089    0.0302991
      3.19739     0.177053    0.0316168
      3.19882     0.159076    0.0405637
      3.20024     0.165460    0.0535225
      3.20167     0.188731    0.0530159
      3.20309     0.177693    0.0500422
      3.20452     0.178136    0.0548229
      3.20595     0.200900    0.0532433
      3.20737     0.197574    0.0609646
      3.20880     0.192329    0.0829838
      3.21022     0.238482    0.0902243
      3.21165     0.252928    0.0895289
      3.21307     0.216310    0.0684560
      3.21450     0.201637    0.0553974
      3.21592     0.209363    0.0482510
      3.21735     0.209578    0.0455974
      3.21878     0.203835    0.0414702
      3.22020     0.222929    0.0393021
      3.22163     0.233552    0.0404629
      3.22305     0.236087    0.0553751
      3.22448     0.270127    0.0897215
      3.22590     0.219910    0.0822167
      3.22733     0.222948    0.0602414
      3.22876     0.243884    0.0502817
      3.23018     0.210392    0.0535378
      3.23161     0.224747    0.0573115
      3.23303     0.222797    0.0407676
      3.23446     0.244558    0.0290888
      3.23589     0.254259    0.0241098
      3.23731     0.242740    0.0232623
      3.23874     0.246259    0.0251667
      3.24016     0.236296    0.0283973
      3.24159     0.244352    0.0314556
      3.24301     0.261741    0.0316380
      3.24444     0.264870    0.0344442
      3.24587     0.230644    0.0499497
      3.24729     0.248589    0.0679184
      3.24872     0.253574    0.0621193
      3.25014     0.261636    0.0445769
      3.25157     0.271797    0.0317391
      3.25300     0.283101    0.0247343
      3.25442     0.283486    0.0216634
      3.25585     0.282350    0.0212737
      3.25727     0.285903    0.0218301
      3.25870     0.286619    0.0242985
      3.26013     0.269569    0.0306307
      3.26155     0.229020    0.0459736
      3.26298     0.250107    0.0566436
      3.26440     0.282059    0.0430681
      3.26583     0.299603    0.0334651
      3.26726     0.304857    0.0291048
      3.26868     0.305987    0.0313690
      3.27011     0.315065    0.0374853
      3.27153     0.298958    0.0418935
      3.27296     0.295114    0.0402104
      3.27439     0.308920    0.0303316
      3.27581     0.331169    0.0241368
      3.27724     0.330566    0.0231490
      3.27866     0.333559    0.0252579
      3.28009     0.326209    0.0287410
      3.28152     0.318463    0.0296188
      3.28294     0.340073    0.0245398
      3.28437     0.351820    0.0209915
      3.28579     0.351229    0.0200434
      3.28722     0.354790    0.0198521
      3.28865     0.358416    0.0199020
      3.29007     0.360156    0.0204967
      3.29150     0.355425    0.0219743
      3.29292     0.368225    0.0249441
      3.29435     0.380747    0.0293319
      3.29578     0.402408    0.0390882
      3.29720     0.438744    0.0526179
      3.29863     0.434346    0.0566771
      3.30006     0.395438    0.0521948
      3.30148     0.388657    0.0384170
      3.30291     0.401962    0.0302265
      3.30433     0.397110    0.0273752
      3.30576     0.381903    0.0278311
      3.30719     0.385587    0.0280398
      3.30861     0.396877    0.0264474
      3.31004     0.381980    0.0276903
      3.31147     0.377951    0.0293340
      3.31289     0.376805    0.0332432
      3.31432     0.336951    0.0548487
      3.31574     0.119229     0.152874
      3.31717     0.223015     0.211619
      3.31860     0.420698     0.169080
      3.32002     0.292409     0.122932
      3.32145     0.323797    0.0742608
      3.32288     0.385398    0.0478905
      3.32430     0.405136    0.0347402
      3.32573     0.413542    0.0291770
      3.32716     0.402035    0.0283394
      3.32858     0.402565    0.0300736
      3.33001     0.400597    0.0288513
      3.33143     0.426281    0.0238001
      3.33286     0.434968    0.0209308
      3.33429     0.439071    0.0204799
      3.33571     0.433745    0.0209583
      3.33714     0.437692    0.0213118
      3.33857     0.430721    0.0228163
      3.33999     0.430522    0.0270002
      3.34142     0.431119    0.0288606
      3.34285     0.444320    0.0271327
      3.34427     0.447469    0.0258311
      3.34570     0.438668    0.0263640
      3.34713     0.429945    0.0287727
      3.34855     0.452619    0.0264289
      3.34998     0.469347    0.0226608
      3.35140     0.473695    0.0218910
      3.35283     0.474742    0.0228423
      3.35426     0.474497    0.0241597
      3.35568     0.470166    0.0268824
      3.35711     0.460595    0.0294314
      3.35854     0.465941    0.0289154
      3.35996     0.470184    0.0258303
      3.36139     0.469223    0.0242520
      3.36282     0.476203    0.0255940
      3.36424     0.484830    0.0251052
      3.36567     0.502316    0.0228480
      3.36710     0.495879    0.0223637
      3.36852     0.476395    0.0243324
      3.36995     0.478623    0.0265927
      3.37138     0.487905    0.0242877
      3.37280     0.499108    0.0224164
      3.37423     0.502083    0.0211532
      3.37566     0.505447    0.0206932
      3.37708     0.501230    0.0218544
      3.37851     0.507769    0.0232899
      3.37994     0.498713    0.0238021
      3.38136     0.485827    0.0260440
      3.38279     0.505872    0.0255394
      3.38422     0.525445    0.0237581
      3.38564     0.518259    0.0225295
      3.38707     0.517584    0.0209522
      3.38850     0.528375    0.0196607
      3.38992     0.519550    0.0201262
      3.39135     0.511883    0.0218496
      3.39278     0.508931    0.0240539
      3.39420     0.528306    0.0226566
      3.39563     0.547443    0.0203851
      3.39706     0.553104    0.0194766
      3.39848     0.553149    0.0191046
      3.39991     0.555083    0.0190326
      3.40134     0.546958    0.0196232
      3.40276     0.538688    0.0215327
      3.40419     0.524500    0.0249782
      3.40562     0.524406    0.0274439
      3.40704     0.543823    0.0256164
      3.40847     0.550623    0.0247639
      3.40990     0.547148    0.0236695
      3.41132     0.556901    0.0221581
      3.41275     0.548918    0.0212245
      3.41418     0.546134    0.0221021
      3.41560     0.540353    0.0229104
      3.41703     0.537197    0.0237130
      3.41846     0.549106    0.0214760
      3.41988     0.568152    0.0196785
      3.42131     0.576144    0.0193207
      3.42274     0.573518    0.0191360
      3.42416     0.576488    0.0194338
      3.42559     0.571165    0.0204957
      3.42702     0.570392    0.0220520
      3.42844     0.554746    0.0230784
      3.42987     0.559650    0.0221287
      3.43130     0.573761    0.0196985
      3.43272     0.586045    0.0189731
      3.43415     0.585301    0.0191368
      3.43558     0.587030    0.0190717
      3.43701     0.590611    0.0188850
      3.43843     0.587354    0.0194619
      3.43986     0.585614    0.0203310
      3.44129     0.584800    0.0210745
      3.44271     0.588178    0.0199497
      3.44414     0.590777    0.0188964
      3.44557     0.597694    0.0186264
      3.44699     0.602510    0.0188029
      3.44842     0.605147    0.0185646
      3.44985     0.613029    0.0186205
      3.45127     0.615747    0.0189176
      3.45270     0.608864    0.0198121
      3.45413     0.607851    0.0203163
      3.45555     0.608078    0.0199301
      3.45698     0.622619    0.0190050
      3.45841     0.629912    0.0181806
      3.45984     0.632277    0.0179484
      3.46126     0.636533    0.0180239
      3.46269     0.637606    0.0181862
      3.46412     0.632799    0.0186053
      3.46554     0.635998    0.0191429
      3.46697     0.642109    0.0191323
      3.46840     0.650221    0.0183776
      3.46982     0.652690    0.0178683
      3.47125     0.657298    0.0178568
      3.47268     0.661502    0.0181327
      3.47411     0.656941    0.0183220
      3.47553     0.661852    0.0183583
      3.47696     0.665278    0.0184649
      3.47839     0.665366    0.0186117
      3.47981     0.666654    0.0184298
      3.48124     0.675411    0.0182503
      3.48267     0.678735    0.0179476
      3.48410     0.682788    0.0180625
      3.48552     0.684245    0.0179417
      3.48695     0.680328    0.0180780
      3.48838     0.680393    0.0183346
      3.48980     0.683124    0.0184830
      3.49123     0.690544    0.0184276
      3.49266     0.699911    0.0181950
      3.49408     0.701658    0.0179478
      3.49551     0.702194    0.0177905
      3.49694     0.705479    0.0177083
      3.49837     0.706709    0.0177948
      3.49979     0.710353    0.0179030
      3.50122     0.711929    0.0179716
      3.50265     0.715825    0.0180645
      3.50407     0.717108    0.0180610
      3.50550     0.717794    0.0178070
      3.50693     0.722565    0.0176619
      3.50836     0.720760    0.0176236
      3.50978     0.730998    0.0177278
      3.51121     0.735691    0.0178044
      3.51264     0.732192    0.0177408
      3.51407     0.729685    0.0177503
      3.51549     0.732480    0.0177019
      3.51692     0.739522    0.0174917
      3.51835     0.743603    0.0174432
      3.51977     0.747453    0.0174555
      3.52120     0.749702    0.0174162
      3.52263     0.744791    0.0173443
      3.52406     0.748020    0.0175343
      3.52548     0.758297    0.0176173
      3.52691     0.759704    0.0177612
      3.52834     0.762353    0.0178166
      3.52977     0.763214    0.0176237
      3.53119     0.757178    0.0176022
      3.53262     0.753448    0.0178316
      3.53405     0.752564    0.0181048
      3.53547     0.754198    0.0183287
      3.53690     0.763265    0.0184386
      3.53833     0.771123    0.0184219
      3.53976     0.772581    0.0186000
      3.54118     0.777676    0.0187295
      3.54261     0.792086    0.0186499
      3.54404     0.793942    0.0183507
      3.54547     0.792592    0.0182001
      3.54689     0.790460    0.0181007
      3.54832     0.792100    0.0179870
      3.54975     0.798002    0.0179241
      3.55118     0.804382    0.0180675
      3.55260     0.801470    0.0181724
      3.55403     0.803627    0.0183590
      3.55546     0.809529    0.0182893
      3.55689     0.818019    0.0179828
      3.55831     0.828914    0.0179533
      3.55974     0.825900    0.0178967
      3.56117     0.828261    0.0177009
      3.56259     0.836620    0.0175221
      3.56402     0.842378    0.0178727
      3.56545     0.840675    0.0180582
      3.56688     0.841026    0.0183554
      3.56831     0.853627    0.0185080
      3.56973     0.854916    0.0187199
      3.57116     0.860108    0.0184052
      3.57259     0.866508    0.0185490
      3.57401     0.871723    0.0187536
      3.57544     0.875526    0.0185986
      3.57687     0.880640    0.0180969
      3.57830     0.876194    0.0178821
      3.57973     0.881257    0.0180488
      3.58115     0.881885    0.0181789
      3.58258     0.887319    0.0183321
      3.58401     0.891169    0.0183182
      3.58544     0.898209    0.0184509
      3.58686     0.900718    0.0183966
      3.58829     0.908268    0.0183607
      3.58972     0.907924    0.0183074
      3.59115     0.907371    0.0181061
      3.59257     0.912043    0.0182148
      3.59400     0.917019    0.0180313
      3.59543     0.911840    0.0178401
      3.59686     0.916320    0.0179111
      3.59828     0.923797    0.0178989
      3.59971     0.928377    0.0178070
      3.60114     0.932234    0.0176877
      3.60257     0.937187    0.0175542
      3.60400     0.939031    0.0177076
      3.60542     0.943948    0.0180607
      3.60685     0.947302    0.0182893
      3.60828     0.949253    0.0181863
      3.60971     0.955567    0.0179757
      3.61113     0.953743    0.0180331
      3.61256     0.950781    0.0181047
      3.61399     0.959350    0.0181726
      3.61542     0.961456    0.0177583
      3.61684     0.967754    0.0177261
      3.61827     0.969270    0.0175991
      3.61970     0.977186    0.0174201
      3.62113     0.979016    0.0174015
      3.62256     0.973508    0.0174278
      3.62398     0.972041    0.0176418
      3.62541     0.973121    0.0179151
      3.62684     0.976329    0.0180352
      3.62827     0.986536    0.0178394
      3.62970     0.994309    0.0175816
      3.63112      1.00453    0.0176784
      3.63255      1.00808    0.0179814
      3.63398      1.00571    0.0177026
      3.63541      1.01357    0.0178783
      3.63684      1.01858    0.0175579
      3.63826      1.02233    0.0174792
      3.63969      1.02199    0.0174355
      3.64112      1.03518    0.0174355
      3.64255      1.04702    0.0175619
      3.64398      1.04684    0.0177714
      3.64540      1.03403    0.0178651
      3.64683      1.02734    0.0179869
      3.64826      1.03347    0.0178156
      3.64969      1.03487    0.0175893
      3.65112      1.02705    0.0175786
      3.65254      1.01357    0.0174957
      3.65397      1.01901    0.0173544
      3.65540      1.02801    0.0173939
      3.65683      1.01452    0.0172869
      3.65826      1.03039    0.0173853
      3.65968      1.05228    0.0174667
      3.66111      1.05787    0.0175075
      3.66254      1.06571    0.0175031
      3.66397      1.06747    0.0176203
      3.66540      1.06693    0.0177490
      3.66682      1.06690    0.0183528
      3.66825      1.07635    0.0186020
      3.66968      1.08693    0.0186815
      3.67111      1.08650    0.0193451
      3.67254      1.08613    0.0201022
      3.67397      1.08698    0.0200272
      3.67539      1.09518    0.0200602
      3.67682      1.10420    0.0194093
      3.67825      1.11248    0.0190655
      3.67968      1.11086    0.0189328
      3.68111      1.11255    0.0188692
      3.68254      1.12094    0.0185989
      3.68396      1.11966    0.0183506
      3.68539      1.11545    0.0181515
      3.68682      1.11483    0.0182492
      3.68825      1.12071    0.0181728
      3.68968      1.13398    0.0179676
      3.69111      1.14007    0.0178900
      3.69253      1.14554    0.0178869
      3.69396      1.14770    0.0176466
      3.69539      1.15079    0.0176660
      3.69682      1.15467    0.0176434
      3.69825      1.16248    0.0176884
      3.69968      1.15983    0.0176026
      3.70110      1.15544    0.0175039
      3.70253      1.15536    0.0174804
      3.70396      1.16196    0.0174612
      3.70539      1.16629    0.0176841
      3.70682      1.16377    0.0178950
      3.70825      1.16970    0.0183155
      3.70968      1.16683    0.0182468
      3.71110      1.17439    0.0180868
      3.71253      1.17994    0.0180345
      3.71396      1.18607    0.0183017
      3.71539      1.19865    0.0182359
      3.71682      1.21070    0.0182180
      3.71825      1.21155    0.0181485
      3.71968      1.20236    0.0176903
      3.72110      1.20138    0.0177274
      3.72253      1.21707    0.0179690
      3.72396      1.23243    0.0179627
      3.72539      1.23622    0.0180601
      3.72682      1.22966    0.0182143
      3.72825      1.22465    0.0180896
      3.72968      1.22461    0.0182956
      3.73111      1.23106    0.0184387
      3.73253      1.23513    0.0184004
      3.73396      1.24937    0.0186898
      3.73539      1.27991    0.0187471
      3.73682      1.33554    0.0187341
      3.73825      1.40848    0.0189086
      3.73968      1.45621    0.0191181
      3.74111      1.41166    0.0191308
      3.74254      1.32521    0.0186119
      3.74396      1.28014    0.0182508
      3.74539      1.29382    0.0184024
      3.74682      1.29305    0.0183534
      3.74825      1.26988    0.0183023
      3.74968      1.25679    0.0183848
      3.75111      1.26211    0.0184340
      3.75254      1.26300    0.0183880
      3.75397      1.24970    0.0183179
      3.75540      1.25242    0.0182555
      3.75683      1.26795    0.0183809
      3.75825      1.26822    0.0186913
      3.75968      1.26052    0.0186829
      3.76111      1.25369    0.0189534
      3.76254      1.25486    0.0188308
      3.76397      1.26896    0.0191452
      3.76540      1.27686    0.0190215
      3.76683      1.21850    0.0190134
      3.76826      1.26013    0.0189134
      3.76969      1.28367    0.0188819
      3.77112      1.27911    0.0188446
      3.77255      1.27369    0.0187996
      3.77397      1.29088    0.0187337
      3.77540      1.29299    0.0183877
      3.77683      1.29815    0.0185223
      3.77826      1.28604    0.0184957
      3.77969      1.28958    0.0186511
      3.78112      1.28914    0.0186526
      3.78255      1.28901    0.0186359
      3.78398      1.29554    0.0186994
      3.78541      1.29544    0.0186255
      3.78684      1.30217    0.0187821
      3.78827      1.30238    0.0190956
      3.78970      1.30427    0.0193613
      3.79113      1.31409    0.0191787
      3.79256      1.31935    0.0188921
      3.79399      1.31764    0.0186439
      3.79542      1.32043    0.0185297
      3.79685      1.32175    0.0185163
      3.79827      1.33103    0.0185394
      3.79970      1.33799    0.0185018
      3.80113      1.33370    0.0184748
      3.80256      1.33146    0.0184600
      3.80399      1.33887    0.0185111
      3.80542      1.34182    0.0184055
      3.80685      1.34653    0.0185427
      3.80828      1.35367    0.0188424
      3.80971      1.36666    0.0191462
      3.81114      1.36094    0.0192075
      3.81257      1.36059    0.0192685
      3.81400      1.37093    0.0190273
      3.81543      1.38533    0.0189412
      3.81686      1.39988    0.0188544
      3.81829      1.40482    0.0187947
      3.81972      1.40410    0.0187171
      3.82115      1.39770    0.0185660
      3.82258      1.38527    0.0185080
      3.82401      1.37861    0.0185320
      3.82544      1.38505    0.0185386
      3.82687      1.39963    0.0185139
      3.82830      1.39942    0.0184052
      3.82973      1.39744    0.0184101
      3.83116      1.40333    0.0186805
      3.83259      1.41653    0.0191045
      3.83402      1.42521    0.0194359
      3.83545      1.42495    0.0192852
      3.83688      1.42769    0.0190508
      3.83831      1.42518    0.0189205
      3.83974      1.42459    0.0189343
      3.84117      1.42390    0.0189953
      3.84260      1.42971    0.0191922
      3.84403      1.43200    0.0191356
      3.84546      1.44092    0.0192174
      3.84689      1.45531    0.0193910
      3.84832      1.46232    0.0191951
      3.84975      1.47730    0.0193250
      3.85118      1.49456    0.0199277
      3.85261      1.49921    0.0198752
      3.85404      1.49917    0.0199087
      3.85547      1.49974    0.0199185
      3.85690      1.48033    0.0196672
      3.85833      1.47215    0.0197467
      3.85976      1.47459    0.0197545
      3.86119      1.48612    0.0197816
      3.86263      1.48651    0.0197870
      3.86406      1.48931    0.0199652
      3.86549      1.49759    0.0202549
      3.86692      1.50476    0.0205056
      3.86835      1.49178    0.0204950
      3.86978      1.47432    0.0205761
      3.87121      1.47990    0.0207426
      3.87264      1.48709    0.0207784
      3.87407      1.48638    0.0208421
      3.87550      1.47369    0.0209154
      3.87693      1.47459    0.0210691
      3.87836      1.48392    0.0211871
      3.87979      1.48759    0.0211519
      3.88122      1.48694    0.0211838
      3.88265      1.48842    0.0211858
      3.88409      1.49653    0.0212246
      3.88552      1.50127    0.0212401
      3.88695      1.49266    0.0211812
      3.88838      1.49774    0.0212873
      3.88981      1.51397    0.0212709
      3.89124      1.52343    0.0210919
      3.89267      1.51953    0.0210163
      3.89410      1.52130    0.0208828
      3.89553      1.52900    0.0208929
      3.89696      1.53554    0.0208593
      3.89840      1.54734    0.0208087
      3.89983      1.54581    0.0207196
      3.90126      1.54743    0.0207066
      3.90269      1.54250    0.0204894
      3.90412      1.55638    0.0207206
      3.90555      1.58322    0.0211219
      3.90698      1.58242    0.0211504
      3.90841      1.57390    0.0212718
      3.90985      1.57623    0.0212988
      3.91128      1.56934    0.0212790
      3.91271      1.56977    0.0211871
      3.91414      1.56629    0.0212329
      3.91557      1.58284    0.0213356
      3.91700      1.57043    0.0211707
      3.91843      1.55670    0.0211034
      3.91987      1.55622    0.0210125
      3.92130      1.56550    0.0212042
      3.92273      1.56837    0.0211869
      3.92416      1.59580    0.0212233
      3.92559      1.63165    0.0202704
      3.92702      1.60366    0.0210277
      3.92846      1.59305    0.0209587
      3.92989      1.59913    0.0209039
      3.93132      1.60071    0.0207573
      3.93275      1.60895    0.0207720
      3.93418      1.61843    0.0207529
      3.93562      1.62349    0.0206953
      3.93705      1.63047    0.0204189
      3.93848      1.63176    0.0204666
      3.93991      1.62907    0.0204547
      3.94134      1.63945    0.0204580
      3.94278      1.63477    0.0203114
      3.94421      1.63741    0.0202803
      3.94564      1.64026    0.0202549
      3.94707      1.64600    0.0202081
      3.94850      1.64891    0.0200755
      3.94994      1.65531    0.0201707
      3.95137      1.66233    0.0203563
      3.95280      1.66801    0.0204108
      3.95423      1.64863    0.0199838
      3.95566      1.64849    0.0199328
      3.95710      1.66224    0.0200763
      3.95853      1.67482    0.0200939
      3.95996      1.67164    0.0200360
      3.96139      1.67499    0.0202156
      3.96283      1.68247    0.0202880
      3.96426      1.69764    0.0200748
      3.96569      1.69856    0.0202426
      3.96712      1.68526    0.0200645
      3.96856      1.69453    0.0201971
      3.96999      1.71204    0.0203260
      3.97142      1.70218    0.0202430
      3.97285      1.69474    0.0202197
      3.97429      1.71256    0.0203610
      3.97572      1.72808    0.0204543
      3.97715      1.71568    0.0204131
      3.97859      1.71747    0.0205097
      3.98002      1.71208    0.0206245
      3.98145      1.76007    0.0221134
      3.98288      1.83060    0.0228377
      3.98432      1.78450    0.0206507
      3.98575      1.75523    0.0207278
      3.98718      1.74859    0.0207635
      3.98862      1.73743    0.0206477
      3.99005      1.74326    0.0207804
      3.99148      1.74689    0.0207731
      3.99292      1.75289    0.0208287
      3.99435      1.75230    0.0208016
      3.99578      1.75042    0.0207799
      3.99722      1.77784    0.0209258
      3.99865      1.79005    0.0210420
      4.00008      1.77256    0.0210295
      4.00152      1.75334    0.0210526
      4.00295      1.75824    0.0210959
      4.00438      1.76973    0.0211830
      4.00582      1.75785    0.0212078
      4.00725      1.75610    0.0214585
      4.00868      1.79474    0.0217756
      4.01012      1.80104    0.0216074
      4.01155      1.78483    0.0214166
      4.01298      1.78797    0.0215057
      4.01442      1.80199    0.0215143
      4.01585      1.82122    0.0217508
      4.01729      1.83339    0.0218541
      4.01872      1.84862    0.0219959
      4.02015      1.85469    0.0220258
      4.02159      1.85756    0.0221255
      4.02302      1.83886    0.0220807
      4.02446      1.81681    0.0221636
      4.02589      1.81225    0.0222524
      4.02732      1.81343    0.0223270
      4.02876      1.80093    0.0222562
      4.03019      1.81495    0.0224218
      4.03163      1.81638    0.0226192
      4.03306      1.83123    0.0228277
      4.03449      1.84433    0.0230657
      4.03593      1.85581    0.0232167
      4.03736      1.85117    0.0232234
      4.03880      1.83724    0.0231563
      4.04023      1.83220    0.0231865
      4.04167      1.83856    0.0232705
      4.04310      1.86232    0.0234911
      4.04454      1.90448    0.0237858
      4.04597      1.96854    0.0239252
      4.04741      2.12002    0.0239077
      4.04884      2.46465    0.0243858
      4.05027      2.93226    0.0248363
      4.05171      3.21582    0.0251613
      4.05314      2.96685    0.0251224
      4.05458      2.36323    0.0245581
      4.05601      2.02614    0.0241738
      4.05745      1.93058    0.0239175
      4.05888      1.92491    0.0238990
      4.06032      1.94026    0.0242280
      4.06175      1.93327    0.0239634
      4.06319      1.92501    0.0239340
      4.06462      1.92681    0.0241849
      4.06606      1.92230    0.0243250
      4.06750      1.92709    0.0244622
      4.06893      1.92315    0.0244821
      4.07037      1.92299    0.0247891
      4.07180      1.91271    0.0248578
      4.07324      1.92158    0.0250384
      4.07467      1.92565    0.0252703
      4.07611      1.91755    0.0251283
      4.07754      1.93723    0.0256148
      4.07898      1.94474    0.0255649
      4.08041      1.94443    0.0257207
      4.08185      1.97471    0.0261136
      4.08329      1.95562    0.0258490
      4.08472      1.94794    0.0259973
      4.08616      1.95053    0.0260416
      4.08759      1.93998    0.0260994
      4.08903      1.93508    0.0261049
      4.09047      1.95402    0.0264796
      4.09190      1.94455    0.0263587
      4.09334      1.95204    0.0264264
      4.09477      1.96823    0.0265833
      4.09621      1.95930    0.0267544
      4.09765      1.96723    0.0266710
      4.09908      1.97014    0.0268551
      4.10052      1.96757    0.0269655
      4.10196      1.98735    0.0271221
      4.10339      2.00519    0.0271474
      4.10483      2.00062    0.0272496
      4.10626      1.99044    0.0272994
      4.10770      2.00504    0.0274738
      4.10914      2.00869    0.0275071
      4.11057      2.01239    0.0276874
      4.11201      2.03118    0.0280865
      4.11345      2.01100    0.0279423
      4.11488      2.00593    0.0279110
      4.11632      1.99588    0.0281179
      4.11776      2.00427    0.0282428
      4.11920      2.02928    0.0283478
      4.12063      2.01861    0.0282091
      4.12207      2.00877    0.0284471
      4.12351      2.02026    0.0285010
      4.12494      2.03460    0.0287681
      4.12638      2.03602    0.0287961
      4.12782      2.05914    0.0292336
      4.12926      2.04865    0.0292318
      4.13069      2.05105    0.0292957
      4.13213      2.05904    0.0295994
      4.13357      2.06723    0.0301566
      4.13501      2.07811    0.0301561
      4.13644      2.08034    0.0303249
      4.13788      2.07135    0.0303520
      4.13932      2.09431    0.0305553
      4.14076      2.07857    0.0307906
      4.14219      2.07990    0.0310901
      4.14363      2.09841    0.0312781
      4.14507      2.11163    0.0315513
      4.14651      2.10475    0.0317388
      4.14795      2.11140    0.0321396
      4.14938      2.11377    0.0324155
      4.15082      2.10852    0.0327395
      4.15226      2.10174    0.0328528
      4.15370      2.12420    0.0335759
      4.15514      2.11293    0.0334587
      4.15657      2.12855    0.0343156
      4.15801      2.12107    0.0348760
      4.15945      2.13949    0.0355662
      4.16089      2.14366    0.0359218
      4.16233      2.15292    0.0369932
      4.16377      2.18379    0.0377771
      4.16521      2.19829    0.0388314
      4.16664      2.17714    0.0398150
      4.16808      2.21778    0.0416855
      4.16952      2.22980    0.0431045
      4.17096      2.25213    0.0446718
      4.17240      2.24895    0.0453545
      4.17384      2.25475    0.0486104
      4.17528      2.23396    0.0507066
      4.17672      2.21091    0.0535412
      4.17816      2.18744    0.0565790
      4.17960      2.16595    0.0637558
      4.18104      2.17543    0.0729559
      4.18247      2.14006    0.0922580
      4.18391      2.05067     0.121428
      4.18535      2.09247     0.167111
      4.18679      2.13913     0.273202
      4.18823      1.85907     0.486504
      4.18967     0.577742      1.01526
      4.19111    0.0120887      2.34916
      4.19255      2.46458      10.6939
      4.19399      33.7735      297.938
      4.19543      11.1158      59.5425
      4.19687     -565.730      16.7935
      4.19831     -229.801      68.3135
      4.19975     -426.930      74.1858
      4.20119     -159.377      595.569
      4.20263      11.8704      32.0956
      4.20407     -281.142      37.9910
      4.20551     -90.2515      433.190
      4.20695      8.29334      80.1221
      4.20839     -16.2882      105.316
      4.20983      64.3512      70.3851
      4.21127      5.20434      640.778
      4.21272      337.997      70.6331
      4.21416      122.755      115.824
      4.21560     -432.406      103.651
      4.21704     -198.813      852.451
      4.21848     -18.3114      54.8193
      4.21992    -0.746343      45.1812
      4.22136     -1.69118      211.174
      4.22280      3.18427      79.6904
      4.22424     -121.361      101.505
      4.22568     -61.2397      121.509
      4.22713      19.0288      101.031
      4.22857      9.98947      49.9927
      4.23001     -193.363      46.0404
      4.23145     -192.226      20.9232
      4.23289     -64.2734      417.543
      4.23433     -132.980      26.9550
      4.23577     -50.6323      71.3257
      4.23722     -18.9099      40.0108
      4.23866     -158.024      147.562
      4.24010     -77.3268      8449.78
      4.24154     -16.2009      38.4034
      4.24298      219.540      799.946
      4.24443      37.3592      259.484
      4.24587     -14.5185      105.207
      4.24731     -6.91363      261.999
      4.24875     -4.09788      29.7737
      4.25020      29.9557      1043.16
      4.25164     -99.9488      28.8273
      4.25308     -202.209      290.041
      4.25452     -50.2118      241.692
      4.25597     -42.5124      111.392
      4.25741     -18.0137      90.1134
      4.25885      1.80558      55.6413
      4.26029     -9.50971      39.0918
      4.26174     -36.3030      106.911
      4.26318      14.7231      853.418
      4.26462      37.0893      97.8427
      4.26607      43.2754      24.9283
      4.26751     -31.6830      67.7327
      4.26895     -2.02225      7226.59
      4.27040      126.297      39.4635
      4.27184      47.7913      416.845
      4.27328      2.53622      7.59999
      4.27473     -69.3401      88.3484
      4.27617     -114.035      1275.44
      4.27761     -185.753      310.140
      4.27906     -58.5276      143.926
      4.28050      0.00000      1.23126
