SOURCE  = IRAS 08375-4109 B             / Source name
STANDARD= HD 3185                       / Standard name
OBSDATE = 13-01-2001                    / Date of observation
SPOS    = 08:39:22.5  -41:20:15.8       / Source position RA,DEC,J2000
STPOS   = 08:07:32.7  -24:18:38.0       / Standard position RA,DEC,J2000
STSPT   = F6II                          / Standard spectral type
STTEFF  = 6400                          / Standard effective temperature [K]
STMAG   = 1.91                          / Standard magnitude (adopted)
WAVEZP  = 3.45                          / Wavelength zero point [micron]
FLUXZP  = 290                           / Flux zero point [Jy]
SAIRM   = 1.05                          / Source mean airmass
STAIRM  = 1.10                          / Standard mean airmass
AIRMCORR= 1.01                          / Optimal (adopted) airmass correction
SPECRES = ~600                          / Spectral resolution

Created by E. Dartois and K. Pontoppidan (c)

Wavelength [micron] Flux [Jy] Statistical Error [Jy]

      2.81957      0.00000     0.248255
      2.82097   -0.0805703     0.224711
      2.82238    0.0193785     0.146887
      2.82378    0.0692160     0.118242
      2.82518     0.115497    0.0968172
      2.82659   -0.0511861    0.0787508
      2.82799    0.0334414    0.0696938
      2.82939    0.0607988    0.0705379
      2.83080   -0.0255071    0.0997773
      2.83220    0.0589227     0.234404
      2.83360     0.524145     0.884833
      2.83501     0.536141     0.961381
      2.83641     0.176844     0.382173
      2.83782     0.221785     0.190282
      2.83922    0.0835443     0.101258
      2.84063    0.0489247    0.0643070
      2.84203  -0.00289535    0.0520936
      2.84344    0.0224637    0.0487852
      2.84484   -0.0116524    0.0618848
      2.84625    0.0104778     0.112667
      2.84765     0.182629     0.135628
      2.84906    0.0332067     0.119080
      2.85047    0.0842554     0.110593
      2.85187     0.146961     0.149683
      2.85328    0.0165115     0.178678
      2.85469   -0.0302961     0.106178
      2.85609    0.0186671    0.0775662
      2.85750    0.0319586    0.0644753
      2.85891    0.0614191    0.0566484
      2.86031    0.0340459    0.0472773
      2.86172    0.0290519    0.0391072
      2.86313    0.0416153    0.0386365
      2.86454    0.0121784    0.0445027
      2.86595    0.0204003    0.0536480
      2.86735   0.00378631    0.0672302
      2.86876    0.0516049    0.0735336
      2.87017    0.0340309    0.0672285
      2.87158    0.0101930    0.0483491
      2.87299    0.0118062    0.0363678
      2.87440    0.0176267    0.0314104
      2.87581    0.0227063    0.0320551
      2.87722    0.0216198    0.0347895
      2.87863    0.0146944    0.0331707
      2.88004    0.0186624    0.0313417
      2.88145    0.0104188    0.0332136
      2.88286    0.0135589    0.0343706
      2.88427    0.0172840    0.0369986
      2.88568    0.0162547    0.0376744
      2.88709    0.0141783    0.0405214
      2.88850    0.0142378    0.0400604
      2.88991   0.00860902    0.0329601
      2.89132    0.0134492    0.0284577
      2.89273   0.00394984    0.0255917
      2.89414   0.00768230    0.0225485
      2.89555    0.0225120    0.0220075
      2.89696    0.0250531    0.0247852
      2.89838    0.0315119    0.0317614
      2.89979    0.0349843    0.0467533
      2.90120    0.0382785    0.0548974
      2.90261    0.0231633    0.0470202
      2.90402  -0.00616417    0.0432181
      2.90544   0.00250909    0.0393741
      2.90685    0.0127745    0.0312868
      2.90826   0.00774238    0.0264167
      2.90968    0.0153964    0.0241073
      2.91109    0.0180752    0.0239949
      2.91250    0.0194125    0.0259609
      2.91392    0.0113589    0.0273202
      2.91533   0.00790067    0.0246907
      2.91674    0.0103075    0.0231935
      2.91816    0.0130195    0.0239498
      2.91957   0.00749125    0.0265804
      2.92098    0.0176186    0.0371810
      2.92240    0.0172509    0.0462409
      2.92381   0.00997258    0.0335194
      2.92523    0.0178724    0.0247868
      2.92664    0.0171312    0.0212861
      2.92806    0.0126257    0.0204716
      2.92947   0.00985892    0.0205453
      2.93089    0.0101090    0.0199996
      2.93230    0.0130666    0.0194943
      2.93372    0.0158254    0.0201399
      2.93513    0.0109518    0.0209890
      2.93655   0.00978269    0.0228669
      2.93796   0.00960884    0.0257173
      2.93938   0.00442374    0.0264052
      2.94080 -0.000772724    0.0259366
      2.94221   0.00540404    0.0260534
      2.94363   0.00587659    0.0279188
      2.94504    0.0152525    0.0264961
      2.94646    0.0142877    0.0255544
      2.94788   0.00806254    0.0242497
      2.94929    0.0120247    0.0209565
      2.95071   0.00648105    0.0207290
      2.95213   0.00351042    0.0238271
      2.95354   0.00538801    0.0275983
      2.95496   0.00822433    0.0261499
      2.95638    0.0111534    0.0221993
      2.95780   0.00892479    0.0206494
      2.95921    0.0129623    0.0207743
      2.96063   0.00587508    0.0202651
      2.96205   0.00860487    0.0193989
      2.96347   0.00883475    0.0191578
      2.96489   0.00707349    0.0192853
      2.96630   0.00579484    0.0219510
      2.96772   0.00420426    0.0282815
      2.96914   0.00228668    0.0386018
      2.97056    0.0137763    0.0457144
      2.97198  -0.00223569    0.0449078
      2.97340   0.00311953    0.0362414
      2.97481    0.0141943    0.0308746
      2.97623   0.00859264    0.0278059
      2.97765   0.00261782    0.0264550
      2.97907   0.00105273    0.0270734
      2.98049   0.00928969    0.0253383
      2.98191   0.00754889    0.0214794
      2.98333    0.0136370    0.0191227
      2.98475    0.0135642    0.0181135
      2.98617    0.0118136    0.0176378
      2.98759   0.00769595    0.0171492
      2.98901   0.00734237    0.0170683
      2.99043   0.00571545    0.0174860
      2.99185   0.00932239    0.0185985
      2.99327    0.0104798    0.0196852
      2.99469   0.00749181    0.0205775
      2.99611   0.00881628    0.0215542
      2.99753    0.0149522    0.0215575
      2.99895   0.00921900    0.0192692
      3.00037   0.00838932    0.0175690
      3.00179   0.00771995    0.0174778
      3.00321    0.0104481    0.0195264
      3.00463   0.00548821    0.0225797
      3.00605   0.00227195    0.0255652
      3.00748   0.00843403    0.0230794
      3.00890   0.00861601    0.0200583
      3.01032   0.00819830    0.0181264
      3.01174   0.00679436    0.0173287
      3.01316    0.0102715    0.0183828
      3.01458    0.0119747    0.0188242
      3.01600   0.00874668    0.0197455
      3.01743    0.0122277    0.0223407
      3.01885    0.0223920    0.0267682
      3.02027    0.0162698    0.0272405
      3.02169    0.0151107    0.0244036
      3.02311   0.00432299    0.0210876
      3.02454   0.00230460    0.0179349
      3.02596   0.00564458    0.0169162
      3.02738   0.00351660    0.0176258
      3.02880    0.0102135    0.0182206
      3.03023    0.0104732    0.0195892
      3.03165   0.00481187    0.0213347
      3.03307   0.00510098    0.0232176
      3.03449   0.00551315    0.0238649
      3.03592    0.0145969    0.0259526
      3.03734    0.0146128    0.0300916
      3.03876    0.0227677    0.0275307
      3.04019    0.0179755    0.0227371
      3.04161    0.0168260    0.0208465
      3.04303    0.0128880    0.0197870
      3.04446    0.0135470    0.0202738
      3.04588    0.0108053    0.0222618
      3.04730    0.0182453    0.0226541
      3.04873   0.00932317    0.0242002
      3.05015   0.00348334    0.0276641
      3.05157  -0.00510444    0.0301842
      3.05300  -0.00880804    0.0353143
      3.05442   0.00348443    0.0333697
      3.05585   0.00776944    0.0266771
      3.05727   0.00624853    0.0210717
      3.05869    0.0111795    0.0185837
      3.06012    0.0101266    0.0179827
      3.06154    0.0117924    0.0196371
      3.06297   0.00510607    0.0212140
      3.06439   0.00361609    0.0209095
      3.06582   0.00613197    0.0201037
      3.06724   0.00905446    0.0208485
      3.06867  0.000731882    0.0218158
      3.07009   0.00373527    0.0232065
      3.07151    0.0144120    0.0237352
      3.07294    0.0213907    0.0213589
      3.07436    0.0101719    0.0187673
      3.07579   0.00858597    0.0165773
      3.07721   0.00670986    0.0164422
      3.07864   0.00627245    0.0179542
      3.08006    0.0103297    0.0210359
      3.08149   0.00881196    0.0245230
      3.08292   0.00639446    0.0248553
      3.08434   0.00797554    0.0217595
      3.08577   0.00587806    0.0205828
      3.08719   0.00525252    0.0206988
      3.08862    0.0176464    0.0200822
      3.09004    0.0156614    0.0209481
      3.09147    0.0108393    0.0213950
      3.09289   0.00599148    0.0225902
      3.09432   0.00957104    0.0255551
      3.09575 -0.000881593    0.0256392
      3.09717   0.00662437    0.0244736
      3.09860   0.00431607    0.0211711
      3.10002    0.0125387    0.0189576
      3.10145    0.0209817    0.0180342
      3.10288   0.00772827    0.0194775
      3.10430   0.00783421    0.0239271
      3.10573    0.0153507    0.0271643
      3.10715    0.0293088    0.0260670
      3.10858    0.0163934    0.0237983
      3.11001    0.0115419    0.0241777
      3.11143    0.0141906    0.0240759
      3.11286    0.0295314    0.0230184
      3.11429    0.0131703    0.0211894
      3.11571    0.0275290    0.0205059
      3.11714    0.0210763    0.0178869
      3.11857    0.0167674    0.0154678
      3.11999    0.0136236    0.0146058
      3.12142    0.0159408    0.0148112
      3.12285    0.0145412    0.0159200
      3.12427    0.0107422    0.0185112
      3.12570   0.00868779    0.0236557
      3.12713   0.00880318    0.0276279
      3.12855    0.0120646    0.0232026
      3.12998    0.0122104    0.0179975
      3.13141    0.0140544    0.0152652
      3.13284    0.0172502    0.0145011
      3.13426    0.0180972    0.0143602
      3.13569    0.0159755    0.0143305
      3.13712    0.0150035    0.0152871
      3.13855    0.0107773    0.0171117
      3.13997    0.0127797    0.0192562
      3.14140   0.00934089    0.0180923
      3.14283    0.0162620    0.0168758
      3.14425    0.0148412    0.0177484
      3.14568    0.0106859    0.0198193
      3.14711    0.0125808    0.0208503
      3.14854    0.0142165    0.0180762
      3.14997    0.0176838    0.0157164
      3.15139    0.0151239    0.0149898
      3.15282    0.0158662    0.0150828
      3.15425    0.0174599    0.0158926
      3.15568    0.0138796    0.0169822
      3.15710    0.0161504    0.0166216
      3.15853    0.0236629    0.0156979
      3.15996    0.0149544    0.0146975
      3.16139    0.0201287    0.0141066
      3.16282    0.0217240    0.0135202
      3.16424    0.0197073    0.0133817
      3.16567    0.0224613    0.0134837
      3.16710    0.0230661    0.0136906
      3.16853    0.0228288    0.0136467
      3.16996    0.0229103    0.0137038
      3.17138    0.0224399    0.0141342
      3.17281    0.0184866    0.0147594
      3.17424    0.0288000    0.0150121
      3.17567    0.0288909    0.0144330
      3.17710    0.0193616    0.0139647
      3.17853    0.0251034    0.0135818
      3.17995    0.0319432    0.0138887
      3.18138    0.0249452    0.0146364
      3.18281    0.0233729    0.0154883
      3.18424    0.0227048    0.0151389
      3.18567    0.0253519    0.0146398
      3.18710    0.0247286    0.0141010
      3.18853    0.0217924    0.0146165
      3.18995    0.0198865    0.0167491
      3.19138    0.0240741    0.0201824
      3.19281    0.0147295    0.0219699
      3.19424    0.0231187    0.0192189
      3.19567    0.0247159    0.0177031
      3.19710    0.0365126    0.0196794
      3.19853    0.0242441    0.0244684
      3.19995    0.0177973    0.0283755
      3.20138    0.0288132    0.0264925
      3.20281    0.0127125    0.0266642
      3.20424    0.0230904    0.0278361
      3.20567    0.0129920    0.0268399
      3.20710    0.0360444    0.0323191
      3.20853    0.0305628    0.0387312
      3.20996    0.0117646    0.0416141
      3.21139    0.0221511    0.0402126
      3.21281    0.0236895    0.0322944
      3.21424    0.0177034    0.0269230
      3.21567    0.0284448    0.0248671
      3.21710    0.0319749    0.0235696
      3.21853    0.0276650    0.0218016
      3.21996    0.0207805    0.0214941
      3.22139    0.0157454    0.0239376
      3.22282    0.0204659    0.0332032
      3.22425   0.00726739    0.0432505
      3.22568    0.0174747    0.0361203
      3.22710    0.0223464    0.0283564
      3.22853    0.0285936    0.0258336
      3.22996    0.0383034    0.0293240
      3.23139    0.0324789    0.0294210
      3.23282    0.0381873    0.0209338
      3.23425    0.0285164    0.0158744
      3.23568    0.0290507    0.0142904
      3.23711    0.0260701    0.0145662
      3.23854    0.0288485    0.0158962
      3.23997    0.0294806    0.0177496
      3.24140    0.0281602    0.0188000
      3.24283    0.0279390    0.0187887
      3.24426    0.0162860    0.0212585
      3.24568    0.0185300    0.0317322
      3.24711    0.0151324    0.0325571
      3.24854    0.0173566    0.0300213
      3.24997    0.0172643    0.0229620
      3.25140    0.0322644    0.0174258
      3.25283    0.0333702    0.0143975
      3.25426    0.0313718    0.0132496
      3.25569    0.0326421    0.0132383
      3.25712    0.0326815    0.0137864
      3.25855    0.0375803    0.0156297
      3.25998    0.0314077    0.0198619
      3.26141    0.0258052    0.0282008
      3.26284    0.0398421    0.0277684
      3.26427    0.0475779    0.0214485
      3.26570    0.0364861    0.0178716
      3.26713    0.0336050    0.0169097
      3.26856    0.0382132    0.0189091
      3.26998    0.0268921    0.0221479
      3.27141    0.0202960    0.0246638
      3.27284    0.0346198    0.0216458
      3.27427    0.0412542    0.0162409
      3.27570    0.0417613    0.0142207
      3.27713    0.0439108    0.0143244
      3.27856    0.0492327    0.0157474
      3.27999    0.0427975    0.0177736
      3.28142    0.0484344    0.0170307
      3.28285    0.0469023    0.0140831
      3.28428    0.0425775    0.0128073
      3.28571    0.0429604    0.0124701
      3.28714    0.0456989    0.0124403
      3.28857    0.0413270    0.0125681
      3.29000    0.0434253    0.0130902
      3.29143    0.0461740    0.0141625
      3.29286    0.0486181    0.0157892
      3.29429    0.0530790    0.0183418
      3.29572    0.0968267    0.0233631
      3.29715     0.132259    0.0277103
      3.29858     0.116519    0.0298078
      3.30000    0.0859432    0.0271128
      3.30143    0.0709951    0.0202432
      3.30286    0.0488672    0.0169881
      3.30429    0.0494182    0.0161470
      3.30572    0.0507911    0.0165010
      3.30715    0.0440705    0.0160991
      3.30858    0.0406943    0.0158989
      3.31001    0.0443512    0.0169969
      3.31144    0.0402158    0.0183564
      3.31287    0.0266088    0.0227736
      3.31430    0.0241194    0.0418365
      3.31573    0.0892021     0.118647
      3.31716    0.0174804     0.130526
      3.31859    0.0369069    0.0857917
      3.32002    0.0143456    0.0586478
      3.32145    0.0158460    0.0374254
      3.32288    0.0434287    0.0252618
      3.32431    0.0391053    0.0195357
      3.32574    0.0488798    0.0172547
      3.32717    0.0442529    0.0173371
      3.32860    0.0491564    0.0177948
      3.33003    0.0497231    0.0161801
      3.33145    0.0465882    0.0137981
      3.33288    0.0453545    0.0129404
      3.33431    0.0458550    0.0129684
      3.33574    0.0475443    0.0131737
      3.33717    0.0461575    0.0133649
      3.33860    0.0484174    0.0145059
      3.34003    0.0479024    0.0163057
      3.34146    0.0456615    0.0164121
      3.34289    0.0509641    0.0155856
      3.34432    0.0515257    0.0154607
      3.34575    0.0497440    0.0164107
      3.34718    0.0502711    0.0168406
      3.34861    0.0491786    0.0148692
      3.35004    0.0503485    0.0135128
      3.35147    0.0490907    0.0134345
      3.35290    0.0470412    0.0138714
      3.35433    0.0523674    0.0147673
      3.35576    0.0596381    0.0166450
      3.35718    0.0588781    0.0175460
      3.35861    0.0543155    0.0165725
      3.36004    0.0507539    0.0149993
      3.36147    0.0454765    0.0148640
      3.36290    0.0488105    0.0151486
      3.36433    0.0468502    0.0144557
      3.36576    0.0462811    0.0137820
      3.36719    0.0489341    0.0142240
      3.36862    0.0454752    0.0153928
      3.37005    0.0520556    0.0157450
      3.37148    0.0545116    0.0144339
      3.37291    0.0558946    0.0135436
      3.37434    0.0541308    0.0129868
      3.37577    0.0538898    0.0130220
      3.37719    0.0559036    0.0136827
      3.37862    0.0516033    0.0144183
      3.38005    0.0385471    0.0153182
      3.38148    0.0557866    0.0161183
      3.38291    0.0515288    0.0151394
      3.38434    0.0564211    0.0142590
      3.38577    0.0606140    0.0135788
      3.38720    0.0578113    0.0127944
      3.38863    0.0535094    0.0124449
      3.39006    0.0558362    0.0130704
      3.39149    0.0526493    0.0142146
      3.39292    0.0596518    0.0149524
      3.39434    0.0577203    0.0136707
      3.39577    0.0595777    0.0126213
      3.39720    0.0590491    0.0121795
      3.39863    0.0571647    0.0120554
      3.40006    0.0586973    0.0121031
      3.40149    0.0570410    0.0127793
      3.40292    0.0515597    0.0141324
      3.40435    0.0493392    0.0161438
      3.40578    0.0613446    0.0163393
      3.40721    0.0620881    0.0153437
      3.40863    0.0619760    0.0147512
      3.41006    0.0577996    0.0142308
      3.41149    0.0567238    0.0134394
      3.41292    0.0561179    0.0134061
      3.41435    0.0592825    0.0140083
      3.41578    0.0558847    0.0147152
      3.41721    0.0528604    0.0145260
      3.41864    0.0556824    0.0130650
      3.42007    0.0555422    0.0123720
      3.42149    0.0572594    0.0121368
      3.42292    0.0532207    0.0121560
      3.42435    0.0569904    0.0124430
      3.42578    0.0540380    0.0132133
      3.42721    0.0582821    0.0141846
      3.42864    0.0585465    0.0145352
      3.43007    0.0583667    0.0134471
      3.43150    0.0570556    0.0123003
      3.43292    0.0559262    0.0119891
      3.43435    0.0570884    0.0119502
      3.43578    0.0548207    0.0119457
      3.43721    0.0548029    0.0120616
      3.43864    0.0567874    0.0124856
      3.44007    0.0591918    0.0130302
      3.44150    0.0609162    0.0130941
      3.44293    0.0589949    0.0123630
      3.44435    0.0592112    0.0118790
      3.44578    0.0583862    0.0117891
      3.44721    0.0573849    0.0118188
      3.44864    0.0638123    0.0117561
      3.45007    0.0595642    0.0118261
      3.45150    0.0588234    0.0121851
      3.45292    0.0615258    0.0127094
      3.45435    0.0623638    0.0127351
      3.45578    0.0632756    0.0122883
      3.45721    0.0594039    0.0117248
      3.45864    0.0621376    0.0114279
      3.46007    0.0617523    0.0113555
      3.46150    0.0634208    0.0114359
      3.46292    0.0618974    0.0116226
      3.46435    0.0616517    0.0119442
      3.46578    0.0654587    0.0121644
      3.46721    0.0700806    0.0119910
      3.46864    0.0687169    0.0115144
      3.47006    0.0654267    0.0113437
      3.47149    0.0646690    0.0113235
      3.47292    0.0653482    0.0114604
      3.47435    0.0647427    0.0115935
      3.47578    0.0665047    0.0116676
      3.47721    0.0627749    0.0117082
      3.47863    0.0650844    0.0117370
      3.48006    0.0659855    0.0115710
      3.48149    0.0675606    0.0113813
      3.48292    0.0692094    0.0113036
      3.48435    0.0707066    0.0113328
      3.48577    0.0647932    0.0113909
      3.48720    0.0630926    0.0115551
      3.48863    0.0619414    0.0116516
      3.49006    0.0674543    0.0116916
      3.49149    0.0697257    0.0115784
      3.49291    0.0684604    0.0114667
      3.49434    0.0649709    0.0113276
      3.49577    0.0650995    0.0112481
      3.49720    0.0671788    0.0112607
      3.49863    0.0695323    0.0113153
      3.50005    0.0702674    0.0115253
      3.50148    0.0701491    0.0114762
      3.50291    0.0706977    0.0114112
      3.50434    0.0693728    0.0114004
      3.50577    0.0706749    0.0112605
      3.50719    0.0690376    0.0112236
      3.50862    0.0667754    0.0112274
      3.51005    0.0702439    0.0112605
      3.51148    0.0708774    0.0112785
      3.51290    0.0673637    0.0112567
      3.51433    0.0698022    0.0111998
      3.51576    0.0670635    0.0111897
      3.51719    0.0659845    0.0111151
      3.51861    0.0692396    0.0110853
      3.52004    0.0740905    0.0110610
      3.52147    0.0728090    0.0110651
      3.52290    0.0717366    0.0111415
      3.52432    0.0713521    0.0111999
      3.52575    0.0664080    0.0112554
      3.52718    0.0668735    0.0113347
      3.52861    0.0667620    0.0112546
      3.53003    0.0677795    0.0112060
      3.53146    0.0678750    0.0112818
      3.53289    0.0703219    0.0114068
      3.53432    0.0664932    0.0115864
      3.53574    0.0665506    0.0116737
      3.53717    0.0661406    0.0116505
      3.53860    0.0698774    0.0116286
      3.54003    0.0708398    0.0117791
      3.54145    0.0740989    0.0117418
      3.54288    0.0738871    0.0116230
      3.54431    0.0748527    0.0115400
      3.54574    0.0743342    0.0114647
      3.54716    0.0710940    0.0114094
      3.54859    0.0730821    0.0113349
      3.55002    0.0681363    0.0113181
      3.55144    0.0687274    0.0113473
      3.55287    0.0758106    0.0113958
      3.55430    0.0728613    0.0114560
      3.55573    0.0713748    0.0114185
      3.55715    0.0698609    0.0112883
      3.55858    0.0714033    0.0112652
      3.56001    0.0716793    0.0112325
      3.56143    0.0728631    0.0111760
      3.56286    0.0709437    0.0111330
      3.56429    0.0739765    0.0112870
      3.56572    0.0701917    0.0114009
      3.56714    0.0746071    0.0115472
      3.56857    0.0752746    0.0115979
      3.57000    0.0758160    0.0115999
      3.57142    0.0778285    0.0116071
      3.57285    0.0799622    0.0117093
      3.57428    0.0776880    0.0117207
      3.57570    0.0799590    0.0116216
      3.57713    0.0790440    0.0113822
      3.57856    0.0756688    0.0113452
      3.57999    0.0716890    0.0113407
      3.58141    0.0733409    0.0115217
      3.58284    0.0753088    0.0115380
      3.58427    0.0726390    0.0115512
      3.58569    0.0769017    0.0115098
      3.58712    0.0774012    0.0115063
      3.58855    0.0719666    0.0114197
      3.58997    0.0742073    0.0114092
      3.59140    0.0766435    0.0114598
      3.59283    0.0779257    0.0114210
      3.59425    0.0747379    0.0113158
      3.59568    0.0719335    0.0112653
      3.59711    0.0772999    0.0112707
      3.59853    0.0785643    0.0112720
      3.59996    0.0766645    0.0112187
      3.60139    0.0791526    0.0111987
      3.60281    0.0793847    0.0111430
      3.60424    0.0835602    0.0112850
      3.60567    0.0872443    0.0114591
      3.60709    0.0902194    0.0115442
      3.60852    0.0856189    0.0114099
      3.60995    0.0837029    0.0113054
      3.61137    0.0794338    0.0112954
      3.61280    0.0792652    0.0113357
      3.61423    0.0752566    0.0112648
      3.61565    0.0752547    0.0111967
      3.61708    0.0766950    0.0111158
      3.61851    0.0751327    0.0110810
      3.61993    0.0785447    0.0109852
      3.62136    0.0791127    0.0110072
      3.62278    0.0807256    0.0110780
      3.62421    0.0855157    0.0112309
      3.62564    0.0808399    0.0113606
      3.62706    0.0815272    0.0113220
      3.62849    0.0797528    0.0111878
      3.62992    0.0783946    0.0111161
      3.63134    0.0790866    0.0112635
      3.63277    0.0792146    0.0112309
      3.63420    0.0778552    0.0111650
      3.63562    0.0846681    0.0111432
      3.63705    0.0854063    0.0110387
      3.63848    0.0885103    0.0110166
      3.63990    0.0931635    0.0110183
      3.64133    0.0900206    0.0110777
      3.64275    0.0909716    0.0110912
      3.64418    0.0971725    0.0112036
      3.64561    0.0940488    0.0113265
      3.64703    0.0941697    0.0113598
      3.64846    0.0861339    0.0112124
      3.64989    0.0785868    0.0111268
      3.65131    0.0821607    0.0111618
      3.65274    0.0793631    0.0112047
      3.65416    0.0802663    0.0111183
      3.65559    0.0801441    0.0110122
      3.65702    0.0842885    0.0109819
      3.65844    0.0863355    0.0110487
      3.65987    0.0887334    0.0110555
      3.66130    0.0871093    0.0110719
      3.66272    0.0906204    0.0110666
      3.66415    0.0822750    0.0111965
      3.66557    0.0816885    0.0113741
      3.66700    0.0856215    0.0116118
      3.66843    0.0802179    0.0115273
      3.66985    0.0812832    0.0115713
      3.67128    0.0871405    0.0118643
      3.67270    0.0869691    0.0120889
      3.67413    0.0839622    0.0122155
      3.67556    0.0856593    0.0120749
      3.67698    0.0888168    0.0118791
      3.67841    0.0870241    0.0116968
      3.67984    0.0857319    0.0116347
      3.68126    0.0891739    0.0115773
      3.68269    0.0885327    0.0114609
      3.68411    0.0871749    0.0114095
      3.68554    0.0868333    0.0113339
      3.68697    0.0886314    0.0113410
      3.68839    0.0947165    0.0112401
      3.68982    0.0978251    0.0111527
      3.69124     0.106060    0.0111083
      3.69267     0.103947    0.0111131
      3.69410    0.0986644    0.0110460
      3.69552    0.0921861    0.0110376
      3.69695    0.0903492    0.0110990
      3.69837    0.0887376    0.0110647
      3.69980    0.0917389    0.0109890
      3.70123    0.0908579    0.0109572
      3.70265    0.0876441    0.0109545
      3.70408    0.0896809    0.0111444
      3.70551    0.0914802    0.0110692
      3.70693    0.0898062    0.0111274
      3.70836    0.0873933    0.0111496
      3.70978    0.0901337    0.0112677
      3.71121    0.0853855    0.0112352
      3.71264    0.0893786    0.0112301
      3.71406    0.0913009    0.0112142
      3.71549    0.0906024    0.0112082
      3.71691    0.0945041    0.0111686
      3.71834    0.0914037    0.0110926
      3.71977    0.0924029    0.0110140
      3.72119    0.0917018    0.0110409
      3.72262    0.0890894    0.0110224
      3.72404    0.0890270    0.0110869
      3.72547    0.0901639    0.0111041
      3.72690    0.0909503    0.0111973
      3.72832    0.0913421    0.0112339
      3.72975    0.0959325    0.0113091
      3.73118    0.0992607    0.0112955
      3.73260     0.102492    0.0114002
      3.73403     0.116637    0.0115017
      3.73545     0.145656    0.0115368
      3.73688     0.205113    0.0115734
      3.73831     0.263837    0.0117124
      3.73973     0.258800    0.0117439
      3.74116     0.203716    0.0116351
      3.74258     0.143283    0.0113313
      3.74401     0.116699    0.0112147
      3.74544     0.113681    0.0112313
      3.74686     0.112549    0.0112921
      3.74829     0.109561    0.0113165
      3.74972     0.104305    0.0114024
      3.75114     0.102992    0.0113363
      3.75257     0.101335    0.0113091
      3.75399    0.0921723    0.0112788
      3.75542    0.0931328    0.0112825
      3.75685    0.0934984    0.0113109
      3.75827    0.0931132    0.0115070
      3.75970    0.0922684    0.0114409
      3.76113    0.0914349    0.0114659
      3.76255    0.0905344    0.0115313
      3.76398    0.0929154    0.0117227
      3.76541    0.0921864    0.0116446
      3.76683    0.0934568    0.0115130
      3.76826    0.0907797    0.0115172
      3.76968    0.0957115    0.0116283
      3.77111    0.0942266    0.0116216
      3.77254    0.0939234    0.0115644
      3.77396    0.0943210    0.0114405
      3.77539    0.0934587    0.0114314
      3.77682    0.0922959    0.0113063
      3.77824    0.0919254    0.0114260
      3.77967    0.0903017    0.0114990
      3.78110    0.0917213    0.0116732
      3.78252    0.0931064    0.0115691
      3.78395    0.0937825    0.0115201
      3.78538    0.0961554    0.0115151
      3.78680    0.0979564    0.0116815
      3.78823    0.0953200    0.0118726
      3.78966    0.0971814    0.0120036
      3.79108    0.0961584    0.0117346
      3.79251    0.0936996    0.0116347
      3.79394    0.0971603    0.0115552
      3.79536    0.0940428    0.0116269
      3.79679    0.0935234    0.0116169
      3.79822    0.0971057    0.0115546
      3.79964    0.0959702    0.0114962
      3.80107    0.0947639    0.0114836
      3.80250    0.0983681    0.0115736
      3.80392     0.100837    0.0115662
      3.80535    0.0995937    0.0115192
      3.80678    0.0959031    0.0115652
      3.80820    0.0981963    0.0116522
      3.80963    0.0995451    0.0118272
      3.81106     0.100196    0.0118787
      3.81249     0.100371    0.0119199
      3.81391     0.110415    0.0117803
      3.81534     0.114620    0.0116264
      3.81677     0.125029    0.0116928
      3.81819     0.126176    0.0115908
      3.81962     0.118785    0.0115317
      3.82105     0.111221    0.0115327
      3.82247     0.107473    0.0115084
      3.82390     0.106712    0.0115521
      3.82533    0.0993494    0.0114728
      3.82676    0.0974440    0.0115243
      3.82818     0.102879    0.0114727
      3.82961     0.102780    0.0116523
      3.83104     0.101576    0.0117415
      3.83247     0.101098    0.0118133
      3.83389     0.101581    0.0118394
      3.83532    0.0995613    0.0117195
      3.83675     0.103842    0.0116008
      3.83818     0.102880    0.0115913
      3.83960     0.103213    0.0116007
      3.84103     0.101317    0.0117140
      3.84246     0.102214    0.0117729
      3.84389     0.103307    0.0118139
      3.84531     0.101914    0.0117889
      3.84674     0.106088    0.0117210
      3.84817     0.101279    0.0116825
      3.84960    0.0980021    0.0117196
      3.85103     0.100592    0.0116842
      3.85245     0.100987    0.0117552
      3.85388     0.102698    0.0118367
      3.85531     0.105639    0.0119219
      3.85674     0.104154    0.0119273
      3.85817     0.110916    0.0121316
      3.85959     0.108742    0.0120337
      3.86102     0.106980    0.0121210
      3.86245     0.103075    0.0121758
      3.86388     0.101629    0.0123355
      3.86531     0.101895    0.0125095
      3.86673     0.100416    0.0126382
      3.86816     0.103994    0.0126384
      3.86959     0.103362    0.0128219
      3.87102     0.101452    0.0128699
      3.87245     0.100368    0.0131085
      3.87388     0.102271    0.0130723
      3.87531     0.100502    0.0132912
      3.87673    0.0998442    0.0132477
      3.87816     0.108822    0.0132985
      3.87959     0.107401    0.0133681
      3.88102     0.104730    0.0133303
      3.88245     0.101363    0.0132627
      3.88388    0.0998660    0.0132982
      3.88531     0.103016    0.0132781
      3.88674     0.103518    0.0133133
      3.88816     0.105634    0.0132985
      3.88959     0.107413    0.0133527
      3.89102     0.104914    0.0132288
      3.89245     0.108075    0.0132071
      3.89388     0.109343    0.0131359
      3.89531     0.106289    0.0130974
      3.89674     0.106985    0.0130007
      3.89817     0.105247    0.0131150
      3.89960     0.109421    0.0131057
      3.90103     0.118424    0.0130894
      3.90246     0.124181    0.0131198
      3.90389     0.135840    0.0132555
      3.90532     0.135581    0.0133313
      3.90675     0.135001    0.0135061
      3.90818     0.128875    0.0135036
      3.90961     0.123434    0.0135177
      3.91104     0.115683    0.0134025
      3.91247     0.114962    0.0134340
      3.91390     0.107228    0.0133683
      3.91533     0.107240    0.0134430
      3.91676     0.111560    0.0134056
      3.91819     0.106948    0.0134032
      3.91962     0.108911    0.0133817
      3.92105     0.107300    0.0136269
      3.92248     0.107720    0.0134501
      3.92391     0.105729    0.0133480
      3.92534     0.108612    0.0132525
      3.92677     0.109706    0.0132584
      3.92820     0.109446    0.0132081
      3.92963     0.112311    0.0130630
      3.93106     0.107324    0.0131164
      3.93249     0.103684    0.0131204
      3.93392     0.104384    0.0131227
      3.93535     0.108637    0.0131369
      3.93678     0.111241    0.0128388
      3.93821     0.110941    0.0128635
      3.93965     0.109540    0.0129094
      3.94108     0.105841    0.0128151
      3.94251     0.106627    0.0127377
      3.94394     0.109244    0.0126864
      3.94537     0.112979    0.0126233
      3.94680     0.113201    0.0126883
      3.94823     0.111159    0.0127031
      3.94967     0.108436    0.0126524
      3.95110     0.108026    0.0126345
      3.95253     0.107529    0.0127064
      3.95396     0.109334    0.0126044
      3.95539     0.108869    0.0125555
      3.95682     0.110421    0.0125686
      3.95826     0.109150    0.0125686
      3.95969     0.110351    0.0124948
      3.96112     0.111888    0.0125618
      3.96255     0.111550    0.0126081
      3.96399     0.113550    0.0126103
      3.96542     0.114700    0.0125575
      3.96685     0.114266    0.0126440
      3.96828     0.113917    0.0126677
      3.96972     0.116074    0.0127242
      3.97115     0.117428    0.0127620
      3.97258     0.113827    0.0126848
      3.97401     0.115814    0.0127788
      3.97545     0.114063    0.0128205
      3.97688     0.109753    0.0127657
      3.97831     0.113339    0.0128879
      3.97975     0.115515    0.0129950
      3.98118     0.118772    0.0128853
      3.98261     0.115358    0.0127399
      3.98405     0.112490    0.0132212
      3.98548     0.111482    0.0129849
      3.98692     0.111613    0.0130882
      3.98835     0.112897    0.0130368
      3.98978     0.111953    0.0132027
      3.99122     0.113874    0.0131647
      3.99265     0.115772    0.0131865
      3.99409     0.118298    0.0132083
      3.99552     0.114068    0.0132868
      3.99695     0.117705    0.0133074
      3.99839     0.120918    0.0133902
      3.99982     0.117416    0.0133643
      4.00126     0.113782    0.0133975
      4.00269     0.109698    0.0133818
      4.00413     0.119850    0.0134670
      4.00556     0.115715    0.0135639
      4.00700     0.116631    0.0138670
      4.00843     0.117628    0.0139392
      4.00987     0.120488    0.0136957
      4.01130     0.120979    0.0135643
      4.01274     0.127290    0.0137079
      4.01417     0.132718    0.0137562
      4.01561     0.137240    0.0138252
      4.01705     0.154632    0.0138925
      4.01848     0.164980    0.0138219
      4.01992     0.167673    0.0140034
      4.02135     0.153925    0.0140487
      4.02279     0.137851    0.0140504
      4.02423     0.123775    0.0140954
      4.02566     0.122529    0.0142668
      4.02710     0.122008    0.0141816
      4.02854     0.114847    0.0143495
      4.02997     0.114928    0.0144331
      4.03141     0.118930    0.0143520
      4.03285     0.127476    0.0144408
      4.03428     0.127336    0.0144691
      4.03572     0.127924    0.0145616
      4.03716     0.128103    0.0147458
      4.03859     0.120907    0.0148369
      4.04003     0.120083    0.0148874
      4.04147     0.129036    0.0150282
      4.04291     0.142891    0.0148839
      4.04435     0.155433    0.0149518
      4.04578     0.204516    0.0151401
      4.04722     0.351453    0.0151036
      4.04866     0.621502    0.0151594
      4.05010     0.899587    0.0157040
      4.05154     0.926047    0.0159084
      4.05297     0.692818    0.0158503
      4.05441     0.376703    0.0154938
      4.05585     0.190834    0.0153010
      4.05729     0.133458    0.0151687
      4.05873     0.125573    0.0152151
      4.06017     0.126251    0.0149210
      4.06161     0.119179    0.0150536
      4.06305     0.118813    0.0149950
      4.06449     0.115567    0.0150305
      4.06593     0.127016    0.0152494
      4.06737     0.127271    0.0154312
      4.06881     0.119476    0.0154091
      4.07025     0.116256    0.0154948
      4.07169     0.119492    0.0155414
      4.07313     0.116561    0.0155360
      4.07457     0.114713    0.0155987
      4.07601     0.112110    0.0158101
      4.07745     0.116428    0.0158497
      4.07889     0.119454    0.0159273
      4.08033     0.119765    0.0164283
      4.08177     0.112821    0.0162789
      4.08321     0.114969    0.0162236
      4.08465     0.120501    0.0161625
      4.08610     0.119876    0.0162326
      4.08754     0.120948    0.0163768
      4.08898     0.120273    0.0168084
      4.09042     0.124345    0.0165332
      4.09186     0.117646    0.0167356
      4.09331     0.126468    0.0168253
      4.09475     0.113986    0.0169282
      4.09619     0.119634    0.0169782
      4.09763     0.117715    0.0170310
      4.09908     0.121737    0.0171622
      4.10052     0.123648    0.0170693
      4.10196     0.122411    0.0171952
      4.10341     0.119733    0.0172131
      4.10485     0.118690    0.0173711
      4.10629     0.121593    0.0176199
      4.10774     0.122959    0.0176270
      4.10918     0.117104    0.0177719
      4.11062     0.121425    0.0179065
      4.11207     0.116711    0.0178855
      4.11351     0.122160    0.0179497
      4.11496     0.119751    0.0180902
      4.11640     0.113931    0.0181591
      4.11785     0.117184    0.0182036
      4.11929     0.121809    0.0183267
      4.12074     0.121860    0.0182702
      4.12218     0.114376    0.0184737
      4.12363     0.124764    0.0184384
      4.12507     0.121468    0.0186908
      4.12652     0.123611    0.0187655
      4.12796     0.121335    0.0188615
      4.12941     0.127015    0.0189764
      4.13086     0.126339    0.0190920
      4.13230     0.126430    0.0192414
      4.13375     0.127019    0.0193499
      4.13520     0.132129    0.0194280
      4.13664     0.121865    0.0194944
      4.13809     0.118724    0.0196020
      4.13954     0.126475    0.0198293
      4.14098     0.131268    0.0199738
      4.14243     0.122364    0.0200933
      4.14388     0.132730    0.0202307
      4.14533     0.126302    0.0204652
      4.14677     0.128131    0.0205854
      4.14822     0.122838    0.0207877
      4.14967     0.118913    0.0209622
      4.15112     0.128929    0.0212544
      4.15257     0.125060    0.0215516
      4.15402     0.122614    0.0217379
      4.15547     0.116113    0.0219712
      4.15692     0.123668    0.0223827
      4.15837     0.126164    0.0226976
      4.15981     0.126239    0.0231497
      4.16126     0.114639    0.0233773
      4.16271     0.115802    0.0234822
      4.16416     0.125662    0.0241253
      4.16561     0.124321    0.0248450
      4.16707     0.136129    0.0255424
      4.16852     0.156539    0.0258094
      4.16997     0.172478    0.0267876
      4.17142     0.186240    0.0280630
      4.17287     0.192327    0.0306237
      4.17432     0.162849    0.0300219
      4.17577     0.160680    0.0313070
      4.17722     0.137505    0.0338606
      4.17868     0.130634    0.0365664
      4.18013     0.138228    0.0412822
      4.18158     0.104357    0.0490318
      4.18303     0.113223    0.0612434
      4.18449    0.0870762    0.0824043
      4.18594    0.0191821     0.122734
      4.18739    0.0276233     0.205777
      4.18885    0.0841559     0.386365
      4.19030    -0.807592     0.848724
      4.19175     -2.60064      2.24280
      4.19321     0.240307      8.58574
      4.19466     -3.07496      13.3823
      4.19612     -2.58405      21.1809
      4.19757      17.5094      33.4284
      4.19902      700.210      22.8475
      4.20048      3416.85      3415.53
      4.20193      39.2237      71.3067
      4.20339      96.7633      183.756
      4.20485      20.0194      152.180
      4.20630      659.208      7.45871
      4.20776      3204.85      201.719
      4.20921      30.5932      197.084
      4.21067     -1.20016      231.787
      4.21213      18.7875      84.2783
      4.21358    -0.273290      126.714
      4.21504     -19.7385      103.133
      4.21650    0.0236856      18.7831
      4.21795      8.12485      7.17810
      4.21941      9.47313      7.30550
      4.22087      29.0679      27.4334
      4.22233     -91.2611      176.307
      4.22379      5.07899      8.13827
      4.22525      1.91218      7.41312
      4.22670     -37.7599      23.2155
      4.22816     -186.455      85.5036
      4.22962      31.7422      150.073
      4.23108      54.4089      11.7907
      4.23254      251.613      153.578
      4.23400      37.3226      102.402
      4.23546      2.49063      29.6865
      4.23692     0.609091      7.97040
      4.23838      2.54208      32.3457
      4.23984     -4.37664      11.1425
      4.24130      17.8853      10.8938
      4.24277      97.8745      10143.1
      4.24423      8.63354      56.5213
      4.24569      22.5946      223.037
      4.24715      20.4851      117.454
      4.24861      64.8692      74.2873
      4.25007     -31.4317      61.9194
      4.25154     -29.3042      70.0476
      4.25300     -36.2061      160.091
      4.25446     -10.9413      59.2037
      4.25593     -5.59300      33.5473
      4.25739     -26.9263      52.5303
      4.25885     -64.0271      522.252
      4.26032     -121.766      79.5010
      4.26178     -648.952      540.498
      4.26325      4.76638      19.9914
      4.26471     -1.80833      20.5553
      4.26618     0.666089      14.7810
      4.26764      46.8286      75.6027
      4.26911      104.338      286.291
      4.27057      32.6062      49.8707
      4.27204      70.4520      117.292
      4.27351     -13.5066      68.8069
      4.27497      28.6831      105.080
      4.27644     -19.1789      59.1919
      4.27791     0.535552      30.2648
      4.27937     -4.96566      41.7050
      4.28084     -9.45716      27.0186
      4.28231      0.00000      1.16691
