SOURCE  = IRAS 08375-4109               / Source name
STANDARD= BS 3842                       / Standard name
OBSDATE = 06-01-2001                    / Date of observation
SPOS    = 08:39:19.8  -41:20:29.6       / Source position RA,DEC,J2000
STPOS   = 09:12:49.653  09:38:01.4      / Standard position RA,DEC,J2000
STSPT   = G8II                          / Standard spectral type
STTEFF  = 5500                          / Standard effective temperature [K]
STMAG   = 3.34                          / Standard magnitude (adopted)
WAVEZP  = 3.45                          / Wavelength zero point [micron]
FLUXZP  = 290                           / Flux zero point [Jy]
SAIRM   = 1.061                         / Source mean airmass
STAIRM  = 1.059                         / Standard mean airmass
AIRMCORR= 1.0                           / Optimal (adopted) airmass correction
SPECRES = ~600                          / Spectral resolution

Created by E. Dartois and K. Pontoppidan (c)

Wavelength [micron] Flux [Jy] Statistical Error [Jy]

      2.81545      0.00000     0.217969
      2.81685     0.519691     0.312532
      2.81825     0.139510     0.284027
      2.81965    0.0781912     0.113417
      2.82105    0.0988743    0.0537035
      2.82245    0.0872187    0.0363427
      2.82385     0.185446    0.0303245
      2.82525     0.176315    0.0270303
      2.82665     0.173703    0.0222247
      2.82805     0.176835    0.0202642
      2.82946     0.179144    0.0222040
      2.83086     0.122750    0.0338034
      2.83226     0.169896    0.0783930
      2.83366    0.0379508     0.189580
      2.83506  -0.00951334     0.165598
      2.83647  -0.00342489    0.0757215
      2.83787    0.0304264    0.0424876
      2.83927     0.113714    0.0271675
      2.84068     0.166153    0.0189257
      2.84208     0.190486    0.0160601
      2.84348     0.181103    0.0162611
      2.84489     0.136146    0.0211393
      2.84629    0.0677381    0.0318222
      2.84770     0.108426    0.0328690
      2.84910     0.144715    0.0282656
      2.85050    0.0864216    0.0296876
      2.85191    0.0807022    0.0424971
      2.85332     0.150141    0.0478724
      2.85472     0.189653    0.0285832
      2.85613     0.165341    0.0209751
      2.85753     0.146530    0.0190347
      2.85894     0.138499    0.0175078
      2.86034     0.167568    0.0146418
      2.86175     0.186193    0.0128253
      2.86316     0.174166    0.0130632
      2.86457     0.162813    0.0146428
      2.86597     0.132924    0.0165828
      2.86738     0.119837    0.0182911
      2.86879    0.0805435    0.0197859
      2.87020     0.109807    0.0200085
      2.87160     0.162720    0.0155949
      2.87301     0.189432    0.0116748
      2.87442     0.178931    0.0106561
      2.87583     0.159328    0.0111688
      2.87724     0.149187    0.0116243
      2.87865     0.158655    0.0111821
      2.88006     0.164327    0.0109398
      2.88147     0.157180    0.0114949
      2.88288     0.150373    0.0117676
      2.88428     0.152435    0.0122884
      2.88569     0.150476    0.0131781
      2.88711     0.144060    0.0141157
      2.88852     0.143283    0.0131540
      2.88993     0.157080    0.0113990
      2.89134     0.155050    0.0101586
      2.89275     0.164915   0.00922619
      2.89416     0.173752   0.00834254
      2.89557     0.171524   0.00830170
      2.89698     0.163967   0.00949061
      2.89839     0.141442    0.0122772
      2.89981     0.117802    0.0157453
      2.90122     0.110837    0.0161293
      2.90263     0.108053    0.0145312
      2.90404     0.110689    0.0136439
      2.90546     0.115991    0.0121996
      2.90687     0.135042    0.0103286
      2.90828     0.144102   0.00915370
      2.90969     0.149017   0.00872575
      2.91111     0.147839   0.00903619
      2.91252     0.147179   0.00951687
      2.91393     0.154054   0.00959220
      2.91535     0.148417   0.00898121
      2.91676     0.144436   0.00856058
      2.91818     0.143594   0.00886774
      2.91959     0.130230    0.0104260
      2.92101     0.104543    0.0143646
      2.92242     0.102625    0.0159278
      2.92383     0.122426    0.0116064
      2.92525     0.139935   0.00889209
      2.92666     0.146105   0.00810888
      2.92808     0.140003   0.00788254
      2.92950     0.138059   0.00779633
      2.93091     0.138338   0.00767354
      2.93233     0.141962   0.00764395
      2.93374     0.144142   0.00774350
      2.93516     0.139955   0.00811604
      2.93658     0.128892   0.00885657
      2.93799     0.118723   0.00933752
      2.93941     0.119793   0.00921514
      2.94082     0.123542   0.00931741
      2.94224     0.116943   0.00963361
      2.94366     0.117255   0.00969521
      2.94508     0.123449   0.00975181
      2.94649     0.122110   0.00952442
      2.94791     0.125114   0.00866651
      2.94933     0.133655   0.00776688
      2.95075     0.129601   0.00806215
      2.95216     0.114340   0.00921896
      2.95358     0.111989   0.00996914
      2.95500     0.117729   0.00909418
      2.95642     0.126046   0.00817485
      2.95784     0.126286   0.00782729
      2.95925     0.124666   0.00778196
      2.96067     0.122886   0.00761588
      2.96209     0.127195   0.00738184
      2.96351     0.128258   0.00728744
      2.96493     0.127845   0.00757056
      2.96635     0.118870   0.00854683
      2.96777     0.102706    0.0105193
      2.96919    0.0914111    0.0130425
      2.97061    0.0877903    0.0142687
      2.97203    0.0904757    0.0133757
      2.97345    0.0985628    0.0117607
      2.97487    0.0995228    0.0102466
      2.97629     0.105560   0.00954523
      2.97771     0.107218   0.00948402
      2.97913     0.101292   0.00955058
      2.98055     0.110106   0.00871131
      2.98197     0.119430   0.00778765
      2.98339     0.126599   0.00724682
      2.98481     0.131458   0.00687558
      2.98623     0.130568   0.00676647
      2.98765     0.131746   0.00665348
      2.98907     0.134232   0.00667519
      2.99050     0.127531   0.00686832
      2.99192     0.121049   0.00715651
      2.99334     0.121031   0.00742080
      2.99476     0.118585   0.00779300
      2.99618     0.112936   0.00811787
      2.99760     0.113496   0.00787995
      2.99903     0.126359   0.00714832
      3.00045     0.132884   0.00672050
      3.00187     0.129240   0.00690497
      3.00329     0.120032   0.00761502
      3.00471     0.106134   0.00857131
      3.00614     0.102299   0.00900096
      3.00756     0.110306   0.00819295
      3.00898     0.120445   0.00728693
      3.01041     0.128689   0.00677761
      3.01183     0.127887   0.00672929
      3.01325     0.123306   0.00687130
      3.01467     0.124252   0.00709188
      3.01610     0.120470   0.00759261
      3.01752     0.112283   0.00844915
      3.01894     0.109313   0.00935206
      3.02037     0.112239   0.00957509
      3.02179     0.113453   0.00888007
      3.02321     0.126233   0.00758603
      3.02464     0.130034   0.00683057
      3.02606     0.128626   0.00662531
      3.02749     0.128544   0.00674852
      3.02891     0.126753   0.00697828
      3.03033     0.126062   0.00752568
      3.03176     0.118478   0.00800061
      3.03318     0.114584   0.00852315
      3.03461     0.119831   0.00870010
      3.03603     0.106723   0.00958785
      3.03746     0.104620   0.00998102
      3.03888     0.117865   0.00914606
      3.04031     0.125113   0.00802842
      3.04173     0.127639   0.00743697
      3.04316     0.128892   0.00734548
      3.04458     0.121244   0.00761100
      3.04601     0.116916   0.00797204
      3.04743     0.119516   0.00815870
      3.04886     0.110959   0.00863572
      3.05028     0.109601   0.00939534
      3.05171     0.103421    0.0104004
      3.05313    0.0959563    0.0113477
      3.05456    0.0974315    0.0108219
      3.05598     0.111160   0.00896863
      3.05741     0.127524   0.00744104
      3.05884     0.136069   0.00683837
      3.06026     0.134002   0.00696147
      3.06169     0.124427   0.00741853
      3.06311     0.118746   0.00764169
      3.06454     0.120396   0.00749313
      3.06597     0.124043   0.00739676
      3.06739     0.121916   0.00764193
      3.06882     0.118867   0.00794777
      3.07025     0.116664   0.00836117
      3.07167     0.116441   0.00841717
      3.07310     0.122150   0.00768872
      3.07452     0.136105   0.00680683
      3.07595     0.143872   0.00628127
      3.07738     0.140416   0.00637217
      3.07880     0.132303   0.00698939
      3.08023     0.121412   0.00815979
      3.08166     0.110058   0.00887056
      3.08309     0.120630   0.00839985
      3.08451     0.130240   0.00771186
      3.08594     0.128059   0.00744419
      3.08737     0.131791   0.00743172
      3.08879     0.132827   0.00740281
      3.09022     0.130055   0.00755649
      3.09165     0.131582   0.00778912
      3.09308     0.124144   0.00826804
      3.09450     0.120057   0.00875153
      3.09593     0.120379   0.00872160
      3.09736     0.123670   0.00836051
      3.09879     0.133144   0.00748043
      3.10021     0.146111   0.00681651
      3.10164     0.147417   0.00679081
      3.10307     0.137278   0.00756446
      3.10450     0.124380   0.00898019
      3.10592     0.121805   0.00936979
      3.10735     0.130037   0.00863125
      3.10878     0.132670   0.00834429
      3.11021     0.128743   0.00855152
      3.11164     0.131923   0.00824018
      3.11306     0.138880   0.00791574
      3.11449     0.144256   0.00774933
      3.11592     0.149186   0.00736822
      3.11735     0.164807   0.00646383
      3.11878     0.175487   0.00586340
      3.12021     0.178303   0.00573388
      3.12163     0.173613   0.00579724
      3.12306     0.164783   0.00624967
      3.12449     0.151245   0.00718672
      3.12592     0.134656   0.00872964
      3.12735     0.137494   0.00931576
      3.12878     0.156869   0.00792999
      3.13021     0.180390   0.00649890
      3.13163     0.190146   0.00588274
      3.13306     0.191856   0.00566285
      3.13449     0.192598   0.00558236
      3.13592     0.196677   0.00564064
      3.13735     0.185847   0.00640220
      3.13878     0.174550   0.00679826
      3.14021     0.171651   0.00707506
      3.14164     0.183553   0.00660811
      3.14306     0.189954   0.00634632
      3.14449     0.179795   0.00681753
      3.14592     0.164120   0.00743778
      3.14735     0.174071   0.00735811
      3.14878     0.196884   0.00651843
      3.15021     0.206314   0.00595625
      3.15164     0.208531   0.00577115
      3.15307     0.209675   0.00585210
      3.15450     0.203023   0.00613689
      3.15593     0.198308   0.00633644
      3.15736     0.203099   0.00620994
      3.15879     0.213954   0.00591487
      3.16021     0.220560   0.00566071
      3.16164     0.226839   0.00544250
      3.16307     0.234723   0.00532031
      3.16450     0.238697   0.00531881
      3.16593     0.240526   0.00539020
      3.16736     0.242371   0.00542582
      3.16879     0.243091   0.00539699
      3.17022     0.242362   0.00540479
      3.17165     0.235844   0.00556852
      3.17308     0.234587   0.00574711
      3.17451     0.242541   0.00581886
      3.17594     0.250336   0.00567349
      3.17737     0.257359   0.00550153
      3.17880     0.257977   0.00537373
      3.18023     0.252456   0.00552621
      3.18166     0.245723   0.00579949
      3.18309     0.248638   0.00604166
      3.18452     0.256872   0.00594879
      3.18595     0.263677   0.00572387
      3.18738     0.264698   0.00550344
      3.18881     0.255558   0.00577793
      3.19024     0.236090   0.00666582
      3.19167     0.218265   0.00781786
      3.19309     0.233338   0.00785040
      3.19452     0.257623   0.00693952
      3.19595     0.255475   0.00678859
      3.19738     0.225622   0.00769773
      3.19881     0.204641   0.00885696
      3.20024     0.210560   0.00941396
      3.20167     0.216046   0.00940137
      3.20310     0.209574   0.00936867
      3.20453     0.223348   0.00940041
      3.20596     0.210458   0.00969105
      3.20739     0.188691    0.0109965
      3.20882     0.192266    0.0123133
      3.21025     0.189002    0.0132797
      3.21168     0.207662    0.0125112
      3.21311     0.237460    0.0103943
      3.21454     0.240316   0.00915592
      3.21597     0.232949   0.00868220
      3.21740     0.238106   0.00809059
      3.21883     0.258347   0.00769658
      3.22026     0.269209   0.00814332
      3.22169     0.246734   0.00962726
      3.22312     0.206398    0.0123824
      3.22455     0.192818    0.0130453
      3.22598     0.220990    0.0107685
      3.22741     0.253495   0.00930464
      3.22884     0.256487   0.00982309
      3.23027     0.241029    0.0111535
      3.23170     0.269543   0.00979532
      3.23313     0.313437   0.00725673
      3.23456     0.335998   0.00600599
      3.23599     0.336538   0.00561640
      3.23742     0.329046   0.00586958
      3.23885     0.315166   0.00648279
      3.24028     0.310920   0.00707081
      3.24171     0.318663   0.00721915
      3.24314     0.311385   0.00738446
      3.24457     0.271843   0.00826332
      3.24600     0.235747   0.00978275
      3.24743     0.237787    0.0107362
      3.24886     0.274921    0.0102650
      3.25029     0.321220   0.00816957
      3.25172     0.357979   0.00650073
      3.25315     0.373275   0.00562569
      3.25458     0.371164   0.00530927
      3.25601     0.366003   0.00526965
      3.25744     0.359912   0.00556317
      3.25887     0.338512   0.00646544
      3.26030     0.295277   0.00822451
      3.26173     0.267908    0.0100139
      3.26316     0.288186   0.00904620
      3.26459     0.320802   0.00736554
      3.26602     0.343551   0.00654893
      3.26745     0.339608   0.00655964
      3.26888     0.326807   0.00746426
      3.27031     0.313000   0.00886558
      3.27174     0.312816   0.00917210
      3.27317     0.348250   0.00754703
      3.27460     0.381366   0.00610782
      3.27603     0.392418   0.00555533
      3.27746     0.379211   0.00576220
      3.27889     0.363691   0.00645378
      3.28032     0.359787   0.00690944
      3.28175     0.389527   0.00632318
      3.28318     0.417853   0.00549671
      3.28461     0.421081   0.00510098
      3.28604     0.418065   0.00497906
      3.28747     0.418512   0.00493143
      3.28890     0.419675   0.00504530
      3.29033     0.414513   0.00528279
      3.29176     0.403927   0.00565668
      3.29319     0.387263   0.00623563
      3.29462     0.356146   0.00704348
      3.29605     0.333926   0.00816963
      3.29748     0.320740   0.00943881
      3.29891     0.318542   0.00999348
      3.30034     0.349274   0.00901455
      3.30177     0.392098   0.00723496
      3.30320     0.410782   0.00651750
      3.30463     0.397833   0.00628294
      3.30606     0.393561   0.00618002
      3.30749     0.408542   0.00613057
      3.30892     0.406633   0.00630259
      3.31035     0.421957   0.00679777
      3.31178     0.447333   0.00799663
      3.31321     0.417467    0.0117536
      3.31464     0.339712    0.0258753
      3.31607     0.325661    0.0573089
      3.31750     0.321656    0.0472109
      3.31893     0.325415    0.0300262
      3.32036     0.343445    0.0185379
      3.32179     0.373947    0.0124876
      3.32322     0.410805   0.00917867
      3.32465     0.438564   0.00750966
      3.32608     0.437738   0.00700225
      3.32751     0.410064   0.00699139
      3.32894     0.400109   0.00674425
      3.33037     0.441822   0.00593818
      3.33180     0.477674   0.00539295
      3.33322     0.481404   0.00527304
      3.33465     0.474685   0.00527506
      3.33608     0.476420   0.00525491
      3.33751     0.465140   0.00540287
      3.33894     0.433037   0.00580305
      3.34037     0.417603   0.00618567
      3.34180     0.437797   0.00604064
      3.34323     0.463123   0.00593558
      3.34466     0.458796   0.00623024
      3.34609     0.439180   0.00662828
      3.34752     0.453010   0.00626909
      3.34895     0.483070   0.00562584
      3.35038     0.489161   0.00530121
      3.35181     0.481062   0.00529408
      3.35324     0.477683   0.00546834
      3.35467     0.459715   0.00598510
      3.35609     0.442387   0.00669147
      3.35752     0.449946   0.00674797
      3.35895     0.475573   0.00621342
      3.36038     0.484798   0.00584888
      3.36181     0.464924   0.00588050
      3.36324     0.465448   0.00582333
      3.36467     0.492842   0.00553917
      3.36610     0.509008   0.00552129
      3.36753     0.494675   0.00591729
      3.36896     0.476871   0.00626300
      3.37039     0.490965   0.00602792
      3.37181     0.505716   0.00557488
      3.37324     0.510986   0.00536180
      3.37467     0.512299   0.00519956
      3.37610     0.504807   0.00522469
      3.37753     0.503580   0.00549633
      3.37896     0.511686   0.00593866
      3.38039     0.497594   0.00631288
      3.38182     0.496893   0.00626043
      3.38325     0.506277   0.00583366
      3.38467     0.508863   0.00560055
      3.38610     0.523172   0.00536853
      3.38753     0.545277   0.00509943
      3.38896     0.549360   0.00513176
      3.39039     0.537552   0.00555757
      3.39182     0.520597   0.00601845
      3.39325     0.530388   0.00592156
      3.39468     0.549286   0.00542614
      3.39610     0.556853   0.00510737
      3.39753     0.559857   0.00499681
      3.39896     0.560135   0.00491086
      3.40039     0.560810   0.00495653
      3.40182     0.552523   0.00535810
      3.40325     0.524022   0.00601799
      3.40468     0.503588   0.00643768
      3.40610     0.507306   0.00627560
      3.40753     0.510098   0.00595716
      3.40896     0.512427   0.00576632
      3.41039     0.527915   0.00555203
      3.41182     0.542217   0.00536270
      3.41325     0.550537   0.00546840
      3.41467     0.550711   0.00589419
      3.41610     0.548102   0.00608791
      3.41753     0.562919   0.00573737
      3.41896     0.580287   0.00519403
      3.42039     0.576612   0.00500221
      3.42182     0.572066   0.00493637
      3.42324     0.567915   0.00496279
      3.42467     0.571989   0.00511831
      3.42610     0.569507   0.00552996
      3.42753     0.559941   0.00591025
      3.42896     0.564778   0.00580860
      3.43039     0.588378   0.00526169
      3.43181     0.591232   0.00495708
      3.43324     0.579892   0.00485734
      3.43467     0.578094   0.00485047
      3.43610     0.582743   0.00482778
      3.43753     0.585818   0.00492180
      3.43895     0.583949   0.00517118
      3.44038     0.579386   0.00535097
      3.44181     0.585513   0.00519572
      3.44324     0.595638   0.00489379
      3.44467     0.595478   0.00479168
      3.44609     0.593212   0.00477741
      3.44752     0.597018   0.00476524
      3.44895     0.605190   0.00476710
      3.45038     0.602481   0.00484079
      3.45181     0.596988   0.00502884
      3.45323     0.589077   0.00517004
      3.45466     0.591063   0.00508448
      3.45609     0.600983   0.00481601
      3.45752     0.611987   0.00466505
      3.45894     0.615373   0.00462958
      3.46037     0.614139   0.00458841
      3.46180     0.616011   0.00461651
      3.46323     0.614212   0.00473460
      3.46466     0.608742   0.00487015
      3.46608     0.611806   0.00489060
      3.46751     0.619166   0.00474780
      3.46894     0.624540   0.00458701
      3.47037     0.622704   0.00453345
      3.47179     0.617925   0.00457054
      3.47322     0.617675   0.00460616
      3.47465     0.620742   0.00464040
      3.47608     0.623950   0.00468286
      3.47750     0.624525   0.00472577
      3.47893     0.628976   0.00470347
      3.48036     0.633917   0.00463724
      3.48179     0.634504   0.00456339
      3.48321     0.634420   0.00453683
      3.48464     0.638928   0.00454727
      3.48607     0.637241   0.00458309
      3.48750     0.639705   0.00462785
      3.48892     0.643136   0.00466331
      3.49035     0.648408   0.00466799
      3.49178     0.649219   0.00464991
      3.49321     0.650890   0.00459866
      3.49463     0.652719   0.00452970
      3.49606     0.658296   0.00449210
      3.49749     0.660362   0.00452025
      3.49892     0.660024   0.00457282
      3.50034     0.662718   0.00455260
      3.50177     0.662290   0.00457433
      3.50320     0.660756   0.00460193
      3.50462     0.664926   0.00456642
      3.50605     0.669277   0.00449078
      3.50748     0.671161   0.00450145
      3.50891     0.670591   0.00452324
      3.51033     0.671800   0.00454012
      3.51176     0.675473   0.00454135
      3.51319     0.676461   0.00449833
      3.51461     0.675245   0.00448591
      3.51604     0.675904   0.00446671
      3.51747     0.680539   0.00445214
      3.51890     0.685207   0.00446284
      3.52032     0.688289   0.00446923
      3.52175     0.689247   0.00446556
      3.52318     0.689055   0.00446480
      3.52460     0.687719   0.00447553
      3.52603     0.683939   0.00447959
      3.52746     0.685234   0.00447401
      3.52889     0.688152   0.00447446
      3.53031     0.691433   0.00447919
      3.53174     0.693128   0.00452848
      3.53317     0.690674   0.00458912
      3.53459     0.691702   0.00464208
      3.53602     0.695146   0.00466468
      3.53745     0.700431   0.00467645
      3.53887     0.700672   0.00470361
      3.54030     0.706067   0.00472518
      3.54173     0.710083   0.00470881
      3.54316     0.712198   0.00467165
      3.54458     0.713422   0.00465871
      3.54601     0.713575   0.00464447
      3.54744     0.714033   0.00462276
      3.54886     0.716881   0.00456478
      3.55029     0.716253   0.00454781
      3.55172     0.712154   0.00456878
      3.55314     0.711465   0.00457275
      3.55457     0.715223   0.00456549
      3.55600     0.724260   0.00449874
      3.55742     0.731571   0.00452635
      3.55885     0.733822   0.00452347
      3.56028     0.737671   0.00451088
      3.56171     0.743187   0.00443761
      3.56313     0.741995   0.00447086
      3.56456     0.738457   0.00453570
      3.56599     0.733166   0.00458599
      3.56741     0.732328   0.00458962
      3.56884     0.738522   0.00459684
      3.57027     0.748320   0.00461184
      3.57169     0.750559   0.00463876
      3.57312     0.750482   0.00466618
      3.57455     0.754536   0.00466269
      3.57597     0.761112   0.00463502
      3.57740     0.765664   0.00458835
      3.57883     0.765904   0.00456201
      3.58026     0.761738   0.00461035
      3.58168     0.759110   0.00460659
      3.58311     0.759843   0.00457917
      3.58454     0.757784   0.00458788
      3.58596     0.762875   0.00460031
      3.58739     0.770006   0.00456692
      3.58882     0.772506   0.00455208
      3.59024     0.770781   0.00454013
      3.59167     0.769465   0.00454311
      3.59310     0.771058   0.00451392
      3.59452     0.779173   0.00449314
      3.59595     0.781358   0.00447883
      3.59738     0.782688   0.00447877
      3.59881     0.783849   0.00446297
      3.60023     0.784015   0.00448457
      3.60166     0.792616   0.00443651
      3.60309     0.796790   0.00446822
      3.60451     0.795482   0.00453812
      3.60594     0.791052   0.00458340
      3.60737     0.789707   0.00455849
      3.60879     0.793036   0.00451482
      3.61022     0.790872   0.00447676
      3.61165     0.790056   0.00448046
      3.61308     0.793444   0.00447448
      3.61450     0.797425   0.00446062
      3.61593     0.803276   0.00443896
      3.61736     0.808264   0.00446891
      3.61878     0.814362   0.00440522
      3.62021     0.817601   0.00439364
      3.62164     0.819543   0.00439625
      3.62307     0.820127   0.00442300
      3.62449     0.817313   0.00447557
      3.62592     0.812451   0.00451010
      3.62735     0.812494   0.00454905
      3.62877     0.815402   0.00446535
      3.63020     0.816632   0.00447439
      3.63163     0.817083   0.00449370
      3.63306     0.820295   0.00448359
      3.63448     0.826647   0.00448746
      3.63591     0.837757   0.00448868
      3.63734     0.845512   0.00449205
      3.63877     0.850912   0.00447548
      3.64019     0.851780   0.00447744
      3.64162     0.851091   0.00446477
      3.64305     0.851879   0.00449957
      3.64447     0.847244   0.00457096
      3.64590     0.844137   0.00461333
      3.64733     0.846374   0.00457067
      3.64876     0.848836   0.00450793
      3.65019     0.842763   0.00447341
      3.65161     0.841078   0.00447237
      3.65304     0.849358   0.00444782
      3.65447     0.855447   0.00445025
      3.65590     0.855818   0.00447483
      3.65732     0.857921   0.00447288
      3.65875     0.858141   0.00445663
      3.66018     0.857374   0.00446124
      3.66161     0.857518   0.00445481
      3.66303     0.860729   0.00447528
      3.66446     0.858648   0.00453443
      3.66589     0.849319   0.00460998
      3.66732     0.845926   0.00462560
      3.66875     0.844445   0.00460752
      3.67017     0.831945   0.00463237
      3.67160     0.816589   0.00470456
      3.67303     0.812350   0.00475169
      3.67446     0.820165   0.00476291
      3.67589     0.840431   0.00473969
      3.67731     0.862045   0.00467876
      3.67874     0.865370   0.00467823
      3.68017     0.867134   0.00469113
      3.68160     0.872734   0.00466726
      3.68303     0.874860   0.00463651
      3.68445     0.876882   0.00461757
      3.68588     0.872328   0.00462470
      3.68731     0.870177   0.00460325
      3.68874     0.874367   0.00455761
      3.69017     0.878346   0.00451548
      3.69160     0.880368   0.00451331
      3.69303     0.889625   0.00449322
      3.69445     0.900789   0.00450719
      3.69588     0.903345   0.00452744
      3.69731     0.902387   0.00452587
      3.69874     0.899069   0.00449059
      3.70017     0.895171   0.00447286
      3.70160     0.894371   0.00446178
      3.70303     0.897853   0.00448398
      3.70446     0.902355   0.00451393
      3.70588     0.903012   0.00455772
      3.70731     0.899957   0.00458309
      3.70874     0.896402   0.00458056
      3.71017     0.894313   0.00455947
      3.71160     0.895687   0.00457659
      3.71303     0.903766   0.00454568
      3.71446     0.909323   0.00454987
      3.71589     0.909579   0.00457027
      3.71732     0.911030   0.00456670
      3.71875     0.918873   0.00449416
      3.72018     0.923143   0.00450319
      3.72161     0.921714   0.00450333
      3.72304     0.918125   0.00456601
      3.72447     0.918498   0.00455021
      3.72590     0.917171   0.00458334
      3.72732     0.910157   0.00462715
      3.72875     0.911467   0.00460730
      3.73018     0.915723   0.00461144
      3.73161     0.920354   0.00462674
      3.73304     0.921226   0.00464359
      3.73447     0.924973   0.00466560
      3.73590     0.937331   0.00465684
      3.73733     0.951237   0.00465817
      3.73877     0.954403   0.00468322
      3.74020     0.953668   0.00465911
      3.74163     0.948531   0.00464822
      3.74306     0.944727   0.00462844
      3.74449     0.943276   0.00460645
      3.74592     0.940749   0.00461817
      3.74735     0.932667   0.00463903
      3.74878     0.930062   0.00465266
      3.75021     0.929486   0.00464698
      3.75164     0.926866   0.00464429
      3.75307     0.928177   0.00461505
      3.75450     0.930065   0.00464217
      3.75593     0.926869   0.00465409
      3.75736     0.922157   0.00468389
      3.75880     0.923495   0.00470340
      3.76023     0.932269   0.00474014
      3.76166     0.937418   0.00477523
      3.76309     0.934948   0.00482126
      3.76452     0.935533   0.00481289
      3.76595     0.940772   0.00479945
      3.76738     0.942497   0.00479083
      3.76882     0.941595   0.00481399
      3.77025     0.940081   0.00482241
      3.77168     0.939090   0.00484357
      3.77311     0.944398   0.00478558
      3.77454     0.953043   0.00478609
      3.77598     0.957547   0.00474058
      3.77741     0.952273   0.00473038
      3.77884     0.949060   0.00474426
      3.78027     0.945940   0.00478010
      3.78171     0.944521   0.00477221
      3.78314     0.947319   0.00476067
      3.78457     0.950579   0.00473660
      3.78600     0.948880   0.00474136
      3.78744     0.941983   0.00479594
      3.78887     0.937549   0.00483692
      3.79030     0.943036   0.00482423
      3.79174     0.950693   0.00480873
      3.79317     0.958163   0.00477458
      3.79460     0.964918   0.00477341
      3.79604     0.968393   0.00476645
      3.79747     0.969845   0.00477879
      3.79890     0.974091   0.00478064
      3.80034     0.970647   0.00477920
      3.80177     0.967972   0.00475027
      3.80321     0.967066   0.00475191
      3.80464     0.965170   0.00475481
      3.80607     0.965567   0.00475279
      3.80751     0.962731   0.00476746
      3.80894     0.961320   0.00480004
      3.81038     0.961424   0.00483602
      3.81181     0.960690   0.00486905
      3.81325     0.968167   0.00486510
      3.81468     0.973524   0.00486222
      3.81611     0.984069   0.00480629
      3.81755     0.991405   0.00480893
      3.81898     0.994293   0.00480581
      3.82042     0.994651   0.00480685
      3.82186     0.988735   0.00481552
      3.82329     0.988172   0.00479507
      3.82473     0.987829   0.00477903
      3.82616     0.985367   0.00477962
      3.82760     0.985978   0.00476392
      3.82903     0.986986   0.00476468
      3.83047     0.985325   0.00477930
      3.83191     0.981229   0.00484129
      3.83334     0.985073   0.00488090
      3.83478     0.992502   0.00489071
      3.83622     0.998524   0.00486521
      3.83765      1.00405   0.00485638
      3.83909      1.00687   0.00485221
      3.84053      1.00547   0.00488650
      3.84196      1.00567   0.00491748
      3.84340      1.00816   0.00495234
      3.84484      1.01016   0.00495464
      3.84627      1.01273   0.00494296
      3.84771      1.01586   0.00491958
      3.84915      1.01561   0.00492993
      3.85059      1.01784   0.00493649
      3.85202      1.01677   0.00496465
      3.85346      1.00951   0.00498565
      3.85490      1.01322   0.00500401
      3.85634      1.01449   0.00502980
      3.85778      1.01281   0.00504923
      3.85922      1.01612   0.00506667
      3.86065      1.02248   0.00512573
      3.86209      1.03566   0.00519208
      3.86353      1.05324   0.00528900
      3.86497      1.06240   0.00537288
      3.86641      1.05962   0.00543306
      3.86785      1.05061   0.00542775
      3.86929      1.04321   0.00545668
      3.87073      1.04206   0.00549706
      3.87217      1.04518   0.00556568
      3.87361      1.03825   0.00557728
      3.87505      1.03123   0.00561033
      3.87649      1.03312   0.00562394
      3.87793      1.03489   0.00568221
      3.87937      1.04369   0.00571944
      3.88081      1.04729   0.00575026
      3.88225      1.05555   0.00573063
      3.88369      1.05688   0.00577201
      3.88513      1.05844   0.00579819
      3.88658      1.06074   0.00582446
      3.88802      1.06895   0.00581977
      3.88946      1.06578   0.00582578
      3.89090      1.06531   0.00580574
      3.89234      1.06501   0.00578419
      3.89378      1.06642   0.00572868
      3.89523      1.06528   0.00570524
      3.89667      1.06402   0.00563066
      3.89811      1.06216   0.00559350
      3.89956      1.05759   0.00554964
      3.90100      1.05419   0.00553141
      3.90244      1.05553   0.00560172
      3.90388      1.05440   0.00563678
      3.90533      1.05970   0.00558163
      3.90677      1.06398   0.00563979
      3.90822      1.06774   0.00566055
      3.90966      1.06377   0.00569781
      3.91110      1.06310   0.00566779
      3.91255      1.05729   0.00565376
      3.91399      1.05502   0.00564253
      3.91544      1.04986   0.00570134
      3.91688      1.05788   0.00566977
      3.91833      1.02769   0.00596464
      3.91977      1.04088   0.00570278
      3.92122      1.05406   0.00572912
      3.92266      1.05272   0.00573905
      3.92411      1.05711   0.00571084
      3.92556      1.06106   0.00573103
      3.92700      1.05880   0.00572367
      3.92845      1.05742   0.00568120
      3.92989      1.06293   0.00567394
      3.93134      1.06543   0.00564911
      3.93279      1.06520   0.00565581
      3.93424      1.06822   0.00561785
      3.93568      1.07328   0.00559865
      3.93713      1.07688   0.00555524
      3.93858      1.07127   0.00556840
      3.94003      1.07166   0.00554373
      3.94147      1.07709   0.00553951
      3.94292      1.07440   0.00557147
      3.94437      1.07460   0.00551244
      3.94582      1.07971   0.00545599
      3.94727      1.08678   0.00544094
      3.94872      1.08252   0.00546580
      3.95017      1.08180   0.00545840
      3.95162      1.07917   0.00545214
      3.95307      1.07850   0.00544887
      3.95452      1.07449   0.00545920
      3.95597      1.06862   0.00544765
      3.95742      1.07990   0.00537772
      3.95887      1.08956   0.00542190
      3.96032      1.08840   0.00541014
      3.96177      1.08622   0.00541322
      3.96322      1.08460   0.00540814
      3.96467      1.08853   0.00542465
      3.96612      1.09604   0.00544196
      3.96757      1.10056   0.00545681
      3.96903      1.10036   0.00543332
      3.97048      1.10076   0.00544906
      3.97193      1.09798   0.00546371
      3.97338      1.09890   0.00549043
      3.97484      1.09257   0.00554666
      3.97629      1.09947   0.00553733
      3.97774      1.11493   0.00554401
      3.97920      1.13000   0.00558679
      3.98065      1.07913   0.00545416
      3.98211      1.09687   0.00563473
      3.98356      1.11230   0.00566214
      3.98502      1.12554   0.00566502
      3.98647      1.13350   0.00568959
      3.98793      1.13259   0.00567399
      3.98938      1.12977   0.00567722
      3.99084      1.12890   0.00567033
      3.99229      1.12461   0.00578263
      3.99375      1.11556   0.00575984
      3.99520      1.11612   0.00575688
      3.99666      1.12159   0.00578381
      3.99812      1.12489   0.00572051
      3.99957      1.13038   0.00574421
      4.00103      1.12847   0.00584703
      4.00249      1.12385   0.00584676
      4.00395      1.12240   0.00584839
      4.00541      1.11994   0.00593459
      4.00686      1.11012   0.00596326
      4.00832      1.10792   0.00596510
      4.00978      1.11425   0.00595433
      4.01124      1.10807   0.00597774
      4.01270      1.11182   0.00595033
      4.01416      1.12099   0.00595489
      4.01562      1.12766   0.00599747
      4.01708      1.12754   0.00603076
      4.01854      1.12812   0.00606780
      4.02000      1.13453   0.00606062
      4.02146      1.13655   0.00609447
      4.02292      1.12847   0.00611026
      4.02438      1.12317   0.00611952
      4.02585      1.11950   0.00613648
      4.02731      1.11546   0.00615580
      4.02877      1.11726   0.00619731
      4.03023      1.11540   0.00622075
      4.03170      1.11505   0.00624984
      4.03316      1.12023   0.00627568
      4.03462      1.12479   0.00632709
      4.03609      1.12690   0.00637030
      4.03755      1.12457   0.00643468
      4.03901      1.12411   0.00644585
      4.04048      1.12729   0.00646635
      4.04194      1.12761   0.00649618
      4.04341      1.12826   0.00656497
      4.04487      1.13369   0.00660037
      4.04634      1.13260   0.00662603
      4.04781      1.13507   0.00661076
      4.04927      1.15116   0.00662859
      4.05074      1.18763   0.00654574
      4.05221      1.23350   0.00663951
      4.05367      1.26057   0.00682994
      4.05514      1.24735   0.00683409
      4.05661      1.20846   0.00664128
      4.05808      1.16743   0.00662189
      4.05955      1.15113   0.00659818
      4.06101      1.14749   0.00663404
      4.06248      1.14488   0.00662119
      4.06395      1.14480   0.00660000
      4.06542      1.15190   0.00668968
      4.06689      1.14461   0.00677297
      4.06836      1.14560   0.00678156
      4.06983      1.15867   0.00682384
      4.07130      1.15455   0.00689814
      4.07277      1.14862   0.00692434
      4.07425      1.14446   0.00694651
      4.07572      1.13773   0.00712524
      4.07719      1.14018   0.00701999
      4.07866      1.14476   0.00708549
      4.08014      1.14015   0.00714368
      4.08161      1.14442   0.00717520
      4.08308      1.15623   0.00723673
      4.08456      1.15518   0.00730144
      4.08603      1.14762   0.00732416
      4.08750      1.15155   0.00738268
      4.08898      1.15124   0.00743731
      4.09045      1.15220   0.00748246
      4.09193      1.15391   0.00749755
      4.09341      1.15522   0.00756305
      4.09488      1.15925   0.00752965
      4.09636      1.15786   0.00760570
      4.09784      1.15689   0.00764586
      4.09931      1.15194   0.00768146
      4.10079      1.14955   0.00784903
      4.10227      1.15396   0.00772961
      4.10375      1.16386   0.00774854
      4.10523      1.15904   0.00799114
      4.10670      1.15826   0.00803441
      4.10818      1.15896   0.00801887
      4.10966      1.15986   0.00799566
      4.11114      1.16477   0.00808967
      4.11262      1.16900   0.00819140
      4.11410      1.15961   0.00828523
      4.11559      1.16195   0.00828516
      4.11707      1.16629   0.00827985
      4.11855      1.16741   0.00834107
      4.12003      1.16389   0.00833616
      4.12151      1.15738   0.00835196
      4.12300      1.15628   0.00835743
      4.12448      1.15933   0.00838360
      4.12596      1.16596   0.00842108
      4.12745      1.16096   0.00849794
      4.12893      1.16354   0.00853254
      4.13042      1.16526   0.00857967
      4.13190      1.16592   0.00867776
      4.13339      1.16473   0.00868638
      4.13487      1.16113   0.00875379
      4.13636      1.16665   0.00882127
      4.13785      1.17153   0.00888378
      4.13933      1.16849   0.00889821
      4.14082      1.17442   0.00899851
      4.14231      1.17457   0.00909270
      4.14380      1.17524   0.00915159
      4.14529      1.17227   0.00921576
      4.14677      1.17612   0.00930816
      4.14826      1.18186   0.00928709
      4.14975      1.17969   0.00945196
      4.15124      1.18146   0.00948560
      4.15274      1.17123   0.00965515
      4.15423      1.17783   0.00974425
      4.15572      1.18287   0.00988978
      4.15721      1.18412    0.0100303
      4.15870      1.18567    0.0101506
      4.16019      1.18280    0.0102919
      4.16169      1.17688    0.0104167
      4.16318      1.18823    0.0105400
      4.16468      1.18901    0.0107713
      4.16617      1.18027    0.0110262
      4.16766      1.18242    0.0111690
      4.16916      1.18649    0.0114293
      4.17065      1.18955    0.0117944
      4.17215      1.19190    0.0121401
      4.17365      1.19118    0.0125272
      4.17514      1.19046    0.0129586
      4.17664      1.19612    0.0133946
      4.17814      1.20539    0.0139253
      4.17964      1.19090    0.0146786
      4.18114      1.18181    0.0153881
      4.18264      1.17917    0.0162925
      4.18413      1.18498    0.0176743
      4.18563      1.17937    0.0199450
      4.18714      1.16255    0.0221832
      4.18864      1.15403    0.0272889
      4.19014      1.13190    0.0356939
      4.19164      1.11103    0.0505282
      4.19314      1.09900    0.0788334
      4.19464      1.09838     0.132942
      4.19615      1.13780     0.282842
      4.19765     0.456439     0.715713
      4.19915      1.12726      2.42304
      4.20066     -4.65392      7.97745
      4.20216     -8.72653      43.0479
      4.20367     0.450319      784.406
      4.20517     -14.0305      114.437
      4.20668     -12.6562      24.8092
      4.20819     -7.58646      62.6453
      4.20969      6.67677      12.6587
      4.21120      4.41171      4.16949
      4.21271      3.66442      12.3219
      4.21422      5.71994      49.8723
      4.21573      4.88762      11.6385
      4.21724     -1.35000      16.2718
      4.21875    -0.701799      2.49341
      4.22026    -0.371278      3.36942
      4.22177      90.9690      46.9064
      4.22328      37.2549      18.9116
      4.22479      10.7871      17.5793
      4.22631      4.50373      12.8632
      4.22782     -1.02729      8.30907
      4.22933      1.76373      8.05390
      4.23084     -5.97051      120.274
      4.23236     0.139046      46.1138
      4.23387      1.75513      2.88289
      4.23539     -3.92566      23.4673
      4.23691     -11.2097      98.1804
      4.23842      11.2849      169.941
      4.23994      8.44664      23.6780
      4.24146   -0.0578544      18.6038
      4.24297     0.955211      9.72144
      4.24449    -0.301324      38.7755
      4.24601     -5.10183      14.8103
      4.24753      6.81130      66.5794
      4.24905      6.05575      8.31280
      4.25057      2.92310      36.0868
      4.25209     -38.2640      1750.04
      4.25361     -42.5636      74.3520
      4.25514     -5.53354      73.2570
      4.25666      4.16785      13.4954
      4.25818      6.51541      56.6914
      4.25970      4.04884      16.3823
      4.26123     -89.1205      2566.46
      4.26275     -3.29183      66842.4
      4.26428      20.4429      82.7225
      4.26580      2.63821      5.74931
      4.26733      1.05338      7.25278
      4.26886     -2.38696      9.71288
      4.27038      1.56652      14.9658
      4.27191      5.23500      32.5457
      4.27344      4.46603      19.0511
      4.27497      4.99009      24.0133
      4.27650      3.41521      4.80151
      4.27803    -0.949264      18.7569
      4.27956     -3.50116      27.6965
      4.28109     -6.07790      12.0537
      4.28262      14.4482      6.04786
      4.28415      6.52361      11.1630
      4.28569      1.47723      118.206
      4.28722     0.675180      5.31573
      4.28875      0.00000      1.58903
