SOURCE  = IRS 48/WLY 2-48               / Source name
STANDARD= BS5812                        / Standard name
OBSDATE = 05-05-2002                    / Date of observation
SPOS    = 16:27:38.9  -24:30:50.4       / Source position RA,DEC,J2000
STPOS   = 15:38:39.2  -29:47:13.6       / Standard position RA,DEC,J2000
STSPT   = B2.5V                         / Standard spectral type
STTEFF  = 19950                         / Standard effective temperature [K]
STMAG   = 4.199                         / Standard magnitude (adopted)
WAVEZP  = 3.45                          / Wavelength zero point [micron]
FLUXZP  = 290                           / Flux zero point [Jy]
SAIRM   = 1.042                         / Source mean airmass
STAIRM  = 1.063                         / Standard mean airmass
AIRMCORR= 1.06                          / Optimal (adopted) airmass correction
SPECRES = ~1200                         / Spectral resolution

Created by K. M. Pontoppidan             Mon May 19 20:12:11 2003

Wavelength [micron] Flux [Jy] Statistical Error [Jy]

      2.81691      0.00000    0.0498215
      2.81837      1.16439    0.0584743
      2.81983      1.40327    0.0452103
      2.82129      1.29178    0.0441841
      2.82274      1.23749    0.0285010
      2.82420      1.45677    0.0169998
      2.82566      1.37277    0.0204894
      2.82711      1.27458    0.0449261
      2.82857     0.799299     0.149278
      2.83003      2.61190      1.11251
      2.83148      5.93900      1.15592
      2.83293      2.90615     0.492024
      2.83439      1.35418     0.108185
      2.83584      1.44206    0.0524014
      2.83729      1.13920    0.0291448
      2.83874      1.22490    0.0119282
      2.84019      1.32090   0.00978637
      2.84164      1.36215    0.0154775
      2.84309      1.46468    0.0434979
      2.84454      1.53807    0.0878093
      2.84599      1.34826    0.0435551
      2.84744      1.46368    0.0273412
      2.84889      1.35001    0.0552598
      2.85034      1.28189     0.131211
      2.85178      1.25951    0.0894066
      2.85323      1.22644    0.0285678
      2.85467      1.34438    0.0176623
      2.85612      1.28956    0.0211668
      2.85756      1.16531    0.0188413
      2.85901      1.18760   0.00943992
      2.86045      1.23125   0.00703900
      2.86189      1.24236   0.00798255
      2.86334      1.23643    0.0106290
      2.86478      1.25165    0.0168904
      2.86622      1.30673    0.0176252
      2.86766      1.32600    0.0203560
      2.86910      1.14134    0.0294639
      2.87054      1.04208    0.0138226
      2.87198      1.17745   0.00654506
      2.87342      1.22094   0.00520759
      2.87486      1.16598   0.00698139
      2.87629      1.13321   0.00747253
      2.87773      1.13551   0.00619814
      2.87917      1.15331   0.00583646
      2.88061      1.15884   0.00645766
      2.88204      1.14550   0.00743203
      2.88348      1.17096   0.00682604
      2.88491      1.20209   0.00719761
      2.88635      1.13769    0.0107620
      2.88778      1.09883   0.00960677
      2.88921      1.12221   0.00667788
      2.89065      1.10709   0.00602951
      2.89208      1.06659   0.00525641
      2.89351      1.07909   0.00375986
      2.89495      1.10362   0.00334512
      2.89638      1.10520   0.00356339
      2.89781      1.11874   0.00512837
      2.89924      1.10989    0.0114179
      2.90067      1.13408    0.0161722
      2.90210      1.18732    0.0108952
      2.90353      1.15575    0.0114385
      2.90496      1.09937    0.0108620
      2.90638      1.08297   0.00754918
      2.90781      1.05267   0.00579342
      2.90924      1.04643   0.00421128
      2.91067      1.08042   0.00364988
      2.91209      1.06603   0.00436607
      2.91352      1.03433   0.00552599
      2.91495      1.04816   0.00492611
      2.91637      1.04103   0.00436852
      2.91780      1.03829   0.00394124
      2.91922      1.09301   0.00365832
      2.92065      1.07202   0.00529659
      2.92207     0.947411    0.0112722
      2.92350     0.855199    0.0171293
      2.92492     0.932030   0.00815622
      2.92634      1.03554   0.00416890
      2.92776      1.02199   0.00330232
      2.92919     0.990094   0.00337217
      2.93061     0.971306   0.00337610
      2.93203     0.956026   0.00295740
      2.93345     0.962699   0.00324604
      2.93487     0.982607   0.00311975
      2.93629      1.00264   0.00324028
      2.93771      1.00629   0.00399984
      2.93913     0.998845   0.00533079
      2.94055      1.00112   0.00483241
      2.94197     0.993510   0.00421049
      2.94339     0.971551   0.00512213
      2.94481     0.995957   0.00541557
      2.94623      1.01897   0.00426861
      2.94764     0.977274   0.00570648
      2.94906     0.944054   0.00488582
      2.95048     0.957982   0.00323237
      2.95189     0.980866   0.00305891
      2.95331     0.983288   0.00419909
      2.95473     0.961275   0.00693519
      2.95614     0.953755   0.00593161
      2.95756     0.978405   0.00371009
      2.95897     0.975749   0.00337194
      2.96039     0.965137   0.00342743
      2.96180     0.965369   0.00339421
      2.96322     0.957335   0.00320244
      2.96463     0.954019   0.00305414
      2.96604     0.960340   0.00288148
      2.96746     0.968157   0.00333118
      2.96887     0.984493   0.00504733
      2.97028      1.00780   0.00870632
      2.97170      1.01371    0.0125930
      2.97311      1.00518    0.0134018
      2.97452      1.03653   0.00922554
      2.97593      1.03306   0.00776703
      2.97734      1.01410   0.00570851
      2.97875      1.00776   0.00470194
      2.98016     0.969450   0.00596490
      2.98158     0.922447   0.00589860
      2.98299     0.946157   0.00412378
      2.98440     0.957153   0.00339636
      2.98581     0.946022   0.00292506
      2.98721     0.937473   0.00272293
      2.98862     0.928663   0.00265999
      2.99003     0.930473   0.00248300
      2.99144     0.941162   0.00259141
      2.99285     0.939205   0.00282079
      2.99426     0.939223   0.00319179
      2.99567     0.946842   0.00321516
      2.99707     0.949177   0.00362913
      2.99848     0.938753   0.00430173
      2.99989     0.944486   0.00382348
      3.00130     0.948014   0.00281650
      3.00270     0.948203   0.00252296
      3.00411     0.952458   0.00271255
      3.00552     0.948002   0.00355439
      3.00692     0.948106   0.00499091
      3.00833     0.968250   0.00505630
      3.00973     0.952311   0.00405926
      3.01114     0.936149   0.00304415
      3.01254     0.940080   0.00259005
      3.01395     0.939644   0.00271588
      3.01535     0.935465   0.00293057
      3.01676     0.955876   0.00285852
      3.01816     0.968135   0.00341429
      3.01957     0.964052   0.00492762
      3.02097     0.989575   0.00539378
      3.02238     0.989684   0.00606263
      3.02378     0.927395   0.00547537
      3.02518     0.953227   0.00331828
      3.02659     0.968362   0.00262965
      3.02799     0.942656   0.00269408
      3.02939     0.948470   0.00268404
      3.03080     0.961432   0.00278075
      3.03220     0.949362   0.00338599
      3.03360     0.932230   0.00441175
      3.03500     0.977998   0.00409326
      3.03640      1.01527   0.00406344
      3.03781     0.965858   0.00659530
      3.03921     0.971994   0.00715595
      3.04061      1.02491   0.00510042
      3.04201      1.00724   0.00405505
      3.04341      1.02588   0.00331268
      3.04481      1.00984   0.00318841
      3.04621     0.965962   0.00384945
      3.04761     0.982425   0.00404852
      3.04902     0.995433   0.00403172
      3.05042     0.990898   0.00501633
      3.05182      1.00540   0.00520041
      3.05322      1.00372   0.00693665
      3.05462      1.01156   0.00852964
      3.05602      1.03686   0.00835455
      3.05742      1.01318   0.00601056
      3.05882      1.00153   0.00379451
      3.06021     0.999392   0.00275011
      3.06161     0.983734   0.00280141
      3.06301     0.965745   0.00361907
      3.06441     0.975817   0.00392430
      3.06581      1.00551   0.00345218
      3.06721      1.00896   0.00341826
      3.06861      1.00993   0.00356796
      3.07001      1.00628   0.00392354
      3.07141      1.01164   0.00455803
      3.07280      1.00827   0.00479270
      3.07420      1.01163   0.00458102
      3.07560     0.993853   0.00316889
      3.07700     0.991544   0.00254467
      3.07840     0.986159   0.00255999
      3.07979     0.992654   0.00282405
      3.08119     0.999129   0.00367094
      3.08259      1.01021   0.00605415
      3.08399      1.04085   0.00505551
      3.08538      1.04841   0.00393204
      3.08678      1.03960   0.00381183
      3.08818      1.03079   0.00332990
      3.08958      1.02900   0.00348169
      3.09097      1.03851   0.00412755
      3.09237      1.04175   0.00349139
      3.09377      1.05095   0.00440545
      3.09516      1.05806   0.00504319
      3.09656      1.07089   0.00535776
      3.09796      1.06238   0.00502853
      3.09935      1.05043   0.00448544
      3.10075      1.04268   0.00353384
      3.10215      1.04614   0.00284814
      3.10354      1.04894   0.00297800
      3.10494      1.06105   0.00459080
      3.10633      1.07818   0.00714338
      3.10773      1.08593   0.00566789
      3.10913      1.10617   0.00410438
      3.11052      1.10770   0.00460632
      3.11192      1.08212   0.00592060
      3.11331      1.08480   0.00450657
      3.11471      1.11471   0.00372463
      3.11611      1.08713   0.00490224
      3.11750      1.04579   0.00373526
      3.11890      1.05957   0.00266672
      3.12029      1.06501   0.00221096
      3.12169      1.06012   0.00222726
      3.12308      1.07504   0.00230176
      3.12448      1.09317   0.00272233
      3.12588      1.09663   0.00377551
      3.12727      1.08534   0.00634246
      3.12867      1.03854   0.00673888
      3.13006      1.03806   0.00417954
      3.13146      1.10998   0.00267047
      3.13285      1.11734   0.00238470
      3.13425      1.09410   0.00219698
      3.13564      1.09720   0.00213265
      3.13704      1.12134   0.00208195
      3.13843      1.12738   0.00248960
      3.13983      1.08761   0.00330665
      3.14122      1.07846   0.00367306
      3.14262      1.14648   0.00306633
      3.14401      1.19800   0.00267509
      3.14541      1.17227   0.00313865
      3.14680      1.09834   0.00460009
      3.14820      1.10721   0.00395141
      3.14959      1.16997   0.00294812
      3.15099      1.16997   0.00258209
      3.15238      1.16858   0.00226426
      3.15378      1.17315   0.00228970
      3.15517      1.14892   0.00270684
      3.15657      1.14682   0.00287746
      3.15796      1.16679   0.00286228
      3.15936      1.18182   0.00251923
      3.16075      1.16466   0.00236912
      3.16215      1.16406   0.00217778
      3.16354      1.17250   0.00203994
      3.16494      1.17470   0.00194280
      3.16633      1.16601   0.00214856
      3.16773      1.16705   0.00211817
      3.16912      1.18713   0.00208038
      3.17052      1.20262   0.00207451
      3.17191      1.19213   0.00216774
      3.17331      1.19095   0.00242135
      3.17470      1.20662   0.00244107
      3.17610      1.21029   0.00234172
      3.17749      1.21679   0.00213842
      3.17889      1.23324   0.00208541
      3.18028      1.23099   0.00213544
      3.18168      1.22044   0.00245830
      3.18307      1.22709   0.00267172
      3.18447      1.22853   0.00262343
      3.18586      1.24228   0.00244501
      3.18726      1.27282   0.00230475
      3.18865      1.28921   0.00225590
      3.19005      1.28044   0.00307150
      3.19144      1.23930   0.00491111
      3.19284      1.24887   0.00491556
      3.19423      1.33779   0.00331911
      3.19563      1.36738   0.00278722
      3.19702      1.32385   0.00409882
      3.19842      1.31657   0.00673495
      3.19981      1.40342   0.00625377
      3.20121      1.41202   0.00544241
      3.20261      1.38747   0.00730862
      3.20400      1.44758   0.00570122
      3.20540      1.47157   0.00609496
      3.20679      1.46482   0.00927785
      3.20819      1.49465   0.00993239
      3.20958      1.50058    0.0145924
      3.21098      1.47107    0.0117924
      3.21238      1.49954   0.00794548
      3.21377      1.50116   0.00588439
      3.21517      1.48282   0.00587367
      3.21656      1.46420   0.00515734
      3.21796      1.48655   0.00436097
      3.21936      1.50429   0.00356319
      3.22075      1.52872   0.00530259
      3.22215      1.51400    0.0107374
      3.22355      1.49962    0.0156964
      3.22494      1.52516    0.0121008
      3.22634      1.59848   0.00606521
      3.22773      1.62283   0.00482242
      3.22913      1.55370   0.00957387
      3.23053      1.49758    0.0114304
      3.23192      1.54274   0.00479250
      3.23332      1.56947   0.00265707
      3.23472      1.57644   0.00233676
      3.23612      1.57941   0.00240727
      3.23751      1.55817   0.00293340
      3.23891      1.56085   0.00390280
      3.24031      1.63780   0.00376582
      3.24170      1.71360   0.00331277
      3.24310      1.73833   0.00496576
      3.24450      1.76749   0.00803885
      3.24590      1.84773   0.00884261
      3.24729      1.84968   0.00929499
      3.24869      1.76656   0.00626691
      3.25009      1.72092   0.00341250
      3.25149      1.75106   0.00235559
      3.25288      1.75305   0.00212046
      3.25428      1.76223   0.00202228
      3.25568      1.80198   0.00220548
      3.25708      1.85924   0.00272877
      3.25848      1.86469   0.00433719
      3.25988      1.85703   0.00833757
      3.26127      1.91002   0.00941338
      3.26267      1.96468   0.00525991
      3.26407      2.01546   0.00326223
      3.26547      2.05766   0.00318447
      3.26687      2.09621   0.00382685
      3.26827      2.16012   0.00490532
      3.26967      2.17642   0.00765812
      3.27106      2.13538   0.00749257
      3.27246      2.19118   0.00329292
      3.27386      2.25312   0.00239809
      3.27526      2.31965   0.00238693
      3.27666      2.39832   0.00267062
      3.27806      2.41564   0.00395176
      3.27946      2.37619   0.00420575
      3.28086      2.48937   0.00281792
      3.28226      2.60636   0.00215114
      3.28366      2.64233   0.00208779
      3.28506      2.69015   0.00217268
      3.28646      2.76860   0.00208489
      3.28786      2.85568   0.00210462
      3.28926      2.93046   0.00222736
      3.29066      3.05198   0.00279813
      3.29206      3.18912   0.00325814
      3.29346      3.20995   0.00437833
      3.29486      3.34329   0.00614159
      3.29627      3.49108   0.00718291
      3.29767      3.20379   0.00999242
      3.29907      3.01964   0.00815927
      3.30047      3.10000   0.00409080
      3.30187      3.06665   0.00305148
      3.30327      2.95293   0.00332905
      3.30467      2.83587   0.00356669
      3.30608      2.79538   0.00308831
      3.30748      2.73103   0.00307506
      3.30888      2.64408   0.00317995
      3.31028      2.66528   0.00341549
      3.31168      2.67867   0.00522146
      3.31309      2.52995    0.0195012
      3.31449      2.44272    0.0718267
      3.31589      2.68049    0.0519488
      3.31729      2.66797    0.0334421
      3.31870      2.40018    0.0223184
      3.32010      2.26736    0.0123224
      3.32150      2.17569   0.00717353
      3.32291      2.11161   0.00440050
      3.32431      2.11443   0.00298781
      3.32571      2.11368   0.00320691
      3.32712      2.03427   0.00470285
      3.32852      1.91552   0.00375917
      3.32992      1.91201   0.00258876
      3.33133      1.92867   0.00217594
      3.33273      1.88920   0.00230926
      3.33414      1.84514   0.00225074
      3.33554      1.87209   0.00224754
      3.33694      1.90109   0.00257761
      3.33835      1.87913   0.00342425
      3.33975      1.85750   0.00345221
      3.34116      1.84026   0.00320053
      3.34256      1.87608   0.00254375
      3.34397      1.88278   0.00318850
      3.34537      1.76546   0.00444763
      3.34678      1.73949   0.00298792
      3.34819      1.82234   0.00255396
      3.34959      1.80796   0.00240602
      3.35100      1.79106   0.00244593
      3.35240      1.82644   0.00247768
      3.35381      1.84326   0.00333504
      3.35522      1.80160   0.00405109
      3.35662      1.74527   0.00413490
      3.35803      1.80505   0.00287862
      3.35943      1.84194   0.00266786
      3.36084      1.77303   0.00299619
      3.36225      1.73829   0.00293161
      3.36366      1.79513   0.00247768
      3.36506      1.83521   0.00223820
      3.36647      1.77365   0.00295914
      3.36788      1.71357   0.00340003
      3.36928      1.77126   0.00300946
      3.37069      1.76154   0.00247905
      3.37210      1.77591   0.00225580
      3.37351      1.79516   0.00221137
      3.37492      1.76871   0.00224435
      3.37632      1.79630   0.00246102
      3.37773      1.80754   0.00279914
      3.37914      1.75150   0.00359151
      3.38055      1.77324   0.00304354
      3.38196      1.82170   0.00285906
      3.38337      1.78337   0.00271511
      3.38478      1.77109   0.00259175
      3.38619      1.79702   0.00202763
      3.38760      1.82914   0.00195891
      3.38901      1.82828   0.00242011
      3.39042      1.77715   0.00322970
      3.39183      1.79588   0.00317304
      3.39324      1.84385   0.00238205
      3.39465      1.84449   0.00223462
      3.39606      1.83201   0.00203933
      3.39747      1.84244   0.00197352
      3.39888      1.87474   0.00203199
      3.40029      1.90525   0.00238476
      3.40170      1.89206   0.00297472
      3.40311      1.89036   0.00423559
      3.40452      1.89874   0.00338360
      3.40593      1.90488   0.00305148
      3.40734      1.90088   0.00296501
      3.40876      1.88717   0.00267960
      3.41017      1.87842   0.00243527
      3.41158      1.88167   0.00252428
      3.41299      1.88204   0.00260455
      3.41440      1.85659   0.00330285
      3.41582      1.84148   0.00317107
      3.41723      1.86759   0.00227734
      3.41864      1.86776   0.00215455
      3.42005      1.86522   0.00203572
      3.42147      1.87955   0.00214029
      3.42288      1.89401   0.00216035
      3.42429      1.91589   0.00225811
      3.42571      1.92479   0.00302124
      3.42712      1.88949   0.00355822
      3.42853      1.87080   0.00281410
      3.42995      1.89641   0.00214331
      3.43136      1.89359   0.00210926
      3.43278      1.89346   0.00223311
      3.43419      1.89146   0.00205255
      3.43560      1.89525   0.00215369
      3.43702      1.91334   0.00236464
      3.43843      1.90655   0.00242563
      3.43985      1.86781   0.00271175
      3.44126      1.88291   0.00249893
      3.44268      1.91513   0.00214097
      3.44409      1.90598   0.00215445
      3.44551      1.89812   0.00211997
      3.44693      1.90562   0.00208519
      3.44834      1.91499   0.00222781
      3.44976      1.93746   0.00218684
      3.45117      1.92746   0.00239363
      3.45259      1.92113   0.00248016
      3.45401      1.93122   0.00245054
      3.45542      1.93419   0.00221550
      3.45684      1.93908   0.00199561
      3.45826      1.94043   0.00186870
      3.45967      1.94006   0.00204668
      3.46109      1.94341   0.00199388
      3.46251      1.94968   0.00219052
      3.46392      1.95488   0.00226851
      3.46534      1.94805   0.00240454
      3.46676      1.93908   0.00220169
      3.46818      1.94527   0.00204932
      3.46959      1.95442   0.00189729
      3.47101      1.94825   0.00208807
      3.47243      1.94073   0.00205222
      3.47385      1.93975   0.00207377
      3.47527      1.94634   0.00214190
      3.47669      1.94682   0.00218957
      3.47810      1.93709   0.00207728
      3.47952      1.92696   0.00217229
      3.48094      1.93006   0.00210256
      3.48236      1.93185   0.00207648
      3.48378      1.93123   0.00201113
      3.48520      1.92825   0.00208231
      3.48662      1.92966   0.00217052
      3.48804      1.93226   0.00218326
      3.48946      1.92877   0.00213101
      3.49088      1.92616   0.00222226
      3.49230      1.92710   0.00211625
      3.49372      1.92951   0.00213200
      3.49514      1.93894   0.00203126
      3.49656      1.93464   0.00200152
      3.49798      1.91857   0.00204554
      3.49940      1.92466   0.00201003
      3.50082      1.93471   0.00213716
      3.50225      1.93871   0.00209995
      3.50367      1.93645   0.00220157
      3.50509      1.94659   0.00206896
      3.50651      1.94310   0.00203188
      3.50793      1.93607   0.00196030
      3.50935      1.93510   0.00200502
      3.51077      1.93265   0.00204149
      3.51220      1.93479   0.00203658
      3.51362      1.94015   0.00192699
      3.51504      1.94187   0.00202864
      3.51646      1.94500   0.00210933
      3.51789      1.94129   0.00200475
      3.51931      1.93990   0.00197756
      3.52073      1.92881   0.00190856
      3.52216      1.92390   0.00194568
      3.52358      1.92424   0.00197417
      3.52500      1.93449   0.00189298
      3.52642      1.94069   0.00205170
      3.52785      1.94886   0.00209538
      3.52927      1.94778   0.00195791
      3.53070      1.94402   0.00185498
      3.53212      1.94065   0.00214440
      3.53354      1.94862   0.00191363
      3.53497      1.94421   0.00217040
      3.53639      1.92515   0.00206278
      3.53782      1.92999   0.00224671
      3.53924      1.94689   0.00216535
      3.54067      1.94384   0.00229362
      3.54209      1.94734   0.00218817
      3.54351      1.96350   0.00224684
      3.54494      1.97666   0.00200765
      3.54636      1.97864   0.00208475
      3.54779      1.97134   0.00205202
      3.54922      1.97234   0.00211967
      3.55064      1.97786   0.00204277
      3.55207      1.98082   0.00195204
      3.55349      1.97542   0.00197210
      3.55492      1.96416   0.00204947
      3.55634      1.98376   0.00208885
      3.55777      2.01341   0.00212624
      3.55920      1.99046   0.00208918
      3.56062      1.97216   0.00200118
      3.56205      1.97153   0.00205531
      3.56347      1.98719   0.00202399
      3.56490      1.99803   0.00216301
      3.56633      2.00164   0.00195050
      3.56775      2.00132   0.00202906
      3.56918      1.99242   0.00216864
      3.57061      1.99360   0.00208511
      3.57204      2.00043   0.00229845
      3.57346      2.00307   0.00209164
      3.57489      2.00373   0.00217716
      3.57632      2.00677   0.00215843
      3.57774      1.99939   0.00200795
      3.57917      1.98679   0.00209509
      3.58060      1.99080   0.00205820
      3.58203      1.99310   0.00207182
      3.58346      1.98637   0.00221242
      3.58488      1.99545   0.00195569
      3.58631      1.99957   0.00208222
      3.58774      1.98547   0.00229043
      3.58917      1.99187   0.00202676
      3.59060      2.02388   0.00213308
      3.59202      2.01668   0.00212681
      3.59345      1.99720   0.00204414
      3.59488      1.98747   0.00215118
      3.59631      1.99449   0.00201412
      3.59774      1.99076   0.00202057
      3.59917      1.98397   0.00201151
      3.60060      1.99422   0.00191741
      3.60203      1.99494   0.00217895
      3.60346      1.98667   0.00202577
      3.60488      1.98899   0.00205743
      3.60631      1.99500   0.00199435
      3.60774      2.00525   0.00207512
      3.60917      2.00208   0.00222511
      3.61060      2.01769   0.00215828
      3.61203      2.04170   0.00210201
      3.61346      2.03391   0.00204444
      3.61489      2.00920   0.00217402
      3.61632      1.99481   0.00218573
      3.61775      1.99936   0.00200088
      3.61918      2.00593   0.00217999
      3.62061      2.00992   0.00210170
      3.62204      2.01366   0.00205161
      3.62347      2.01893   0.00215064
      3.62490      2.02734   0.00205048
      3.62633      2.01446   0.00209104
      3.62776      2.00710   0.00199800
      3.62919      2.01426   0.00202080
      3.63062      2.02813   0.00230498
      3.63205      2.05857   0.00220822
      3.63348      2.06049   0.00224463
      3.63492      2.02705   0.00206896
      3.63635      2.02413   0.00205589
      3.63778      2.03690   0.00199353
      3.63921      2.03415   0.00201133
      3.64064      2.03873   0.00202865
      3.64207      2.03184   0.00195764
      3.64350      2.03090   0.00214878
      3.64493      2.04893   0.00196845
      3.64636      2.06672   0.00198618
      3.64779      2.06858   0.00194948
      3.64923      2.04920   0.00219316
      3.65066      2.04459   0.00222797
      3.65209      2.05081   0.00207671
      3.65352      2.05356   0.00208937
      3.65495      2.04939   0.00200095
      3.65638      2.05092   0.00204149
      3.65781      2.04626   0.00196308
      3.65925      2.05657   0.00202118
      3.66068      2.06281   0.00209076
      3.66211      2.06029   0.00194613
      3.66354      2.06697   0.00207929
      3.66497      2.06595   0.00210847
      3.66640      2.07296   0.00220043
      3.66784      2.07940   0.00216063
      3.66927      2.06769   0.00216245
      3.67070      2.05293   0.00232624
      3.67213      2.07126   0.00218419
      3.67356      2.09220   0.00222928
      3.67499      2.08729   0.00245384
      3.67643      2.09163   0.00241129
      3.67786      2.09119   0.00236094
      3.67929      2.08522   0.00233110
      3.68072      2.07104   0.00219137
      3.68215      2.07257   0.00218610
      3.68359      2.07360   0.00205763
      3.68502      2.08128   0.00213768
      3.68645      2.08001   0.00211057
      3.68788      2.08386   0.00206228
      3.68931      2.08548   0.00215791
      3.69075      2.07659   0.00220444
      3.69218      2.07525   0.00219058
      3.69361      2.06937   0.00219457
      3.69504      2.06745   0.00214710
      3.69647      2.07997   0.00196815
      3.69791      2.08627   0.00216675
      3.69934      2.08899   0.00225623
      3.70077      2.09783   0.00211189
      3.70220      2.09309   0.00202520
      3.70363      2.09376   0.00202852
      3.70507      2.09891   0.00204038
      3.70650      2.10196   0.00207554
      3.70793      2.10489   0.00211101
      3.70936      2.11111   0.00216737
      3.71079      2.10057   0.00213939
      3.71223      2.09838   0.00203992
      3.71366      2.10259   0.00215647
      3.71509      2.09459   0.00212795
      3.71652      2.10601   0.00223491
      3.71795      2.11599   0.00209560
      3.71939      2.08868   0.00216593
      3.72082      2.08373   0.00215533
      3.72225      2.08711   0.00221710
      3.72368      2.08447   0.00218922
      3.72511      2.10046   0.00206568
      3.72654      2.08671   0.00208520
      3.72798      2.06148   0.00215232
      3.72941      2.09834   0.00205388
      3.73084      2.12490   0.00225749
      3.73227      2.13117   0.00231874
      3.73370      2.14898   0.00228535
      3.73513      2.16653   0.00237281
      3.73656      2.19393   0.00234914
      3.73800      2.22801   0.00233129
      3.73943      2.24753   0.00234518
      3.74086      2.27121   0.00236924
      3.74229      2.27711   0.00228692
      3.74372      2.24274   0.00226063
      3.74515      2.19184   0.00204385
      3.74658      2.15857   0.00215913
      3.74801      2.13546   0.00206548
      3.74944      2.13544   0.00216314
      3.75088      2.16019   0.00235086
      3.75231      2.15696   0.00220976
      3.75374      2.14508   0.00229774
      3.75517      2.14295   0.00244657
      3.75660      2.14335   0.00217653
      3.75803      2.14732   0.00219743
      3.75946      2.14744   0.00222569
      3.76089      2.14861   0.00230945
      3.76232      2.13717   0.00211838
      3.76375      2.13692   0.00244797
      3.76518      2.13880   0.00231465
      3.76661      2.15784   0.00214751
      3.76804      2.17384   0.00215199
      3.76947      2.16690   0.00223461
      3.77090      2.15270   0.00217246
      3.77233      2.14953   0.00239853
      3.77376      2.14043   0.00223362
      3.77519      2.14117   0.00225566
      3.77662      2.14448   0.00220578
      3.77805      2.14282   0.00223333
      3.77948      2.13578   0.00213639
      3.78090      2.13805   0.00222162
      3.78233      2.16345   0.00236427
      3.78376      2.17945   0.00237139
      3.78519      2.17092   0.00243917
      3.78662      2.16503   0.00237114
      3.78805      2.15437   0.00235994
      3.78948      2.14219   0.00238506
      3.79090      2.15535   0.00242865
      3.79233      2.17489   0.00250493
      3.79376      2.17554   0.00240215
      3.79519      2.16550   0.00227364
      3.79662      2.15069   0.00221731
      3.79804      2.17054   0.00231260
      3.79947      2.18417   0.00217375
      3.80090      2.17435   0.00213849
      3.80233      2.16929   0.00241867
      3.80375      2.16683   0.00248377
      3.80518      2.17275   0.00252552
      3.80661      2.18491   0.00227031
      3.80803      2.16198   0.00232152
      3.80946      2.16205   0.00233289
      3.81089      2.17834   0.00253683
      3.81231      2.21240   0.00251946
      3.81374      2.25202   0.00252167
      3.81516      2.19827   0.00231132
      3.81659      2.19689   0.00223956
      3.81802      2.20658   0.00245407
      3.81944      2.21594   0.00236635
      3.82087      2.21195   0.00253949
      3.82229      2.20008   0.00244678
      3.82372      2.19453   0.00240365
      3.82514      2.18578   0.00249993
      3.82657      2.18260   0.00238115
      3.82799      2.21191   0.00239522
      3.82941      2.23929   0.00236133
      3.83084      2.24829   0.00252576
      3.83226      2.22445   0.00239933
      3.83369      2.21232   0.00248005
      3.83511      2.21447   0.00262734
      3.83653      2.21888   0.00209548
      3.83795      2.22289   0.00238977
      3.83938      2.20557   0.00252396
      3.84080      2.18425   0.00254400
      3.84222      2.18720   0.00239799
      3.84365      2.19990   0.00254028
      3.84507      2.21053   0.00248760
      3.84649      2.20763   0.00268047
      3.84791      2.19968   0.00272280
      3.84933      2.21408   0.00245667
      3.85075      2.21855   0.00240680
      3.85217      2.20453   0.00260627
      3.85360      2.22778   0.00271683
      3.85502      2.25047   0.00271298
      3.85644      2.23475   0.00246887
      3.85786      2.22780   0.00248973
      3.85928      2.22784   0.00255641
      3.86070      2.23238   0.00251130
      3.86212      2.23693   0.00266856
      3.86353      2.23621   0.00271544
      3.86495      2.23102   0.00255854
      3.86637      2.23003   0.00257928
      3.86779      2.24528   0.00276394
      3.86921      2.26028   0.00283820
      3.87063      2.27190   0.00267665
      3.87204      2.26370   0.00292369
      3.87346      2.26982   0.00292155
      3.87488      2.27995   0.00284806
      3.87630      2.28835   0.00303740
      3.87771      2.27902   0.00300983
      3.87913      2.27961   0.00291310
      3.88055      2.26912   0.00313573
      3.88196      2.28177   0.00271197
      3.88338      2.30083   0.00263752
      3.88479      2.30101   0.00295971
      3.88621      2.28337   0.00293605
      3.88762      2.27922   0.00305217
      3.88904      2.28577   0.00304141
      3.89045      2.29605   0.00293139
      3.89186      2.30293   0.00291761
      3.89328      2.30264   0.00287814
      3.89469      2.28702   0.00307608
      3.89610      2.28612   0.00281321
      3.89752      2.27008   0.00282128
      3.89893      2.26590   0.00296736
      3.90034      2.29763   0.00278356
      3.90175      2.29559   0.00291919
      3.90316      2.30109   0.00324707
      3.90458      2.32606   0.00296025
      3.90599      2.30787   0.00328026
      3.90740      2.31439   0.00330222
      3.90881      2.31191   0.00317267
      3.91022      2.31834   0.00325934
      3.91163      2.33780   0.00329599
      3.91304      2.31849   0.00292011
      3.91445      2.29699   0.00317407
      3.91585      2.30886   0.00315517
      3.91726      2.30207   0.00320366
      3.91867      2.29779   0.00289483
      3.92008      2.33035   0.00318389
      3.92148      2.32894   0.00296210
      3.92289      2.31929   0.00334043
      3.92430      2.30339   0.00295831
      3.92570      2.30052   0.00328164
      3.92711      2.31803   0.00310559
      3.92852      2.31362   0.00269357
      3.92992      2.30806   0.00314824
      3.93132      2.30271   0.00309511
      3.93273      2.30135   0.00293470
      3.93413      2.32249   0.00289590
      3.93554      2.30461   0.00275316
      3.93694      2.31534   0.00279527
      3.93834      2.32659   0.00287910
      3.93975      2.32443   0.00308775
      3.94115      2.31119   0.00287166
      3.94255      2.30558   0.00288516
      3.94395      2.29244   0.00247961
      3.94535      2.29797   0.00277611
      3.94675      2.30283   0.00263329
      3.94815      2.31055   0.00243810
      3.94955      2.34099   0.00299789
      3.95095      2.32522   0.00290249
      3.95235      2.30537   0.00300269
      3.95375      2.26662   0.00271892
      3.95515      2.26222   0.00287414
      3.95654      2.30589   0.00279036
      3.95794      2.32039   0.00300408
      3.95934      2.28948   0.00282861
      3.96073      2.29967   0.00292638
      3.96213      2.32360   0.00262087
      3.96352      2.33565   0.00295957
      3.96492      2.31718   0.00281275
      3.96631      2.29728   0.00292329
      3.96771      2.30768   0.00272139
      3.96910      2.33354   0.00288946
      3.97050      2.33704   0.00274284
      3.97189      2.34472   0.00261510
      3.97328      2.33395   0.00273646
      3.97467      2.31571   0.00268638
      3.97606      2.31553   0.00292512
      3.97745      2.30791   0.00259925
      3.97885      2.31221   0.00284921
      3.98024      2.35339   0.00268862
      3.98162      2.35301   0.00272696
      3.98301      2.36568   0.00283232
      3.98440      2.35883   0.00293013
      3.98579      2.36728   0.00317510
      3.98718      2.35920   0.00280614
      3.98856      2.33984   0.00285220
      3.98995      2.32075   0.00272242
      3.99134      2.31836   0.00264152
      3.99272      2.34642   0.00287398
      3.99411      2.35887   0.00272134
      3.99549      2.34909   0.00271696
      3.99688      2.38179   0.00311758
      3.99826      2.38408   0.00314324
      3.99964      2.36384   0.00285787
      4.00103      2.36181   0.00276173
      4.00241      2.35906   0.00289963
      4.00379      2.34949   0.00307119
      4.00517      2.35868   0.00301225
      4.00655      2.35589   0.00303860
      4.00793      2.35790   0.00309949
      4.00931      2.39059   0.00333867
      4.01069      2.38307   0.00323428
      4.01207      2.40975   0.00274610
      4.01344      2.41922   0.00298066
      4.01482      2.40377   0.00288926
      4.01620      2.41501   0.00311416
      4.01757      2.42437   0.00303622
      4.01895      2.42096   0.00332016
      4.02032      2.39134   0.00319398
      4.02170      2.40032   0.00297784
      4.02307      2.44864   0.00324627
      4.02444      2.42985   0.00317108
      4.02582      2.42310   0.00320364
      4.02719      2.44084   0.00320333
      4.02856      2.45527   0.00315640
      4.02993      2.46261   0.00321282
      4.03130      2.44842   0.00322558
      4.03267      2.44949   0.00320481
      4.03404      2.46381   0.00308434
      4.03541      2.46932   0.00329145
      4.03678      2.47380   0.00334195
      4.03814      2.51388   0.00337934
      4.03951      2.51707   0.00331670
      4.04087      2.49877   0.00348599
      4.04224      2.50153   0.00347014
      4.04360      2.50815   0.00357188
      4.04497      2.50215   0.00365691
      4.04633      2.51259   0.00314311
      4.04769      2.56153   0.00314542
      4.04906      2.66622   0.00354381
      4.05042      2.81536   0.00360068
      4.05178      2.99247   0.00383226
      4.05314      3.05393   0.00388629
      4.05450      2.95605   0.00377155
      4.05586      2.79589   0.00368993
      4.05722      2.64884   0.00339524
      4.05857      2.56552   0.00372091
      4.05993      2.53010   0.00331034
      4.06129      2.51030   0.00345548
      4.06264      2.48761   0.00335819
      4.06400      2.50352   0.00355345
      4.06535      2.52937   0.00358396
      4.06670      2.51698   0.00360983
      4.06806      2.51007   0.00393187
      4.06941      2.52992   0.00361487
      4.07076      2.52968   0.00370872
      4.07211      2.52308   0.00391364
      4.07346      2.51950   0.00337755
      4.07481      2.53098   0.00390129
      4.07616      2.53164   0.00388747
      4.07750      2.53280   0.00368823
      4.07885      2.52486   0.00409936
      4.08020      2.52459   0.00395343
      4.08154      2.52901   0.00403532
      4.08289      2.53322   0.00425494
      4.08423      2.55914   0.00428481
      4.08558      2.54440   0.00421778
      4.08692      2.54612   0.00401835
      4.08826      2.56250   0.00401266
      4.08960      2.55856   0.00418370
      4.09094      2.53705   0.00432128
      4.09228      2.54682   0.00400031
      4.09362      2.55812   0.00410482
      4.09496      2.55052   0.00418734
      4.09629      2.55588   0.00416135
      4.09763      2.56452   0.00452390
      4.09897      2.56205   0.00408115
      4.10030      2.57864   0.00402235
      4.10164      2.57985   0.00420897
      4.10297      2.58031   0.00421140
      4.10430      2.58289   0.00413793
      4.10563      2.57436   0.00407139
      4.10696      2.59210   0.00469997
      4.10829      2.57727   0.00460448
      4.10962      2.58121   0.00451380
      4.11095      2.58941   0.00432866
      4.11228      2.61278   0.00449730
      4.11361      2.60619   0.00467513
      4.11493      2.60901   0.00439411
      4.11626      2.61450   0.00440259
      4.11758      2.62009   0.00436296
      4.11890      2.61413   0.00458788
      4.12023      2.59896   0.00465195
      4.12155      2.60113   0.00484978
      4.12287      2.59824   0.00449005
      4.12419      2.60574   0.00439171
      4.12551      2.59180   0.00437550
      4.12683      2.60655   0.00455707
      4.12814      2.61295   0.00416499
      4.12946      2.62904   0.00457847
      4.13078      2.62678   0.00482977
      4.13209      2.59199   0.00437146
      4.13341      2.59760   0.00472559
      4.13472      2.60603   0.00446475
      4.13603      2.63252   0.00477433
      4.13734      2.67127   0.00520525
      4.13865      2.62924   0.00454224
      4.13996      2.62528   0.00471500
      4.14127      2.64213   0.00496214
      4.14258      2.62196   0.00527240
      4.14388      2.60949   0.00491208
      4.14519      2.65708   0.00511315
      4.14650      2.67385   0.00537520
      4.14780      2.65343   0.00525159
      4.14910      2.65086   0.00511734
      4.15040      2.65686   0.00517506
      4.15171      2.69804   0.00517164
      4.15301      2.67423   0.00561944
      4.15430      2.69111   0.00565348
      4.15560      2.71700   0.00603244
      4.15690      2.71620   0.00567818
      4.15820      2.73234   0.00616116
      4.15949      2.76788   0.00607596
      4.16079      2.77820   0.00608888
      4.16208      2.76541   0.00624160
      4.16337      2.72153   0.00682476
      4.16466      2.75373   0.00762996
      4.16595      2.75766   0.00753588
      4.16724      2.75406   0.00793408
      4.16853      2.79277   0.00788863
      4.16982      2.85240   0.00901525
      4.17110      2.86703   0.00837470
      4.17239      2.85032   0.00865030
      4.17367      2.84347   0.00975174
      4.17496      2.81735    0.0104921
      4.17624      2.82185    0.0114588
      4.17752      2.87580    0.0133388
      4.17880      2.97453    0.0170937
      4.18008      3.04615    0.0225726
      4.18136      3.09259    0.0315990
      4.18264      3.04074    0.0522370
      4.18391      2.94187    0.0942611
      4.18519      2.32174     0.108330
      4.18646      1.72014     0.477712
      4.18773      2.05360     0.676849
      4.18901     -71.1425     0.936446
      4.19028     -127.967      97.1736
      4.19155    -0.625355      1.30002
      4.19281     -1.92814      1.94649
      4.19408     -1.00931      5.58734
      4.19535    0.0491574      1.08233
      4.19661      1.63990      7.01932
      4.19788      4.24097      1.76357
      4.19914    -0.562771      8.40328
      4.20040     -1.54164      1.50144
      4.20166     -2.13533      4.16517
      4.20292     -3.95355      1.97784
      4.20418      1.95764      1.97174
      4.20544     -2.26723      73.1221
      4.20670     -10.8417      6.04994
      4.20795      65.9343      4.12250
      4.20921      116.984      13.3655
      4.21046     -12.9616      11.0486
      4.21171     -26.8174      80.2399
      4.21296   -0.0882958      1.54873
      4.21421      1.27253      2.20961
      4.21546     0.201248      3.24706
      4.21670     -1.33508      14.0418
      4.21795     -9.92654      2.64581
      4.21920     -17.5815      4.27033
      4.22044      44.6540      4.38585
      4.22168      98.1312      6.71460
      4.22292      18.3619      7.05876
      4.22416      25.3427      8.15387
      4.22540      46.4286      10.2264
      4.22664     -3.86450      3.08462
      4.22788     -2.93902      11.6227
      4.22911     -7.30939      1.94442
      4.23034     -13.4834      2.68953
      4.23158     -1.61882      3.05098
      4.23281     -2.45933      3.18535
      4.23404     0.785362      1.36360
      4.23527     0.628136      2.65683
      4.23650      7.00254      2.23345
      4.23772      6.24934      7.23015
      4.23895     -2.39556      2.32865
      4.24017     -5.20736      5.15108
      4.24139     -6.07983      66.1685
      4.24261      3.79665      5.03498
      4.24383    -0.562194      2.18641
      4.24505      0.00000      155.589
