SOURCE  = IRS 46/WLY 2-46               / Source name
STANDARD= BS6084                        / Standard name
OBSDATE = 02-05-2002                    / Date of observation
SPOS    = 16:27:27.3  -24:39:37.4       / Source position RA,DEC,J2000
STPOS   = 16:21:11.2  -25:35:54.2       / Standard position RA,DEC,J2000
STSPT   = B1III                         / Standard spectral type
STTEFF  = 24200                         / Standard effective temperature [K]
STMAG   = 2.41                          / Standard magnitude (adopted)
WAVEZP  = 3.45                          / Wavelength zero point [micron]
FLUXZP  = 290                           / Flux zero point [Jy]
SAIRM   = 1.048                         / Source mean airmass
STAIRM  = 1.108                         / Standard mean airmass
AIRMCORR= 0.92                          / Optimal (adopted) airmass correction
SPECRES = ~1200                         / Spectral resolution

Created by K. M. Pontoppidan             Tue Jul 26 17:34:21 2005

Wavelength [micron] Flux [Jy] Statistical Error [Jy]

      2.81691      0.00000      1.36662
      2.81837     0.834002      1.09322
      2.81983     0.499272     0.279649
      2.82129     0.648674     0.116168
      2.82274     0.551061    0.0901397
      2.82420     0.527300    0.0846098
      2.82566     0.625661    0.0839255
      2.82711     0.596111    0.0507877
      2.82857     0.502791    0.0473029
      2.83003     0.495281    0.0764054
      2.83148     0.628047     0.217939
      2.83293     0.853075     0.722370
      2.83439     0.380745     0.750090
      2.83584     0.209687     0.507186
      2.83729     0.700330     0.245907
      2.83874     0.621265    0.0941407
      2.84019     0.565309    0.0719086
      2.84164     0.566285    0.0413189
      2.84309     0.587042    0.0326470
      2.84454     0.599639    0.0358291
      2.84599     0.624832    0.0655141
      2.84744     0.555695     0.122319
      2.84889     0.528741    0.0985972
      2.85034     0.567468    0.0557404
      2.85178     0.458220    0.0775073
      2.85323     0.359892     0.199033
      2.85467     0.323856     0.242622
      2.85612     0.431813    0.0783356
      2.85756     0.556854    0.0453170
      2.85901     0.536210    0.0460022
      2.86045     0.522940    0.0502483
      2.86189     0.546240    0.0332277
      2.86334     0.559564    0.0270934
      2.86478     0.558695    0.0274809
      2.86622     0.554301    0.0316797
      2.86766     0.527904    0.0423107
      2.86910     0.542541    0.0441194
      2.87054     0.585773    0.0429894
      2.87198     0.557092    0.0553945
      2.87342     0.524092    0.0547796
      2.87486     0.544846    0.0274907
      2.87629     0.547804    0.0207151
      2.87773     0.540476    0.0230232
      2.87917     0.513285    0.0280352
      2.88061     0.494258    0.0245780
      2.88204     0.527423    0.0230125
      2.88348     0.547250    0.0226887
      2.88491     0.538018    0.0263466
      2.88635     0.532603    0.0255018
      2.88778     0.513258    0.0243510
      2.88921     0.501038    0.0313864
      2.89065     0.501332    0.0364433
      2.89208     0.494253    0.0262906
      2.89351     0.497625    0.0235523
      2.89495     0.497881    0.0215689
      2.89638     0.488422    0.0185478
      2.89781     0.498298    0.0163496
      2.89924     0.506912    0.0164901
      2.90067     0.505227    0.0206802
      2.90210     0.467986    0.0325261
      2.90353     0.478679    0.0481577
      2.90496     0.490227    0.0335345
      2.90638     0.446016    0.0343430
      2.90781     0.450655    0.0335207
      2.90924     0.458351    0.0270482
      2.91067     0.443868    0.0225753
      2.91209     0.450459    0.0198269
      2.91352     0.473041    0.0173260
      2.91495     0.494105    0.0186994
      2.91637     0.491964    0.0218020
      2.91780     0.468691    0.0208559
      2.91922     0.446119    0.0192184
      2.92065     0.453819    0.0184512
      2.92207     0.478770    0.0176643
      2.92350     0.462269    0.0210320
      2.92492     0.430749    0.0322008
      2.92634     0.404268    0.0521577
      2.92776     0.404314    0.0333723
      2.92919     0.423434    0.0201294
      2.93061     0.446688    0.0167977
      2.93203     0.460325    0.0165277
      2.93345     0.453830    0.0167357
      2.93487     0.443167    0.0153716
      2.93629     0.442499    0.0156470
      2.93771     0.446637    0.0162604
      2.93913     0.441361    0.0160047
      2.94055     0.437650    0.0172801
      2.94197     0.443473    0.0199297
      2.94339     0.447643    0.0209140
      2.94481     0.411437    0.0193871
      2.94623     0.395537    0.0201228
      2.94764     0.411343    0.0216697
      2.94906     0.411727    0.0198854
      2.95048     0.406280    0.0227030
      2.95189     0.408705    0.0225458
      2.95331     0.426170    0.0167366
      2.95473     0.425799    0.0157213
      2.95614     0.417115    0.0171214
      2.95756     0.404366    0.0230184
      2.95897     0.407012    0.0234410
      2.96039     0.408730    0.0179113
      2.96180     0.406061    0.0168070
      2.96322     0.408533    0.0165319
      2.96463     0.414098    0.0161608
      2.96604     0.421002    0.0171026
      2.96746     0.419399    0.0155163
      2.96887     0.418862    0.0155075
      2.97028     0.420612    0.0172737
      2.97170     0.426004    0.0201739
      2.97311     0.431408    0.0262788
      2.97452     0.429237    0.0364105
      2.97593     0.424860    0.0418493
      2.97734     0.441672    0.0317814
      2.97875     0.432322    0.0272879
      2.98016     0.401542    0.0226331
      2.98158     0.395720    0.0214345
      2.98299     0.396031    0.0213367
      2.98440     0.391790    0.0213324
      2.98581     0.379081    0.0192644
      2.98721     0.395305    0.0168698
      2.98862     0.413314    0.0155151
      2.99003     0.416672    0.0148578
      2.99144     0.420053    0.0139705
      2.99285     0.414243    0.0139937
      2.99426     0.411772    0.0138839
      2.99567     0.416821    0.0143484
      2.99707     0.426028    0.0150349
      2.99848     0.427394    0.0152124
      2.99989     0.416752    0.0164296
      3.00130     0.417256    0.0185166
      3.00270     0.408228    0.0181355
      3.00411     0.400421    0.0149032
      3.00552     0.401427    0.0142203
      3.00692     0.404065    0.0141294
      3.00833     0.391827    0.0169480
      3.00973     0.387181    0.0205473
      3.01114     0.405310    0.0212831
      3.01254     0.400756    0.0187635
      3.01395     0.393449    0.0162748
      3.01535     0.406948    0.0137096
      3.01676     0.418799    0.0137063
      3.01816     0.419500    0.0145497
      3.01957     0.403220    0.0146285
      3.02097     0.407704    0.0155568
      3.02238     0.431890    0.0192398
      3.02378     0.409792    0.0213453
      3.02518     0.383648    0.0207807
      3.02659     0.393524    0.0216080
      3.02799     0.400171    0.0168974
      3.02939     0.402043    0.0136761
      3.03080     0.411194    0.0137145
      3.03220     0.419356    0.0140181
      3.03360     0.426879    0.0148178
      3.03500     0.419697    0.0160642
      3.03640     0.405335    0.0179461
      3.03781     0.409960    0.0176686
      3.03921     0.403418    0.0184560
      3.04061     0.395805    0.0217000
      3.04201     0.402276    0.0243340
      3.04341     0.413032    0.0215826
      3.04481     0.426561    0.0190010
      3.04621     0.419511    0.0167803
      3.04761     0.412900    0.0157004
      3.04902     0.409367    0.0162535
      3.05042     0.398562    0.0173398
      3.05182     0.393228    0.0171749
      3.05322     0.400773    0.0187641
      3.05462     0.392116    0.0203356
      3.05602     0.375727    0.0235738
      3.05742     0.372201    0.0255781
      3.05882     0.383252    0.0271113
      3.06021     0.390801    0.0219171
      3.06161     0.390396    0.0174377
      3.06301     0.396460    0.0141666
      3.06441     0.396748    0.0143051
      3.06581     0.398791    0.0157147
      3.06721     0.402344    0.0171508
      3.06861     0.397022    0.0159192
      3.07001     0.398436    0.0158718
      3.07141     0.409065    0.0160272
      3.07280     0.410352    0.0179096
      3.07420     0.408592    0.0179063
      3.07560     0.406548    0.0188570
      3.07700     0.404073    0.0185707
      3.07840     0.406350    0.0154234
      3.07979     0.405253    0.0137453
      3.08119     0.408311    0.0123575
      3.08259     0.415376    0.0133625
      3.08399     0.408857    0.0161868
      3.08538     0.393092    0.0201740
      3.08678     0.379714    0.0196107
      3.08818     0.385877    0.0170202
      3.08958     0.384946    0.0159302
      3.09097     0.382228    0.0154188
      3.09237     0.388720    0.0155024
      3.09377     0.385206    0.0163856
      3.09516     0.392247    0.0164666
      3.09656     0.410412    0.0171285
      3.09796     0.416611    0.0194277
      3.09935     0.425431    0.0191972
      3.10075     0.419661    0.0186076
      3.10215     0.409865    0.0183055
      3.10354     0.407361    0.0157827
      3.10494     0.401925    0.0140583
      3.10633     0.417890    0.0140314
      3.10773     0.422914    0.0175590
      3.10913     0.401981    0.0212530
      3.11052     0.395337    0.0221871
      3.11192     0.421143    0.0200882
      3.11331     0.429853    0.0190754
      3.11471     0.422586    0.0211663
      3.11611     0.412794    0.0188010
      3.11750     0.403477    0.0160894
      3.11890     0.415849    0.0172468
      3.12029     0.422618    0.0164921
      3.12169     0.423575    0.0142737
      3.12308     0.432350    0.0123879
      3.12448     0.430068    0.0119214
      3.12588     0.430963    0.0120428
      3.12727     0.441537    0.0126095
      3.12867     0.444729    0.0151836
      3.13006     0.443751    0.0189379
      3.13146     0.457301    0.0227797
      3.13285     0.459382    0.0188397
      3.13425     0.446077    0.0141950
      3.13564     0.451921    0.0126587
      3.13704     0.460005    0.0115795
      3.13843     0.473060    0.0116563
      3.13983     0.479912    0.0115762
      3.14122     0.466146    0.0127998
      3.14262     0.463513    0.0152440
      3.14401     0.470490    0.0160550
      3.14541     0.472357    0.0151799
      3.14680     0.478518    0.0132319
      3.14820     0.473733    0.0139227
      3.14959     0.468309    0.0174394
      3.15099     0.475065    0.0175464
      3.15238     0.481816    0.0144647
      3.15378     0.491547    0.0127740
      3.15517     0.498661    0.0121442
      3.15657     0.498934    0.0119935
      3.15796     0.502136    0.0130227
      3.15936     0.505854    0.0142001
      3.16075     0.508187    0.0137762
      3.16215     0.512506    0.0127823
      3.16354     0.515694    0.0127231
      3.16494     0.518691    0.0119416
      3.16633     0.523536    0.0114711
      3.16773     0.526615    0.0108581
      3.16912     0.522545    0.0111203
      3.17052     0.525330    0.0119267
      3.17191     0.529949    0.0116910
      3.17331     0.534506    0.0108839
      3.17470     0.542337    0.0116280
      3.17610     0.540969    0.0119010
      3.17749     0.544568    0.0124894
      3.17889     0.548213    0.0125694
      3.18028     0.544619    0.0116049
      3.18168     0.544357    0.0111534
      3.18307     0.550866    0.0114116
      3.18447     0.557824    0.0119401
      3.18586     0.559130    0.0129901
      3.18726     0.561821    0.0133385
      3.18865     0.559182    0.0122902
      3.19005     0.555694    0.0117275
      3.19144     0.557372    0.0118148
      3.19284     0.552898    0.0129606
      3.19423     0.563546    0.0169525
      3.19563     0.581559    0.0212284
      3.19702     0.577556    0.0169973
      3.19842     0.564664    0.0143204
      3.19981     0.558809    0.0160426
      3.20121     0.565986    0.0212540
      3.20261     0.560915    0.0217231
      3.20400     0.562548    0.0203110
      3.20540     0.567263    0.0235568
      3.20679     0.560361    0.0210116
      3.20819     0.571209    0.0211812
      3.20958     0.570632    0.0261619
      3.21098     0.555001    0.0274569
      3.21238     0.582040    0.0333265
      3.21377     0.606557    0.0366993
      3.21517     0.579264    0.0284597
      3.21656     0.577819    0.0211933
      3.21796     0.590765    0.0208878
      3.21936     0.599430    0.0188098
      3.22075     0.598671    0.0180206
      3.22215     0.590698    0.0168601
      3.22355     0.586182    0.0202088
      3.22494     0.572336    0.0271639
      3.22634     0.618016    0.0358464
      3.22773     0.641296    0.0330502
      3.22913     0.598319    0.0238370
      3.23053     0.587397    0.0198921
      3.23192     0.629322    0.0260205
      3.23332     0.672777    0.0336127
      3.23472     0.662698    0.0199305
      3.23612     0.639944    0.0143801
      3.23751     0.635569    0.0120195
      3.23891     0.639006    0.0125733
      3.24031     0.633733    0.0128679
      3.24170     0.643700    0.0170519
      3.24310     0.647391    0.0168609
      3.24450     0.628183    0.0154163
      3.24590     0.629468    0.0169504
      3.24729     0.638731    0.0223906
      3.24869     0.644573    0.0268828
      3.25009     0.638104    0.0270088
      3.25149     0.657409    0.0253930
      3.25288     0.682060    0.0175344
      3.25428     0.679881    0.0131202
      3.25568     0.675259    0.0116836
      3.25708     0.666558    0.0112307
      3.25848     0.665908    0.0113990
      3.25988     0.663239    0.0119169
      3.26127     0.675373    0.0164082
      3.26267     0.689393    0.0239268
      3.26407     0.673472    0.0252432
      3.26547     0.670914    0.0223726
      3.26687     0.688533    0.0160977
      3.26827     0.685002    0.0139732
      3.26967     0.671206    0.0156079
      3.27106     0.671219    0.0184880
      3.27246     0.699974    0.0244558
      3.27386     0.708082    0.0241349
      3.27526     0.699522    0.0178052
      3.27666     0.709131    0.0126653
      3.27806     0.704990    0.0116984
      3.27946     0.699377    0.0128029
      3.28086     0.714751    0.0144674
      3.28226     0.724172    0.0176223
      3.28366     0.726137    0.0153751
      3.28506     0.736191    0.0120174
      3.28646     0.746428    0.0108802
      3.28786     0.743988    0.0104123
      3.28926     0.735033    0.0106226
      3.29066     0.736598    0.0103282
      3.29206     0.743224    0.0118260
      3.29346     0.746484    0.0124516
      3.29486     0.750654    0.0139147
      3.29627     0.763126    0.0163042
      3.29767     0.767300    0.0193858
      3.29907     0.760695    0.0222012
      3.30047     0.769225    0.0253836
      3.30187     0.776489    0.0267813
      3.30327     0.761287    0.0192838
      3.30467     0.747861    0.0147684
      3.30608     0.760860    0.0133479
      3.30748     0.767787    0.0144811
      3.30888     0.761128    0.0131622
      3.31028     0.767758    0.0138316
      3.31168     0.766463    0.0147856
      3.31309     0.753381    0.0156741
      3.31449     0.759730    0.0211573
      3.31589     0.782023    0.0449324
      3.31729     0.547459     0.166155
      3.31870     0.476261     0.247617
      3.32010     0.721748     0.129933
      3.32150     0.756643    0.0769748
      3.32291     0.731624    0.0414491
      3.32431     0.748819    0.0291293
      3.32571     0.772518    0.0201602
      3.32712     0.772626    0.0156112
      3.32852     0.786920    0.0147150
      3.32992     0.813532    0.0160700
      3.33133     0.822361    0.0159554
      3.33273     0.823054    0.0132196
      3.33414     0.823736    0.0110449
      3.33554     0.830001    0.0114302
      3.33694     0.828320    0.0114678
      3.33835     0.827134    0.0114951
      3.33975     0.836752    0.0116181
      3.34116     0.847598    0.0130119
      3.34256     0.846504    0.0143898
      3.34397     0.837644    0.0135913
      3.34537     0.831517    0.0131484
      3.34678     0.842602    0.0136923
      3.34819     0.846892    0.0158056
      3.34959     0.846724    0.0141941
      3.35100     0.851125    0.0124235
      3.35240     0.844258    0.0112391
      3.35381     0.846692    0.0113018
      3.35522     0.848722    0.0116830
      3.35662     0.844308    0.0129530
      3.35803     0.852542    0.0153255
      3.35943     0.861628    0.0156767
      3.36084     0.854692    0.0139220
      3.36225     0.864867    0.0132157
      3.36366     0.873963    0.0133896
      3.36506     0.874321    0.0133349
      3.36647     0.869810    0.0124895
      3.36788     0.852367    0.0119695
      3.36928     0.860959    0.0131232
      3.37069     0.859945    0.0159315
      3.37210     0.867662    0.0145227
      3.37351     0.896051    0.0129923
      3.37492     0.891349    0.0121472
      3.37632     0.878809    0.0109288
      3.37773     0.867089    0.0112618
      3.37914     0.852542    0.0123244
      3.38055     0.858123    0.0128557
      3.38196     0.871254    0.0159361
      3.38337     0.868260    0.0146760
      3.38478     0.877197    0.0132918
      3.38619     0.899027    0.0118480
      3.38760     0.903623    0.0118661
      3.38901     0.899887    0.0111935
      3.39042     0.884408    0.0113744
      3.39183     0.881452    0.0116926
      3.39324     0.897044    0.0143534
      3.39465     0.898905    0.0148998
      3.39606     0.898270    0.0129665
      3.39747     0.913226    0.0113724
      3.39888     0.916971    0.0109104
      3.40029     0.901656    0.0106876
      3.40170     0.899688    0.0103067
      3.40311     0.908680    0.0116410
      3.40452     0.926777    0.0134666
      3.40593     0.929683    0.0172735
      3.40734     0.907234    0.0153358
      3.40876     0.895377    0.0143778
      3.41017     0.904487    0.0137014
      3.41158     0.913300    0.0124076
      3.41299     0.920454    0.0120585
      3.41440     0.923671    0.0115967
      3.41582     0.920619    0.0125360
      3.41723     0.939931    0.0143420
      3.41864     0.945911    0.0151447
      3.42005     0.926284    0.0125117
      3.42147     0.918657    0.0111059
      3.42288     0.925300    0.0109211
      3.42429     0.927858    0.0108736
      3.42571     0.931513    0.0114295
      3.42712     0.933573    0.0119633
      3.42853     0.928703    0.0134278
      3.42995     0.931872    0.0146732
      3.43136     0.946402    0.0138693
      3.43278     0.948928    0.0117876
      3.43419     0.934158    0.0111388
      3.43560     0.940972    0.0108408
      3.43702     0.958227    0.0108585
      3.43843     0.962969    0.0107816
      3.43985     0.962171    0.0110058
      3.44126     0.966776    0.0117516
      3.44268     0.972673    0.0128912
      3.44409     0.968933    0.0125683
      3.44551     0.969803    0.0112949
      3.44693     0.980957    0.0106006
      3.44834     0.988192    0.0103205
      3.44976     0.987590    0.0111131
      3.45117     0.979752    0.0108038
      3.45259     0.972857    0.0111262
      3.45401     0.976965    0.0121044
      3.45542     0.992205    0.0122756
      3.45684      1.00253    0.0124663
      3.45826      1.00321    0.0113547
      3.45967     0.988821    0.0107047
      3.46109     0.984307    0.0100206
      3.46251     0.998157    0.0106125
      3.46392     0.999282    0.0101070
      3.46534     0.989290    0.0106053
      3.46676     0.992901    0.0111999
      3.46818      1.00372    0.0109548
      3.46959      1.00149    0.0110790
      3.47101     0.999302    0.0105861
      3.47243      1.01140    0.0103771
      3.47385      1.01659    0.0104993
      3.47527      1.00889    0.0103718
      3.47669      1.01351    0.0103461
      3.47810      1.01776    0.0107292
      3.47952      1.01205    0.0106885
      3.48094      1.01678    0.0113424
      3.48236      1.02359    0.0109797
      3.48378      1.02179    0.0107710
      3.48520      1.02739    0.0107456
      3.48662      1.03601    0.0102501
      3.48804      1.03337    0.0104270
      3.48946      1.02817    0.0114731
      3.49088      1.03279    0.0108483
      3.49230      1.03766    0.0117091
      3.49372      1.03909    0.0108864
      3.49514      1.04018    0.0108558
      3.49656      1.04813    0.0106334
      3.49798      1.05504    0.0106097
      3.49940      1.05324    0.0105746
      3.50082      1.05648    0.0103067
      3.50225      1.06058    0.0106222
      3.50367      1.05761    0.0103803
      3.50509      1.06335    0.0108862
      3.50651      1.06882    0.0109963
      3.50793      1.06294    0.0106205
      3.50935      1.05572    0.0107323
      3.51077      1.06394    0.0107455
      3.51220      1.07765    0.0102275
      3.51362      1.08124    0.0106462
      3.51504      1.09158    0.0105166
      3.51646      1.09579    0.0103547
      3.51789      1.09374   0.00997140
      3.51931      1.09385    0.0100919
      3.52073      1.09318    0.0100109
      3.52216      1.10224    0.0102733
      3.52358      1.11728   0.00971008
      3.52500      1.11492    0.0100998
      3.52642      1.10136    0.0100353
      3.52785      1.10604    0.0102493
      3.52927      1.12025   0.00997212
      3.53070      1.11685   0.00981764
      3.53212      1.11517   0.00985246
      3.53354      1.10575   0.00993171
      3.53497      1.09925    0.0100684
      3.53639      1.11144    0.0106097
      3.53782      1.11439    0.0107698
      3.53924      1.11871    0.0110613
      3.54067      1.12050    0.0110162
      3.54209      1.12728    0.0100531
      3.54351      1.13701    0.0114942
      3.54494      1.13183    0.0107765
      3.54636      1.12564    0.0111230
      3.54779      1.12694    0.0111789
      3.54922      1.14031    0.0106630
      3.55064      1.14584    0.0107675
      3.55207      1.14639    0.0102685
      3.55349      1.15047    0.0101359
      3.55492      1.14467   0.00994699
      3.55634      1.13930    0.0102425
      3.55777      1.14758   0.00998885
      3.55920      1.15168    0.0102899
      3.56062      1.15864   0.00993467
      3.56205      1.15667   0.00988569
      3.56347      1.15019    0.0108323
      3.56490      1.17290    0.0103533
      3.56633      1.18877    0.0101379
      3.56775      1.18742   0.00993238
      3.56918      1.15932   0.00996474
      3.57061      1.15421    0.0101132
      3.57204      1.17752    0.0105539
      3.57346      1.18786    0.0100715
      3.57489      1.19070    0.0103932
      3.57632      1.17993    0.0107218
      3.57774      1.17826    0.0106987
      3.57917      1.17634    0.0109278
      3.58060      1.17585    0.0106791
      3.58203      1.18589    0.0112274
      3.58346      1.19877    0.0102100
      3.58488      1.20073    0.0107545
      3.58631      1.19951    0.0102368
      3.58774      1.20469    0.0109933
      3.58917      1.20007    0.0112961
      3.59060      1.20070    0.0107406
      3.59202      1.20573    0.0100154
      3.59345      1.21136    0.0104396
      3.59488      1.22135   0.00989482
      3.59631      1.21787    0.0106367
      3.59774      1.21619    0.0108282
      3.59917      1.22214    0.0103140
      3.60060      1.21727    0.0100690
      3.60203      1.21862    0.0101182
      3.60346      1.23450    0.0101607
      3.60488      1.25259    0.0100188
      3.60631      1.24046   0.00977542
      3.60774      1.20522   0.00990410
      3.60917      1.19829   0.00963942
      3.61060      1.21971    0.0102592
      3.61203      1.21925    0.0107507
      3.61346      1.20724    0.0107815
      3.61489      1.22657   0.00992990
      3.61632      1.24571    0.0106703
      3.61775      1.24655   0.00988240
      3.61918      1.24940    0.0107113
      3.62061      1.24982    0.0104748
      3.62204      1.26296    0.0109529
      3.62347      1.27939    0.0102972
      3.62490      1.26398   0.00969710
      3.62633      1.25408   0.00998450
      3.62776      1.26080    0.0103973
      3.62919      1.26388    0.0102435
      3.63062      1.26496    0.0103430
      3.63205      1.25746    0.0100564
      3.63348      1.24524    0.0109255
      3.63492      1.24580    0.0100158
      3.63635      1.26596    0.0102035
      3.63778      1.27111   0.00998323
      3.63921      1.26444   0.00997818
      3.64064      1.26901   0.00997763
      3.64207      1.27815    0.0107459
      3.64350      1.28520    0.0102080
      3.64493      1.29613   0.00955724
      3.64636      1.31530   0.00963983
      3.64779      1.31302   0.00929104
      3.64923      1.29116   0.00898860
      3.65066      1.28352   0.00978647
      3.65209      1.28828   0.00968167
      3.65352      1.28740    0.0106623
      3.65495      1.29123    0.0107716
      3.65638      1.29822   0.00968123
      3.65781      1.29364   0.00966376
      3.65925      1.30552    0.0101271
      3.66068      1.31937   0.00974641
      3.66211      1.31932   0.00996833
      3.66354      1.32092   0.00991190
      3.66497      1.32326   0.00956656
      3.66640      1.31826   0.00983118
      3.66784      1.31504   0.00973011
      3.66927      1.32572    0.0101511
      3.67070      1.32416    0.0101731
      3.67213      1.32068    0.0104914
      3.67356      1.31772    0.0103740
      3.67499      1.32217    0.0105380
      3.67643      1.32950   0.00997029
      3.67786      1.32407   0.00996240
      3.67929      1.33203    0.0102366
      3.68072      1.34014    0.0103591
      3.68215      1.34106    0.0102031
      3.68359      1.34950    0.0100625
      3.68502      1.34888    0.0103255
      3.68645      1.34409   0.00982643
      3.68788      1.35051   0.00950605
      3.68931      1.35236   0.00990923
      3.69075      1.35549   0.00984556
      3.69218      1.36024   0.00964851
      3.69361      1.36137    0.0101820
      3.69504      1.36888   0.00983061
      3.69647      1.37582   0.00939386
      3.69791      1.38213   0.00981772
      3.69934      1.38374   0.00951493
      3.70077      1.37299   0.00938299
      3.70220      1.37744   0.00974936
      3.70363      1.38692   0.00999441
      3.70507      1.39569    0.0101453
      3.70650      1.41788   0.00976868
      3.70793      1.43793    0.0106117
      3.70936      1.43581   0.00975686
      3.71079      1.41979   0.00995628
      3.71223      1.40804    0.0104412
      3.71366      1.39282    0.0105360
      3.71509      1.37348   0.00990637
      3.71652      1.37289   0.00962262
      3.71795      1.40429   0.00980355
      3.71939      1.41066    0.0102727
      3.72082      1.40605    0.0104121
      3.72225      1.41306   0.00984714
      3.72368      1.41006   0.00949562
      3.72511      1.40324   0.00990586
      3.72654      1.36493   0.00956401
      3.72798      1.35962    0.0101199
      3.72941      1.40470   0.00996650
      3.73084      1.42377    0.0101885
      3.73227      1.41712    0.0101564
      3.73370      1.42437   0.00972133
      3.73513      1.44390   0.00964369
      3.73656      1.44838   0.00985612
      3.73800      1.45310    0.0102718
      3.73943      1.45529    0.0101531
      3.74086      1.45458   0.00990519
      3.74229      1.48443    0.0104157
      3.74372      1.51348    0.0104423
      3.74515      1.51943    0.0105242
      3.74658      1.51839    0.0104854
      3.74801      1.49039    0.0101218
      3.74944      1.45899    0.0108247
      3.75088      1.45102    0.0106447
      3.75231      1.46046   0.00995658
      3.75374      1.45514    0.0103383
      3.75517      1.43605    0.0100584
      3.75660      1.43412   0.00967670
      3.75803      1.42590    0.0101779
      3.75946      1.43188   0.00944081
      3.76089      1.45216   0.00961170
      3.76232      1.44915    0.0103549
      3.76375      1.44510   0.00990988
      3.76518      1.44013    0.0102296
      3.76661      1.43105    0.0104462
      3.76804      1.43898    0.0101619
      3.76947      1.44330    0.0106762
      3.77090      1.43786    0.0101964
      3.77233      1.44055   0.00988527
      3.77376      1.46196   0.00978137
      3.77519      1.47746    0.0108028
      3.77662      1.46507    0.0105135
      3.77805      1.46435   0.00999191
      3.77948      1.46847    0.0105418
      3.78090      1.46282    0.0102863
      3.78233      1.45650    0.0102481
      3.78376      1.46082    0.0101337
      3.78519      1.46582   0.00996650
      3.78662      1.46553    0.0101647
      3.78805      1.48593    0.0103200
      3.78948      1.49298    0.0108208
      3.79090      1.47459    0.0107614
      3.79233      1.46622    0.0106864
      3.79376      1.47876    0.0104328
      3.79519      1.48392    0.0106699
      3.79662      1.48378   0.00996872
      3.79804      1.49419    0.0104411
      3.79947      1.49886    0.0103281
      3.80090      1.49369    0.0101319
      3.80233      1.49211    0.0108460
      3.80375      1.49026    0.0101482
      3.80518      1.48064    0.0102550
      3.80661      1.48110    0.0102792
      3.80803      1.49723   0.00968229
      3.80946      1.50443    0.0102612
      3.81089      1.49837   0.00999959
      3.81231      1.49874    0.0109913
      3.81374      1.51341    0.0106930
      3.81516      1.51024    0.0105082
      3.81659      1.50475    0.0110061
      3.81802      1.52251   0.00978982
      3.81944      1.52648   0.00950831
      3.82087      1.51752   0.00960580
      3.82229      1.51551    0.0102527
      3.82372      1.51608   0.00973907
      3.82514      1.51692    0.0104127
      3.82657      1.52968    0.0103690
      3.82799      1.52592    0.0105612
      3.82941      1.50194    0.0101128
      3.83084      1.49900    0.0103253
      3.83226      1.50648    0.0109596
      3.83369      1.50266    0.0102242
      3.83511      1.49437    0.0110172
      3.83653      1.49020    0.0109019
      3.83795      1.48753    0.0106117
      3.83938      1.49809    0.0104703
      3.84080      1.52969    0.0104055
      3.84222      1.53487   0.00962444
      3.84365      1.52726    0.0102741
      3.84507      1.53770    0.0107908
      3.84649      1.53946    0.0103638
      3.84791      1.54103    0.0110948
      3.84933      1.54619    0.0114989
      3.85075      1.53990    0.0110351
      3.85217      1.54815    0.0102959
      3.85360      1.55157   0.00999140
      3.85502      1.53579    0.0105136
      3.85644      1.53646    0.0109398
      3.85786      1.53405    0.0105279
      3.85928      1.53411    0.0106295
      3.86070      1.52910    0.0105904
      3.86212      1.52056    0.0114655
      3.86353      1.52832    0.0107463
      3.86495      1.53434    0.0104969
      3.86637      1.54228    0.0111978
      3.86779      1.54335    0.0117256
      3.86921      1.54350    0.0112737
      3.87063      1.52896    0.0118704
      3.87204      1.52551    0.0116623
      3.87346      1.55876    0.0119304
      3.87488      1.57283    0.0118913
      3.87630      1.56759    0.0113790
      3.87771      1.56558    0.0130966
      3.87913      1.56332    0.0115661
      3.88055      1.55918    0.0119763
      3.88196      1.56655    0.0117185
      3.88338      1.56902    0.0118919
      3.88479      1.55980    0.0130013
      3.88621      1.56519    0.0116180
      3.88762      1.56795    0.0125070
      3.88904      1.58036    0.0112217
      3.89045      1.60255    0.0127781
      3.89186      1.59905    0.0113404
      3.89328      1.58805    0.0128390
      3.89469      1.59673    0.0123449
      3.89610      1.60364    0.0118322
      3.89752      1.57585    0.0117732
      3.89893      1.57963    0.0116030
      3.90034      1.59914    0.0123815
      3.90175      1.60632    0.0117192
      3.90316      1.62313    0.0119315
      3.90458      1.59617    0.0119009
      3.90599      1.59313    0.0119454
      3.90740      1.61040    0.0126922
      3.90881      1.62371    0.0124608
      3.91022      1.62217    0.0126980
      3.91163      1.59257    0.0125420
      3.91304      1.60373    0.0125625
      3.91445      1.63035    0.0127046
      3.91585      1.62137    0.0125618
      3.91726      1.60227    0.0125675
      3.91867      1.59745    0.0120365
      3.92008      1.60717    0.0133907
      3.92148      1.62547    0.0121579
      3.92289      1.62515    0.0119171
      3.92430      1.62367    0.0132690
      3.92570      1.62680    0.0117239
      3.92711      1.61653    0.0116054
      3.92852      1.58311    0.0117277
      3.92992      1.59253    0.0113439
      3.93132      1.62766    0.0115207
      3.93273      1.62811    0.0126042
      3.93413      1.64680    0.0116674
      3.93554      1.64642    0.0112321
      3.93694      1.63776    0.0113150
      3.93834      1.63309    0.0120453
      3.93975      1.63595    0.0123830
      3.94115      1.64864    0.0114647
      3.94255      1.62601    0.0116457
      3.94395      1.60277    0.0111413
      3.94535      1.61196    0.0112941
      3.94675      1.63088    0.0119884
      3.94815      1.63782    0.0121527
      3.94955      1.64542    0.0112418
      3.95095      1.63632    0.0114514
      3.95235      1.63124    0.0126297
      3.95375      1.63668    0.0120674
      3.95515      1.63278    0.0111638
      3.95654      1.62290    0.0118695
      3.95794      1.63122    0.0121333
      3.95934      1.63703    0.0119332
      3.96073      1.63354    0.0115847
      3.96213      1.64054    0.0122580
      3.96352      1.64204    0.0103460
      3.96492      1.64637    0.0124891
      3.96631      1.67448    0.0125968
      3.96771      1.69337    0.0121996
      3.96910      1.65340    0.0120958
      3.97050      1.63054    0.0121503
      3.97189      1.65664    0.0129521
      3.97328      1.66383    0.0117097
      3.97467      1.66436    0.0108427
      3.97606      1.65981    0.0121157
      3.97745      1.64644    0.0118833
      3.97885      1.66439    0.0112115
      3.98024      1.66276    0.0115699
      3.98162      1.64974    0.0119177
      3.98301      1.67188    0.0119627
      3.98440      1.68136    0.0126180
      3.98579      1.67395    0.0118772
      3.98718      1.67202    0.0116968
      3.98856      1.67030    0.0108123
      3.98995      1.67212    0.0123939
      3.99134      1.65773    0.0114798
      3.99272      1.64557    0.0121864
      3.99411      1.64998    0.0112509
      3.99549      1.65998    0.0113633
      3.99688      1.66242    0.0112891
      3.99826      1.62986    0.0124017
      3.99964      1.63550    0.0123950
      4.00103      1.68292    0.0112089
      4.00241      1.69095    0.0122212
      4.00379      1.68371    0.0117534
      4.00517      1.68615    0.0117614
      4.00655      1.68806    0.0115204
      4.00793      1.69772    0.0119055
      4.00931      1.69918    0.0123403
      4.01069      1.69866    0.0123858
      4.01207      1.70282    0.0119363
      4.01344      1.71718    0.0118503
      4.01482      1.72531    0.0120910
      4.01620      1.71600    0.0118217
      4.01757      1.71115    0.0120378
      4.01895      1.71810    0.0115099
      4.02032      1.72225    0.0132296
      4.02170      1.71801    0.0130436
      4.02307      1.71325    0.0129150
      4.02444      1.71031    0.0127067
      4.02582      1.72496    0.0119576
      4.02719      1.73549    0.0122386
      4.02856      1.73744    0.0123215
      4.02993      1.74803    0.0125814
      4.03130      1.75234    0.0126243
      4.03267      1.73254    0.0122140
      4.03404      1.73284    0.0126076
      4.03541      1.73798    0.0126180
      4.03678      1.73239    0.0122159
      4.03814      1.74161    0.0134730
      4.03951      1.74680    0.0139473
      4.04087      1.77903    0.0132800
      4.04224      1.81639    0.0136360
      4.04360      1.82914    0.0136866
      4.04497      1.81739    0.0129196
      4.04633      1.80426    0.0130955
      4.04769      1.80518    0.0136695
      4.04906      1.81630    0.0127528
      4.05042      1.81158    0.0129482
      4.05178      1.80120    0.0142174
      4.05314      1.85598    0.0146916
      4.05450      1.95318    0.0136731
      4.05586      1.99784    0.0130360
      4.05722      1.96434    0.0132670
      4.05857      1.91994    0.0143374
      4.05993      1.87502    0.0142630
      4.06129      1.80233    0.0131374
      4.06264      1.76848    0.0133726
      4.06400      1.78693    0.0132391
      4.06535      1.79992    0.0123723
      4.06670      1.79604    0.0125948
      4.06806      1.76870    0.0138496
      4.06941      1.75830    0.0130812
      4.07076      1.74507    0.0141775
      4.07211      1.71618    0.0135373
      4.07346      1.70974    0.0131438
      4.07481      1.72182    0.0129979
      4.07616      1.75426    0.0140713
      4.07750      1.76049    0.0140392
      4.07885      1.75913    0.0140256
      4.08020      1.76705    0.0132477
      4.08154      1.75576    0.0145868
      4.08289      1.75723    0.0156237
      4.08423      1.74750    0.0132898
      4.08558      1.73301    0.0146285
      4.08692      1.75256    0.0125771
      4.08826      1.78106    0.0151075
      4.08960      1.79128    0.0141318
      4.09094      1.77299    0.0135977
      4.09228      1.78415    0.0144298
      4.09362      1.79753    0.0148621
      4.09496      1.78336    0.0144073
      4.09629      1.79517    0.0140078
      4.09763      1.79563    0.0154090
      4.09897      1.78402    0.0140108
      4.10030      1.79010    0.0138776
      4.10164      1.81062    0.0152315
      4.10297      1.81320    0.0144674
      4.10430      1.79150    0.0150217
      4.10563      1.79710    0.0146091
      4.10696      1.81424    0.0151768
      4.10829      1.79689    0.0151887
      4.10962      1.77462    0.0145685
      4.11095      1.77628    0.0148284
      4.11228      1.81006    0.0158834
      4.11361      1.82718    0.0159361
      4.11493      1.80741    0.0153748
      4.11626      1.79767    0.0153683
      4.11758      1.83633    0.0144989
      4.11890      1.85080    0.0161686
      4.12023      1.86272    0.0159588
      4.12155      1.85493    0.0145386
      4.12287      1.82058    0.0155888
      4.12419      1.84350    0.0154867
      4.12551      1.86317    0.0154964
      4.12683      1.86937    0.0163674
      4.12814      1.86698    0.0155867
      4.12946      1.85948    0.0169100
      4.13078      1.84282    0.0148291
      4.13209      1.84008    0.0153978
      4.13341      1.83611    0.0156084
      4.13472      1.83959    0.0163329
      4.13603      1.85222    0.0164255
      4.13734      1.88078    0.0147654
      4.13865      1.90637    0.0147810
      4.13996      1.86621    0.0162732
      4.14127      1.81528    0.0166909
      4.14258      1.81729    0.0162154
      4.14388      1.85490    0.0164526
      4.14519      1.89060    0.0171882
      4.14650      1.90025    0.0158691
      4.14780      1.91354    0.0169580
      4.14910      1.89447    0.0174244
      4.15040      1.88187    0.0162868
      4.15171      1.90138    0.0173959
      4.15301      1.88883    0.0165382
      4.15430      1.85952    0.0172082
      4.15560      1.86626    0.0168853
      4.15690      1.87880    0.0198852
      4.15820      1.85580    0.0175167
      4.15949      1.85711    0.0169091
      4.16079      1.88268    0.0186133
      4.16208      1.90877    0.0192296
      4.16337      1.92049    0.0189852
      4.16466      1.91829    0.0201963
      4.16595      1.90369    0.0214508
      4.16724      1.94697    0.0228775
      4.16853      1.98228    0.0235151
      4.16982      1.92529    0.0229825
      4.17110      1.92633    0.0227341
      4.17239      1.95070    0.0246609
      4.17367      1.91719    0.0243790
      4.17496      1.90864    0.0264341
      4.17624      1.93631    0.0284614
      4.17752      1.96682    0.0296548
      4.17880      1.92350    0.0326223
      4.18008      1.87362    0.0395497
      4.18136      1.85971    0.0450833
      4.18264      1.83771    0.0511200
      4.18391      1.83381    0.0877640
      4.18519      1.85369     0.121149
      4.18646      1.93664     0.200598
      4.18773      2.29810     0.465604
      4.18901      3.34146     0.796630
      4.19028      4.33481      2.83298
      4.19155     0.344965      2.41048
      4.19281    -0.515517      53.2569
      4.19408     -7.73466      7.79953
      4.19535     -10.2879      106.078
      4.19661      2.31067      4.06072
      4.19788      4.46332      7.81573
      4.19914     0.950355      3.94137
      4.20040    -0.677050      6.37655
      4.20166     -70.6773      2.57281
      4.20292     -67.1167      8.43070
      4.20418      5.77571      23.2492
      4.20544     -3.04846      5.18498
      4.20670     -9.18423      5.24698
      4.20795      268.167      12.0059
      4.20921      296.370      40.9367
      4.21046      8.85678      10.8675
      4.21171   -0.0203062      10.0279
      4.21296     -19.8507      8.80477
      4.21421     -21.4648      7.74525
      4.21546    -0.725964      11.4541
      4.21670     -9.75784      43678.0
      4.21795     -8.39193      17.2917
      4.21920    -0.767075      3.12553
      4.22044     -49.4790      10.1514
      4.22168      142.538      24.2615
      4.22292      209.035      24.3013
      4.22416      61.0456      18.4155
      4.22540      103.747      14.3395
      4.22664      56.0531      16.2741
      4.22788     -36.4978      7.41109
      4.22911      16.2779      8.49758
      4.23034      16.6213      67.1284
      4.23158     -86.6040      90.8524
      4.23281     -17.5424      1034.69
      4.23404      25.5949      49.8856
      4.23527      7.57194      15.1447
      4.23650      109.357      15.6345
      4.23772      104.293      18.8120
      4.23895      1.54402      28.7516
      4.24017     -14.8334      434.237
      4.24139      3.18672      22.8783
      4.24261      43.3431  1.73978e+07
      4.24383     -5.46055      24.9214
      4.24505      0.00000      9.12097
