SOURCE  = IRS 51/WLY 2-51               / Source name
STANDARD= BS6084                        / Standard name
OBSDATE = 03-09-2001                    / Date of observation
SPOS    = 16:27:39.8  -24:43:49.3       / Source position RA,DEC,J2000
STPOS   = 16:21:11.2  -25:35:53.5       / Standard position RA,DEC,J2000
STSPT   = B1III                         / Standard spectral type
STTEFF  = 24200                         / Standard effective temperature [K]
STMAG   = 2.41                          / Standard magnitude (adopted)
WAVEZP  = 3.45                          / Wavelength zero point [micron]
FLUXZP  = 290                           / Flux zero point [Jy]
SAIRM   = 1.093                         / Source mean airmass
STAIRM  = 1.203                         / Standard mean airmass
AIRMCORR= 1.06                          / Optimal (adopted) airmass correction
SPECRES = ~1200                         / Spectral resolution

Created by K. M. Pontoppidan             Sat May 10 21:38:03 2003

Wavelength [micron] Flux [Jy] Statistical Error [Jy]

      2.80520      0.00000     0.328430
      2.80652     0.315328     0.781348
      2.80785      1.58826      1.75630
      2.80918      2.34046      1.11022
      2.81051    0.0292656     0.368331
      2.81184    -0.468632     0.148547
      2.81316     0.293287    0.0670746
      2.81449     0.186780    0.0421512
      2.81583   -0.0557132    0.0336947
      2.81716     0.237169    0.0377050
      2.81849     0.279964    0.0554321
      2.81982    0.0745054    0.0684606
      2.82115     0.248209    0.0742309
      2.82249     0.301557    0.0722035
      2.82382     0.382414    0.0472771
      2.82515     0.466565    0.0236700
      2.82649     0.474658    0.0140553
      2.82782     0.455046    0.0108943
      2.82916     0.438592   0.00934590
      2.83050     0.426285   0.00843150
      2.83183     0.437718   0.00780256
      2.83317     0.455192   0.00739590
      2.83451     0.410956   0.00897130
      2.83585     0.343121    0.0134008
      2.83719     0.351751    0.0259344
      2.83853     0.400456    0.0385284
      2.83987     0.407616    0.0303850
      2.84121     0.422360    0.0172141
      2.84255     0.417865    0.0114822
      2.84389     0.392777   0.00831120
      2.84523     0.379079   0.00671664
      2.84657     0.389767   0.00596163
      2.84791     0.382039   0.00617647
      2.84926     0.346395   0.00786809
      2.85060     0.291920    0.0102495
      2.85195     0.336302    0.0102125
      2.85329     0.394449   0.00937151
      2.85464     0.388679    0.0102931
      2.85598     0.365466    0.0135612
      2.85733     0.347121    0.0128700
      2.85868     0.355732   0.00892265
      2.86002     0.364583   0.00758714
      2.86137     0.338360   0.00679822
      2.86272     0.316070   0.00614261
      2.86407     0.326419   0.00534077
      2.86542     0.331308   0.00497044
      2.86676     0.327492   0.00502284
      2.86811     0.320453   0.00548391
      2.86947     0.314090   0.00594357
      2.87082     0.320232   0.00619003
      2.87217     0.314853   0.00657054
      2.87352     0.296558   0.00644490
      2.87487     0.291836   0.00568299
      2.87622     0.301898   0.00468253
      2.87758     0.300804   0.00430512
      2.87893     0.284587   0.00422812
      2.88028     0.272802   0.00433668
      2.88164     0.275646   0.00436737
      2.88299     0.274359   0.00425568
      2.88435     0.270693   0.00428149
      2.88570     0.266237   0.00445585
      2.88706     0.266955   0.00453689
      2.88842     0.262859   0.00477704
      2.88978     0.251113   0.00495097
      2.89113     0.251162   0.00485169
      2.89249     0.255822   0.00431942
      2.89385     0.251056   0.00397277
      2.89521     0.245816   0.00365486
      2.89657     0.248170   0.00351413
      2.89793     0.246077   0.00348158
      2.89929     0.237159   0.00357528
      2.90065     0.223373   0.00419861
      2.90201     0.210225   0.00515278
      2.90337     0.223496   0.00562428
      2.90473     0.235167   0.00525732
      2.90609     0.226502   0.00489873
      2.90746     0.221234   0.00463289
      2.90882     0.219463   0.00407951
      2.91018     0.218386   0.00384025
      2.91155     0.218603   0.00351555
      2.91291     0.212592   0.00345713
      2.91427     0.203323   0.00354348
      2.91564     0.198552   0.00374984
      2.91700     0.199897   0.00360981
      2.91837     0.202836   0.00351574
      2.91974     0.198381   0.00343703
      2.92110     0.192986   0.00367629
      2.92247     0.184607   0.00432814
      2.92384     0.176408   0.00500760
      2.92520     0.179733   0.00476589
      2.92657     0.186020   0.00399932
      2.92794     0.187399   0.00337001
      2.92931     0.183927   0.00311511
      2.93068     0.177923   0.00312560
      2.93205     0.170865   0.00309184
      2.93342     0.169349   0.00303669
      2.93479     0.170887   0.00304241
      2.93616     0.173732   0.00310948
      2.93753     0.174783   0.00327113
      2.93890     0.170592   0.00342923
      2.94027     0.167530   0.00354920
      2.94165     0.171205   0.00351470
      2.94302     0.173054   0.00357734
      2.94439     0.165969   0.00370884
      2.94576     0.162378   0.00364727
      2.94714     0.161721   0.00361299
      2.94851     0.157171   0.00357337
      2.94989     0.160386   0.00341311
      2.95126     0.163752   0.00322906
      2.95264     0.161465   0.00330131
      2.95401     0.154948   0.00362823
      2.95539     0.150482   0.00369177
      2.95676     0.153069   0.00346810
      2.95814     0.154549   0.00317866
      2.95952     0.152574   0.00313926
      2.96089     0.148687   0.00304761
      2.96227     0.148079   0.00303202
      2.96365     0.150212   0.00295766
      2.96503     0.154181   0.00307566
      2.96640     0.153880   0.00311364
      2.96778     0.151977   0.00345777
      2.96916     0.144103   0.00398206
      2.97054     0.145332   0.00458970
      2.97192     0.146494   0.00484718
      2.97330     0.152700   0.00468077
      2.97468     0.153679   0.00425966
      2.97606     0.150036   0.00406682
      2.97744     0.149974   0.00372817
      2.97882     0.148625   0.00375571
      2.98021     0.146106   0.00357383
      2.98159     0.145356   0.00340140
      2.98297     0.146506   0.00313589
      2.98435     0.148357   0.00300863
      2.98574     0.148262   0.00289036
      2.98712     0.145070   0.00277710
      2.98850     0.144412   0.00273558
      2.98989     0.145655   0.00272687
      2.99127     0.144742   0.00279072
      2.99266     0.144476   0.00288290
      2.99404     0.146165   0.00301483
      2.99543     0.145273   0.00309126
      2.99681     0.142535   0.00310502
      2.99820     0.137717   0.00315763
      2.99958     0.139813   0.00301744
      3.00097     0.145629   0.00291813
      3.00236     0.147028   0.00284260
      3.00374     0.145857   0.00294292
      3.00513     0.144729   0.00320452
      3.00652     0.140656   0.00332656
      3.00791     0.139703   0.00319463
      3.00929     0.141588   0.00303114
      3.01068     0.143157   0.00284804
      3.01207     0.143647   0.00278831
      3.01346     0.142660   0.00277792
      3.01485     0.143660   0.00290495
      3.01624     0.144525   0.00298897
      3.01763     0.145048   0.00314956
      3.01902     0.144506   0.00342905
      3.02041     0.143766   0.00350208
      3.02180     0.141021   0.00349237
      3.02319     0.141089   0.00323569
      3.02458     0.142174   0.00288117
      3.02597     0.142395   0.00279223
      3.02736     0.140645   0.00278194
      3.02876     0.142276   0.00280970
      3.03015     0.138999   0.00292809
      3.03154     0.138832   0.00310610
      3.03293     0.141765   0.00329016
      3.03433     0.145482   0.00338658
      3.03572     0.147585   0.00354292
      3.03711     0.150025   0.00367288
      3.03851     0.149618   0.00365866
      3.03990     0.150746   0.00343033
      3.04129     0.148425   0.00316411
      3.04269     0.146552   0.00303261
      3.04408     0.147936   0.00301004
      3.04548     0.143963   0.00305596
      3.04687     0.144741   0.00317848
      3.04827     0.148942   0.00334519
      3.04967     0.146090   0.00345315
      3.05106     0.146870   0.00367569
      3.05246     0.143052   0.00395152
      3.05385     0.140034   0.00405189
      3.05525     0.141100   0.00372012
      3.05665     0.143252   0.00330475
      3.05804     0.144540   0.00296975
      3.05944     0.146343   0.00280949
      3.06084     0.143297   0.00287364
      3.06224     0.139757   0.00296837
      3.06364     0.141186   0.00298853
      3.06503     0.146836   0.00296273
      3.06643     0.146406   0.00299158
      3.06783     0.145000   0.00308535
      3.06923     0.147335   0.00320838
      3.07063     0.145404   0.00331776
      3.07203     0.141899   0.00312416
      3.07343     0.143105   0.00298882
      3.07483     0.145527   0.00278182
      3.07623     0.147161   0.00269427
      3.07763     0.146616   0.00268281
      3.07903     0.145805   0.00285601
      3.08043     0.145365   0.00309663
      3.08183     0.144928   0.00332160
      3.08323     0.148154   0.00326968
      3.08463     0.152217   0.00312625
      3.08604     0.150486   0.00301363
      3.08744     0.148110   0.00301330
      3.08884     0.151710   0.00299580
      3.09024     0.153596   0.00304400
      3.09164     0.152554   0.00310930
      3.09305     0.148206   0.00328231
      3.09445     0.150491   0.00331688
      3.09585     0.154920   0.00336229
      3.09726     0.154071   0.00321336
      3.09866     0.155210   0.00309056
      3.10006     0.158809   0.00286172
      3.10147     0.162264   0.00290561
      3.10287     0.163321   0.00299062
      3.10428     0.158208   0.00331361
      3.10568     0.156018   0.00346889
      3.10708     0.161675   0.00343166
      3.10849     0.166052   0.00324898
      3.10989     0.163355   0.00333628
      3.11130     0.160395   0.00325784
      3.11270     0.164728   0.00311750
      3.11411     0.165186   0.00290537
      3.11552     0.160962   0.00299468
      3.11692     0.164353   0.00271211
      3.11833     0.171527   0.00251587
      3.11973     0.175455   0.00242700
      3.12114     0.173332   0.00239814
      3.12255     0.174933   0.00253216
      3.12395     0.176932   0.00283855
      3.12536     0.176463   0.00302968
      3.12677     0.172763   0.00341214
      3.12818     0.172393   0.00320293
      3.12958     0.179237   0.00285128
      3.13099     0.182886   0.00248583
      3.13240     0.180802   0.00240895
      3.13381     0.180659   0.00236025
      3.13521     0.184260   0.00238809
      3.13662     0.185620   0.00247109
      3.13803     0.185117   0.00269834
      3.13944     0.183748   0.00285645
      3.14085     0.186391   0.00277592
      3.14226     0.194920   0.00263427
      3.14367     0.195754   0.00267627
      3.14508     0.192985   0.00276683
      3.14649     0.191370   0.00300139
      3.14790     0.195571   0.00276053
      3.14931     0.199439   0.00261611
      3.15072     0.203292   0.00243812
      3.15213     0.205105   0.00240646
      3.15354     0.207845   0.00240749
      3.15495     0.206817   0.00257874
      3.15636     0.206223   0.00254504
      3.15777     0.209668   0.00256953
      3.15918     0.211909   0.00240917
      3.16059     0.211050   0.00236576
      3.16200     0.213581   0.00224901
      3.16341     0.218641   0.00229243
      3.16482     0.220085   0.00226057
      3.16623     0.221113   0.00238319
      3.16765     0.224364   0.00231946
      3.16906     0.229774   0.00240959
      3.17047     0.229054   0.00235272
      3.17188     0.229371   0.00243687
      3.17329     0.227268   0.00246500
      3.17471     0.227211   0.00250959
      3.17612     0.230864   0.00233346
      3.17753     0.237016   0.00242513
      3.17894     0.241731   0.00233443
      3.18036     0.241916   0.00242776
      3.18177     0.241258   0.00249223
      3.18318     0.242405   0.00262844
      3.18460     0.243311   0.00251668
      3.18601     0.245185   0.00250760
      3.18742     0.251230   0.00237363
      3.18884     0.255214   0.00262643
      3.19025     0.250425   0.00273813
      3.19166     0.245299   0.00317574
      3.19308     0.252605   0.00310865
      3.19449     0.269397   0.00299240
      3.19591     0.274117   0.00281841
      3.19732     0.265124   0.00309642
      3.19873     0.267960   0.00349390
      3.20015     0.281316   0.00383236
      3.20156     0.281164   0.00349842
      3.20298     0.276969   0.00374419
      3.20439     0.290834   0.00366446
      3.20581     0.295101   0.00377961
      3.20722     0.285790   0.00395127
      3.20864     0.285445   0.00441663
      3.21005     0.286873   0.00442791
      3.21147     0.290804   0.00463715
      3.21288     0.290402   0.00406016
      3.21430     0.292996   0.00368490
      3.21572     0.291630   0.00329357
      3.21713     0.291763   0.00337023
      3.21855     0.299857   0.00319330
      3.21996     0.304911   0.00336666
      3.22138     0.300197   0.00363441
      3.22280     0.295649   0.00438202
      3.22421     0.298108   0.00453011
      3.22563     0.300473   0.00452336
      3.22705     0.312168   0.00380365
      3.22846     0.321228   0.00392966
      3.22988     0.308766   0.00380389
      3.23130     0.297622   0.00400504
      3.23271     0.309126   0.00322899
      3.23413     0.319549   0.00273087
      3.23555     0.317707   0.00243391
      3.23696     0.314021   0.00251803
      3.23838     0.311018   0.00265827
      3.23980     0.306489   0.00290140
      3.24122     0.309413   0.00306715
      3.24263     0.328990   0.00314568
      3.24405     0.335414   0.00323480
      3.24547     0.326232   0.00355363
      3.24689     0.324497   0.00380280
      3.24830     0.329263   0.00390091
      3.24972     0.326265   0.00358820
      3.25114     0.331012   0.00307346
      3.25256     0.340172   0.00252468
      3.25398     0.345553   0.00240710
      3.25539     0.340776   0.00228309
      3.25681     0.335885   0.00235740
      3.25823     0.337396   0.00257905
      3.25965     0.333152   0.00301203
      3.26107     0.326655   0.00349553
      3.26249     0.338226   0.00376820
      3.26390     0.349894   0.00319449
      3.26532     0.357408   0.00281930
      3.26674     0.361382   0.00266940
      3.26816     0.357141   0.00289780
      3.26958     0.354763   0.00319903
      3.27100     0.347774   0.00357869
      3.27242     0.343647   0.00335762
      3.27384     0.358954   0.00283842
      3.27526     0.370194   0.00245916
      3.27668     0.372200   0.00242731
      3.27809     0.370610   0.00248475
      3.27951     0.357386   0.00273583
      3.28093     0.349583   0.00276615
      3.28235     0.366010   0.00254716
      3.28377     0.378338   0.00230871
      3.28519     0.376932   0.00219040
      3.28661     0.375853   0.00218891
      3.28803     0.380926   0.00221539
      3.28945     0.389283   0.00227217
      3.29087     0.386810   0.00242994
      3.29229     0.386575   0.00247064
      3.29371     0.396001   0.00277621
      3.29513     0.399475   0.00300585
      3.29655     0.426775   0.00340286
      3.29797     0.442373   0.00347911
      3.29939     0.418360   0.00372889
      3.30081     0.416603   0.00349962
      3.30223     0.428899   0.00293029
      3.30365     0.422254   0.00260325
      3.30507     0.407376   0.00263050
      3.30649     0.401711   0.00266156
      3.30791     0.411655   0.00265735
      3.30933     0.412155   0.00269906
      3.31075     0.415463   0.00300818
      3.31217     0.431383   0.00347924
      3.31359     0.391568   0.00492514
      3.31502     0.350987   0.00908273
      3.31644     0.413286    0.0171186
      3.31786     0.480198    0.0140932
      3.31928     0.492149   0.00893073
      3.32070     0.471067   0.00604984
      3.32212     0.451402   0.00466947
      3.32354     0.437802   0.00377591
      3.32496     0.436306   0.00313541
      3.32638     0.438247   0.00279015
      3.32780     0.430089   0.00281788
      3.32922     0.419827   0.00273469
      3.33064     0.420579   0.00254142
      3.33207     0.431596   0.00225792
      3.33349     0.428969   0.00223281
      3.33491     0.416153   0.00222419
      3.33633     0.417955   0.00227620
      3.33775     0.431794   0.00231024
      3.33917     0.427303   0.00243910
      3.34059     0.420877   0.00246024
      3.34201     0.426780   0.00260845
      3.34343     0.441849   0.00248434
      3.34486     0.452767   0.00259094
      3.34628     0.441658   0.00272322
      3.34770     0.431524   0.00281679
      3.34912     0.445025   0.00249401
      3.35054     0.449577   0.00229749
      3.35196     0.441431   0.00221270
      3.35338     0.443900   0.00235182
      3.35481     0.449019   0.00242147
      3.35623     0.444650   0.00274629
      3.35765     0.438361   0.00288433
      3.35907     0.438450   0.00283779
      3.36049     0.464296   0.00251120
      3.36191     0.466380   0.00243761
      3.36333     0.453754   0.00240565
      3.36476     0.454836   0.00245306
      3.36618     0.466829   0.00233543
      3.36760     0.470925   0.00242326
      3.36902     0.453600   0.00260054
      3.37044     0.448768   0.00269945
      3.37186     0.459484   0.00244341
      3.37329     0.460678   0.00243802
      3.37471     0.458316   0.00221487
      3.37613     0.469812   0.00230327
      3.37755     0.471547   0.00231660
      3.37897     0.471286   0.00253815
      3.38039     0.464422   0.00260688
      3.38182     0.452889   0.00275213
      3.38324     0.466183   0.00260484
      3.38466     0.477358   0.00250872
      3.38608     0.473694   0.00231307
      3.38750     0.465817   0.00230560
      3.38892     0.475922   0.00223270
      3.39035     0.481140   0.00235302
      3.39177     0.472905   0.00247228
      3.39319     0.451888   0.00271664
      3.39461     0.458864   0.00233892
      3.39603     0.471978   0.00229963
      3.39745     0.472315   0.00217538
      3.39888     0.472915   0.00216535
      3.40030     0.475156   0.00206504
      3.40172     0.481643   0.00222665
      3.40314     0.480794   0.00237815
      3.40456     0.470417   0.00278611
      3.40599     0.472219   0.00281050
      3.40741     0.491175   0.00263202
      3.40883     0.495882   0.00251731
      3.41025     0.488533   0.00243298
      3.41167     0.489004   0.00229229
      3.41309     0.495807   0.00232051
      3.41452     0.493207   0.00228679
      3.41594     0.482127   0.00251639
      3.41736     0.471103   0.00246216
      3.41878     0.485532   0.00248504
      3.42020     0.501856   0.00225198
      3.42162     0.499611   0.00217589
      3.42305     0.493836   0.00211480
      3.42447     0.494821   0.00224970
      3.42589     0.500385   0.00224751
      3.42731     0.499488   0.00241281
      3.42873     0.480736   0.00247510
      3.43015     0.480938   0.00263744
      3.43158     0.513898   0.00234179
      3.43300     0.525731   0.00224693
      3.43442     0.502905   0.00208189
      3.43584     0.497794   0.00213306
      3.43726     0.504220   0.00212831
      3.43868     0.508280   0.00218346
      3.44010     0.507052   0.00227767
      3.44153     0.490173   0.00233816
      3.44295     0.493035   0.00227692
      3.44437     0.511480   0.00224920
      3.44579     0.515524   0.00207920
      3.44721     0.507567   0.00216605
      3.44863     0.503833   0.00207479
      3.45006     0.507803   0.00214159
      3.45148     0.511557   0.00217452
      3.45290     0.507553   0.00227773
      3.45432     0.501864   0.00232820
      3.45574     0.506316   0.00234036
      3.45716     0.514257   0.00217083
      3.45858     0.518534   0.00210794
      3.46000     0.519972   0.00201923
      3.46143     0.522232   0.00206604
      3.46285     0.521692   0.00204147
      3.46427     0.523443   0.00208288
      3.46569     0.521050   0.00221281
      3.46711     0.516110   0.00213533
      3.46853     0.519031   0.00214864
      3.46995     0.527286   0.00215196
      3.47137     0.531639   0.00210331
      3.47280     0.532388   0.00210136
      3.47422     0.530756   0.00205876
      3.47564     0.531180   0.00206505
      3.47706     0.534506   0.00205414
      3.47848     0.534978   0.00213738
      3.47990     0.535492   0.00218203
      3.48132     0.540126   0.00210375
      3.48274     0.542614   0.00203616
      3.48416     0.542964   0.00201664
      3.48558     0.543527   0.00201050
      3.48700     0.545311   0.00207309
      3.48843     0.534384   0.00204554
      3.48985     0.535800   0.00201501
      3.49127     0.545678   0.00206617
      3.49269     0.548689   0.00206831
      3.49411     0.552294   0.00206375
      3.49553     0.554157   0.00201745
      3.49695     0.559485   0.00202878
      3.49837     0.559458   0.00193082
      3.49979     0.552852   0.00194228
      3.50121     0.553568   0.00206517
      3.50263     0.565633   0.00209272
      3.50405     0.572688   0.00206372
      3.50547     0.568641   0.00205526
      3.50689     0.566075   0.00196331
      3.50831     0.570655   0.00196770
      3.50973     0.575131   0.00199867
      3.51115     0.572313   0.00192697
      3.51257     0.572145   0.00198608
      3.51399     0.571375   0.00197289
      3.51542     0.577348   0.00199297
      3.51684     0.583305   0.00198635
      3.51826     0.585022   0.00196285
      3.51968     0.587301   0.00204217
      3.52110     0.582059   0.00194128
      3.52252     0.577886   0.00191394
      3.52394     0.577094   0.00190732
      3.52536     0.577858   0.00195393
      3.52678     0.573911   0.00194826
      3.52820     0.578947   0.00203063
      3.52962     0.586281   0.00201104
      3.53104     0.591190   0.00200177
      3.53245     0.590180   0.00195907
      3.53387     0.587457   0.00202410
      3.53529     0.585078   0.00201592
      3.53671     0.584668   0.00203399
      3.53813     0.589022   0.00203547
      3.53955     0.588196   0.00202164
      3.54097     0.589009   0.00204729
      3.54239     0.597473   0.00211356
      3.54381     0.603203   0.00205844
      3.54523     0.604289   0.00200822
      3.54665     0.604753   0.00207220
      3.54807     0.603465   0.00200927
      3.54949     0.596151   0.00202306
      3.55091     0.592515   0.00205709
      3.55233     0.599751   0.00191438
      3.55375     0.606991   0.00198107
      3.55517     0.608096   0.00199456
      3.55659     0.625416   0.00203425
      3.55800     0.629812   0.00192481
      3.55942     0.618380   0.00203187
      3.56084     0.610260   0.00202462
      3.56226     0.614530   0.00199299
      3.56368     0.617398   0.00192834
      3.56510     0.610718   0.00201210
      3.56652     0.616108   0.00196769
      3.56794     0.625551   0.00206937
      3.56936     0.626922   0.00204906
      3.57077     0.630055   0.00206274
      3.57219     0.633292   0.00198668
      3.57361     0.630857   0.00206088
      3.57503     0.633059   0.00210625
      3.57645     0.636721   0.00203229
      3.57787     0.644750   0.00194777
      3.57928     0.648999   0.00206306
      3.58070     0.654351   0.00207262
      3.58212     0.648419   0.00206830
      3.58354     0.641072   0.00199910
      3.58496     0.651720   0.00208804
      3.58638     0.657587   0.00209055
      3.58779     0.650505   0.00206220
      3.58921     0.646721   0.00207251
      3.59063     0.651273   0.00200384
      3.59205     0.654469   0.00197886
      3.59347     0.654491   0.00201995
      3.59488     0.661191   0.00202546
      3.59630     0.670358   0.00198139
      3.59772     0.668142   0.00197294
      3.59914     0.662008   0.00201806
      3.60056     0.649241   0.00202367
      3.60197     0.643589   0.00199419
      3.60339     0.661860   0.00198898
      3.60481     0.678576   0.00200732
      3.60623     0.672910   0.00205201
      3.60764     0.651504   0.00205720
      3.60906     0.655286   0.00208055
      3.61048     0.667654   0.00199080
      3.61190     0.674235   0.00199498
      3.61331     0.671063   0.00192692
      3.61473     0.673659   0.00198086
      3.61615     0.690747   0.00193940
      3.61756     0.701276   0.00198611
      3.61898     0.687809   0.00204122
      3.62040     0.678177   0.00199201
      3.62182     0.670449   0.00200830
      3.62323     0.675294   0.00194816
      3.62465     0.680494   0.00200975
      3.62607     0.685314   0.00199786
      3.62748     0.685773   0.00200938
      3.62890     0.683688   0.00199232
      3.63032     0.692539   0.00203148
      3.63173     0.682837   0.00194017
      3.63315     0.683493   0.00198298
      3.63457     0.691810   0.00195445
      3.63598     0.693477   0.00195067
      3.63740     0.691954   0.00190192
      3.63882     0.692157   0.00193207
      3.64023     0.695013   0.00194854
      3.64165     0.696370   0.00190774
      3.64307     0.699342   0.00189996
      3.64448     0.705091   0.00194900
      3.64590     0.703941   0.00199558
      3.64732     0.692364   0.00204510
      3.64873     0.691235   0.00199766
      3.65015     0.701788   0.00201171
      3.65156     0.714088   0.00197641
      3.65298     0.718441   0.00192976
      3.65440     0.708099   0.00196308
      3.65581     0.693822   0.00196898
      3.65723     0.706928   0.00194550
      3.65864     0.708208   0.00190386
      3.66006     0.716469   0.00189976
      3.66147     0.719902   0.00191288
      3.66289     0.717926   0.00192201
      3.66431     0.714512   0.00200154
      3.66572     0.722679   0.00203683
      3.66714     0.724870   0.00195608
      3.66855     0.717119   0.00203325
      3.66997     0.714841   0.00208784
      3.67138     0.723854   0.00209901
      3.67280     0.720589   0.00202310
      3.67421     0.717039   0.00199775
      3.67563     0.712260   0.00207105
      3.67704     0.716979   0.00201169
      3.67846     0.722298   0.00200910
      3.67987     0.731290   0.00195225
      3.68129     0.730354   0.00198797
      3.68271     0.752682   0.00207315
      3.68412     0.752184   0.00191360
      3.68554     0.741553   0.00204407
      3.68695     0.735405   0.00205882
      3.68836     0.729171   0.00204189
      3.68978     0.728508   0.00202627
      3.69119     0.735192   0.00199150
      3.69261     0.745122   0.00194250
      3.69402     0.751192   0.00199120
      3.69544     0.760696   0.00196515
      3.69685     0.750070   0.00199996
      3.69827     0.740165   0.00202192
      3.69968     0.736569   0.00205879
      3.70110     0.740510   0.00197193
      3.70251     0.749992   0.00194804
      3.70393     0.760811   0.00198159
      3.70534     0.759598   0.00194927
      3.70675     0.756802   0.00199641
      3.70817     0.757500   0.00207775
      3.70958     0.749788   0.00196534
      3.71100     0.747437   0.00201621
      3.71241     0.755882   0.00200203
      3.71383     0.760634   0.00201365
      3.71524     0.761649   0.00205820
      3.71665     0.764607   0.00204525
      3.71807     0.763222   0.00193752
      3.71948     0.762177   0.00196309
      3.72090     0.768171   0.00196858
      3.72231     0.772772   0.00198059
      3.72372     0.768797   0.00201658
      3.72514     0.761808   0.00197140
      3.72655     0.763212   0.00199572
      3.72796     0.773520   0.00202059
      3.72938     0.778024   0.00200501
      3.73079     0.774366   0.00196252
      3.73220     0.776367   0.00200151
      3.73362     0.783555   0.00197751
      3.73503     0.780801   0.00199866
      3.73645     0.786554   0.00202898
      3.73786     0.804932   0.00200348
      3.73927     0.826789   0.00201702
      3.74069     0.846328   0.00204145
      3.74210     0.854325   0.00210770
      3.74351     0.837136   0.00199124
      3.74493     0.805280   0.00205462
      3.74634     0.799111   0.00203119
      3.74775     0.807727   0.00203317
      3.74916     0.793843   0.00199949
      3.75058     0.782400   0.00189961
      3.75199     0.781410   0.00202664
      3.75340     0.782814   0.00197960
      3.75482     0.781505   0.00196541
      3.75623     0.779703   0.00192528
      3.75764     0.783372   0.00190979
      3.75906     0.780427   0.00198638
      3.76047     0.768536   0.00199394
      3.76188     0.770971   0.00203012
      3.76329     0.777641   0.00195980
      3.76471     0.785254   0.00203304
      3.76612     0.784249   0.00200512
      3.76753     0.786493   0.00198406
      3.76894     0.795397   0.00201644
      3.77036     0.782396   0.00192498
      3.77177     0.775283   0.00198246
      3.77318     0.783117   0.00202673
      3.77459     0.789309   0.00197786
      3.77601     0.783434   0.00196701
      3.77742     0.784451   0.00208655
      3.77883     0.783062   0.00208545
      3.78024     0.771651   0.00204693
      3.78166     0.773580   0.00196266
      3.78307     0.783805   0.00201628
      3.78448     0.787182   0.00202383
      3.78589     0.791811   0.00202508
      3.78731     0.789600   0.00209106
      3.78872     0.790453   0.00211271
      3.79013     0.788335   0.00200731
      3.79154     0.788628   0.00207782
      3.79295     0.791652   0.00201905
      3.79437     0.791983   0.00213115
      3.79578     0.790779   0.00212090
      3.79719     0.793464   0.00210570
      3.79860     0.794779   0.00205777
      3.80002     0.805835   0.00207378
      3.80143     0.815348   0.00204010
      3.80284     0.807311   0.00197326
      3.80425     0.796618   0.00197822
      3.80566     0.794731   0.00208162
      3.80708     0.800099   0.00212209
      3.80849     0.801995   0.00206319
      3.80990     0.796349   0.00201543
      3.81131     0.796609   0.00204654
      3.81272     0.801039   0.00205064
      3.81413     0.804726   0.00207720
      3.81555     0.811283   0.00209310
      3.81696     0.810333   0.00203833
      3.81837     0.817533   0.00206176
      3.81978     0.815234   0.00209861
      3.82119     0.800114   0.00211281
      3.82260     0.790821   0.00193074
      3.82402     0.798215   0.00200750
      3.82543     0.801750   0.00201150
      3.82684     0.806011   0.00198870
      3.82825     0.796181   0.00204364
      3.82966     0.806364   0.00213481
      3.83107     0.813379   0.00203457
      3.83249     0.815022   0.00216330
      3.83390     0.814462   0.00210071
      3.83531     0.810795   0.00207801
      3.83672     0.807851   0.00210947
      3.83813     0.808991   0.00199199
      3.83954     0.809323   0.00198692
      3.84096     0.824145   0.00205496
      3.84237     0.817543   0.00197470
      3.84378     0.811459   0.00209902
      3.84519     0.816823   0.00216380
      3.84660     0.822031   0.00213955
      3.84801     0.812681   0.00207588
      3.84942     0.810699   0.00199343
      3.85084     0.813911   0.00214600
      3.85225     0.812169   0.00212313
      3.85366     0.821504   0.00212506
      3.85507     0.822159   0.00215448
      3.85648     0.816155   0.00214467
      3.85789     0.817572   0.00212497
      3.85930     0.807559   0.00210419
      3.86072     0.806954   0.00206692
      3.86213     0.810039   0.00216034
      3.86354     0.801910   0.00217414
      3.86495     0.790348   0.00217963
      3.86636     0.786958   0.00219159
      3.86777     0.794819   0.00214617
      3.86918     0.800234   0.00216624
      3.87059     0.794902   0.00224911
      3.87201     0.807013   0.00217678
      3.87342     0.805194   0.00224649
      3.87483     0.800199   0.00225274
      3.87624     0.802312   0.00229164
      3.87765     0.801062   0.00223404
      3.87906     0.798904   0.00217195
      3.88047     0.802523   0.00220378
      3.88189     0.803090   0.00224432
      3.88330     0.804522   0.00219774
      3.88471     0.804541   0.00213593
      3.88612     0.813434   0.00215621
      3.88753     0.800833   0.00218657
      3.88894     0.797160   0.00222950
      3.89035     0.823900   0.00232591
      3.89177     0.825290   0.00228379
      3.89318     0.812539   0.00220954
      3.89459     0.811698   0.00217730
      3.89600     0.810616   0.00223529
      3.89741     0.807084   0.00228491
      3.89882     0.805746   0.00212104
      3.90023     0.809351   0.00215745
      3.90165     0.812416   0.00227904
      3.90306     0.817536   0.00231105
      3.90447     0.822861   0.00221754
      3.90588     0.823301   0.00222454
      3.90729     0.824075   0.00235840
      3.90870     0.818151   0.00228132
      3.91012     0.815242   0.00231346
      3.91153     0.823609   0.00224228
      3.91294     0.832662   0.00227916
      3.91435     0.825891   0.00235521
      3.91576     0.816047   0.00232003
      3.91717     0.820355   0.00226843
      3.91859     0.825612   0.00231720
      3.92000     0.821605   0.00229498
      3.92141     0.818048   0.00227251
      3.92282     0.822437   0.00237277
      3.92423     0.829855   0.00222881
      3.92564     0.830997   0.00232048
      3.92706     0.825535   0.00245165
      3.92847     0.821942   0.00219484
      3.92988     0.830422   0.00232981
      3.93129     0.829184   0.00222187
      3.93270     0.822089   0.00229032
      3.93412     0.823552   0.00232139
      3.93553     0.827101   0.00228350
      3.93694     0.834276   0.00224566
      3.93835     0.841482   0.00224447
      3.93976     0.843166   0.00227045
      3.94118     0.836843   0.00225739
      3.94259     0.832490   0.00218853
      3.94400     0.834517   0.00221642
      3.94541     0.830733   0.00217782
      3.94683     0.829572   0.00225142
      3.94824     0.839004   0.00219644
      3.94965     0.844816   0.00229048
      3.95106     0.851511   0.00216539
      3.95247     0.837113   0.00210484
      3.95389     0.832899   0.00209887
      3.95530     0.844872   0.00220227
      3.95671     0.853794   0.00216617
      3.95812     0.850167   0.00216792
      3.95954     0.844367   0.00208854
      3.96095     0.830971   0.00215430
      3.96236     0.827804   0.00222212
      3.96378     0.839485   0.00209765
      3.96519     0.850736   0.00213946
      3.96660     0.850884   0.00214374
      3.96801     0.846525   0.00221179
      3.96943     0.846524   0.00204778
      3.97084     0.847789   0.00218832
      3.97225     0.848203   0.00220153
      3.97367     0.845001   0.00222494
      3.97508     0.850480   0.00216868
      3.97649     0.854119   0.00208945
      3.97791     0.855079   0.00219240
      3.97932     0.861798   0.00223802
      3.98073     0.844414   0.00210547
      3.98215     0.836261   0.00227002
      3.98356     0.839294   0.00230373
      3.98497     0.845604   0.00221318
      3.98639     0.858525   0.00202594
      3.98780     0.878492   0.00225534
      3.98921     0.850043   0.00209257
      3.99063     0.851575   0.00233712
      3.99204     0.863029   0.00224952
      3.99345     0.852033   0.00227833
      3.99487     0.846460   0.00226066
      3.99628     0.846386   0.00221735
      3.99770     0.852663   0.00236198
      3.99911     0.849922   0.00231143
      4.00052     0.860214   0.00237629
      4.00194     0.868322   0.00234491
      4.00335     0.860326   0.00223888
      4.00477     0.861124   0.00216958
      4.00618     0.868981   0.00237583
      4.00760     0.903320   0.00222979
      4.00901     0.949115   0.00226785
      4.01043     0.888599   0.00236419
      4.01184     0.852939   0.00218178
      4.01326     0.860536   0.00219029
      4.01467     0.864760   0.00241558
      4.01608     0.846495   0.00237560
      4.01750     0.847933   0.00214754
      4.01891     0.859423   0.00243632
      4.02033     0.853082   0.00234938
      4.02175     0.856635   0.00241463
      4.02316     0.859416   0.00230877
      4.02458     0.858390   0.00247631
      4.02599     0.865931   0.00237238
      4.02741     0.852735   0.00233869
      4.02882     0.839072   0.00235077
      4.03024     0.852105   0.00233756
      4.03165     0.859497   0.00246419
      4.03307     0.858559   0.00251655
      4.03449     0.854349   0.00244187
      4.03590     0.857038   0.00236971
      4.03732     0.865554   0.00245461
      4.03873     0.877397   0.00233129
      4.04015     0.888603   0.00234086
      4.04157     0.891463   0.00265069
      4.04298     0.887717   0.00255469
      4.04440     0.862726   0.00257800
      4.04582     0.865942   0.00252881
      4.04723     0.871907   0.00251361
      4.04865     0.892750   0.00239867
      4.05007     0.953496   0.00273134
      4.05149      1.01478   0.00275869
      4.05290      1.08021   0.00265002
      4.05432      1.15685   0.00254631
      4.05574      1.14086   0.00263919
      4.05715      1.03671   0.00249444
      4.05857     0.935091   0.00264479
      4.05999     0.885013   0.00262324
      4.06141     0.869748   0.00261007
      4.06283     0.865924   0.00243802
      4.06424     0.859941   0.00244118
      4.06566     0.850765   0.00252315
      4.06708     0.840517   0.00236497
      4.06850     0.846929   0.00245077
      4.06992     0.851123   0.00263060
      4.07134     0.837942   0.00260586
      4.07275     0.830705   0.00262226
      4.07417     0.841284   0.00267885
      4.07559     0.846149   0.00269266
      4.07701     0.845539   0.00262184
      4.07843     0.841972   0.00254569
      4.07985     0.849076   0.00265395
      4.08127     0.847373   0.00248766
      4.08269     0.846541   0.00269640
      4.08411     0.849267   0.00266504
      4.08553     0.852300   0.00279587
      4.08695     0.842588   0.00282218
      4.08837     0.847605   0.00279622
      4.08979     0.851372   0.00259814
      4.09121     0.836580   0.00241314
      4.09263     0.841187   0.00248588
      4.09405     0.846434   0.00269616
      4.09547     0.843767   0.00275130
      4.09689     0.841603   0.00269923
      4.09831     0.840179   0.00266239
      4.09973     0.846758   0.00262229
      4.10115     0.842440   0.00257405
      4.10258     0.839789   0.00277377
      4.10400     0.852849   0.00278958
      4.10542     0.842571   0.00271818
      4.10684     0.820096   0.00276554
      4.10826     0.793913   0.00291335
      4.10968     0.791993   0.00275719
      4.11111     0.832550   0.00281113
      4.11253     0.889803   0.00324832
      4.11395     0.921346   0.00324522
      4.11537     0.901438   0.00323859
      4.11680     0.871723   0.00310413
      4.11822     0.846979   0.00296367
      4.11964     0.834278   0.00280685
      4.12107     0.846147   0.00294922
      4.12249     0.854728   0.00308700
      4.12391     0.851138   0.00292776
      4.12534     0.850323   0.00263586
      4.12676     0.852254   0.00296758
      4.12819     0.856035   0.00281514
      4.12961     0.853114   0.00291819
      4.13103     0.845804   0.00302043
      4.13246     0.839611   0.00308298
      4.13388     0.819350   0.00307653
      4.13531     0.835582   0.00306195
      4.13673     0.857340   0.00286405
      4.13816     0.854631   0.00305467
      4.13958     0.850861   0.00315349
      4.14101     0.871888   0.00310835
      4.14243     0.857766   0.00324031
      4.14386     0.826637   0.00319427
      4.14529     0.815046   0.00321392
      4.14671     0.836499   0.00339598
      4.14814     0.846983   0.00332774
      4.14957     0.828550   0.00327065
      4.15099     0.829907   0.00349126
      4.15242     0.844836   0.00332561
      4.15385     0.854020   0.00339397
      4.15527     0.850624   0.00344989
      4.15670     0.840233   0.00338301
      4.15813     0.824700   0.00337435
      4.15956     0.829350   0.00324208
      4.16098     0.833634   0.00329272
      4.16241     0.819217   0.00364966
      4.16384     0.813256   0.00362817
      4.16527     0.819339   0.00340841
      4.16670     0.821463   0.00380116
      4.16813     0.819600   0.00368191
      4.16956     0.817496   0.00353155
      4.17099     0.822223   0.00382088
      4.17241     0.832388   0.00396423
      4.17384     0.839152   0.00406027
      4.17527     0.828655   0.00403273
      4.17670     0.824328   0.00435909
      4.17813     0.828525   0.00439419
      4.17957     0.820969   0.00466605
      4.18100     0.812942   0.00518569
      4.18243     0.812339   0.00518409
      4.18386     0.809893   0.00574026
      4.18529     0.791785   0.00628024
      4.18672     0.784255   0.00621526
      4.18815     0.771919   0.00831608
      4.18958     0.759112    0.0109267
      4.19102     0.715222    0.0142659
      4.19245     0.734775    0.0185505
      4.19388     0.694363    0.0357720
      4.19531     0.738021    0.0577405
      4.19675     0.907239     0.136115
      4.19818     0.879576     0.333919
      4.19961      2.02950      1.33378
      4.20105      2.48113      3.26857
      4.20248      4.43904      3.94279
      4.20392   -0.0738613      10.6912
      4.20535      2.18159      6.85227
      4.20679      7.88305      4.14304
      4.20822     -406.691      8.92941
      4.20966     -246.099      459.884
      4.21109     -17.6746      22.2584
      4.21253     -13.5289      6.15991
      4.21396     -1.60373      16.7285
      4.21540      3.66737      9.26537
      4.21683     0.473952      8.48309
      4.21827      13.7683      20.4313
      4.21971      42.6949      21.3457
      4.22114      9.40572      34.6177
      4.22258     -11.1795      8.63194
      4.22402     -5.77886      7.63031
      4.22546      3.77567      21.3323
      4.22689      2.71754      4.73561
      4.22833      6.04880      11.6157
      4.22977      3.68670      1.17085
      4.23121     -149.958      809153.
      4.23265     -77.0815      4501.35
      4.23409      4.71392      1.12257
      4.23553      3.54147      13.3456
      4.23697     0.967864      9.46785
      4.23841    0.0362284      4.78896
      4.23985     -4.14984      4.22269
      4.24129      1.56142      6.55435
      4.24273      10.0318      24.4055
      4.24417      39.6596      283.048
      4.24561      0.00000      15.3469
