SOURCE  = L 1489 IRS                    / Source name
STANDARD= HD 28305                      / Standard name
OBSDATE = 13-01-2001                    / Date of observation
SPOS    = 04:04:42.9  26:18:20.3        / Source position RA,DEC,J2000
STPOS   = 04:28:36.8  19:10:26.4        / Standard position RA,DEC,J2000
STSPT   = G6II                          / Standard spectral type
STTEFF  = 5800                          / Standard effective temperature [K]
STMAG   = 2.533                         / Standard magnitude (adopted)
WAVEZP  = 3.45                          / Wavelength zero point [micron]
FLUXZP  = 290                           / Flux zero point [Jy]
SAIRM   = 1.586                         / Source mean airmass
STAIRM  = 1.403                         / Standard mean airmass
AIRMCORR= 1.18                          / Optimal (adopted) airmass correction
SPECRES = ~600                          / Spectral resolution

Created by E. Dartois and K. Pontoppidan (c)

Wavelength [micron] Flux [Jy] Statistical Error [Jy]

      2.82001      0.00000      4.71939
      2.82139     0.887649      3.27318
      2.82278     0.479456      1.86719
      2.82417    -0.189310      1.34483
      2.82555    -0.296434     0.901234
      2.82694    -0.108816     0.515692
      2.82832   -0.0731010     0.389909
      2.82971     0.141831     0.393879
      2.83110     0.260366     0.583978
      2.83248    -0.480657      1.59830
      2.83387     0.781074      12.9757
      2.83526     -23.4975      20.0325
      2.83665     -9.07182      8.08569
      2.83804     0.283418      2.90105
      2.83943     0.160793     0.922867
      2.84082   -0.0135774     0.327521
      2.84221  -0.00472991     0.210591
      2.84360    0.0819059     0.201058
      2.84499   -0.0492658     0.257899
      2.84638     0.437074     0.561539
      2.84777    -0.196491      1.16833
      2.84916    -0.903889     0.982943
      2.85056     0.394370     0.979375
      2.85195      1.13049      1.33693
      2.85334      1.05529      2.04984
      2.85474     0.122570     0.845210
      2.85613     0.211084     0.500404
      2.85752    0.0339748     0.405703
      2.85892    0.0408115     0.291704
      2.86031    -0.203625     0.186052
      2.86171   -0.0671135     0.144606
      2.86310    0.0139516     0.137386
      2.86450    0.0781927     0.167071
      2.86589     0.162769     0.232673
      2.86729    0.0585486     0.370903
      2.86869   -0.0674033     0.513609
      2.87009   -0.0167228     0.425004
      2.87148    0.0442179     0.189541
      2.87288    0.0557435     0.115215
      2.87428    0.0238714    0.0998598
      2.87568    0.0717547     0.104303
      2.87707    0.0641631     0.113066
      2.87847    0.0792609     0.107184
      2.87987     0.117415    0.0996626
      2.88127    0.0961337     0.107638
      2.88267    0.0592974     0.113953
      2.88407    0.0487583     0.118966
      2.88547    0.0234579     0.131157
      2.88687   -0.0407249     0.142304
      2.88827   0.00811766     0.134034
      2.88968    0.0472914     0.109851
      2.89108    0.0795287    0.0889943
      2.89248    0.0714739    0.0710662
      2.89388    0.0726061    0.0598720
      2.89528    0.0946208    0.0567905
      2.89669    0.0896930    0.0654141
      2.89809    0.0676318    0.0888693
      2.89949   -0.0767296     0.151527
      2.90090   -0.0319352     0.231829
      2.90230    0.0560235     0.231059
      2.90371    0.0452321     0.196058
      2.90511   0.00680185     0.157990
      2.90652  -0.00215683     0.106133
      2.90792    0.0202143    0.0755692
      2.90933    0.0437388    0.0645521
      2.91073    0.0385347    0.0652838
      2.91214    0.0619489    0.0721528
      2.91354    0.0371563    0.0773904
      2.91495    0.0406683    0.0705675
      2.91636    0.0407446    0.0613780
      2.91776    0.0584258    0.0621625
      2.91917    0.0631717    0.0710333
      2.92058    0.0442189     0.103688
      2.92199    0.0359061     0.160120
      2.92339    0.0190995     0.103520
      2.92480    0.0443267    0.0661613
      2.92621    0.0409163    0.0550645
      2.92762    0.0432904    0.0525983
      2.92903    0.0308591    0.0506421
      2.93044    0.0277824    0.0491411
      2.93185    0.0437298    0.0475366
      2.93326    0.0334223    0.0482384
      2.93467    0.0180189    0.0508009
      2.93608    0.0385267    0.0585215
      2.93749    0.0104748    0.0703405
      2.93890    0.0235025    0.0741319
      2.94031    0.0304588    0.0745243
      2.94172    0.0562916    0.0764156
      2.94313    0.0279444    0.0774907
      2.94454   0.00128545    0.0769946
      2.94596   0.00904329    0.0731118
      2.94737    0.0189196    0.0630192
      2.94878    0.0160012    0.0524955
      2.95019    0.0195358    0.0512375
      2.95161    0.0257683    0.0616454
      2.95302    0.0110742    0.0776596
      2.95443   0.00495616    0.0706436
      2.95585    0.0157944    0.0580014
      2.95726    0.0316328    0.0529819
      2.95867    0.0488121    0.0524703
      2.96009    0.0386079    0.0518407
      2.96150    0.0322728    0.0480219
      2.96292    0.0299569    0.0456559
      2.96433    0.0406436    0.0460619
      2.96575    0.0290723    0.0535570
      2.96716    0.0165112    0.0751257
      2.96858    0.0548844     0.125252
      2.96999    0.0832176     0.190075
      2.97141   0.00112057     0.194127
      2.97282    0.0618589     0.143975
      2.97424    0.0333666     0.101190
      2.97566   0.00124646    0.0807016
      2.97707    0.0599868    0.0781253
      2.97849    0.0378810    0.0815976
      2.97991    0.0135197    0.0733256
      2.98132    0.0222761    0.0563283
      2.98274    0.0267075    0.0475826
      2.98416    0.0272336    0.0441922
      2.98558    0.0322202    0.0421075
      2.98699    0.0268170    0.0400449
      2.98841    0.0159824    0.0391791
      2.98983    0.0284370    0.0407018
      2.99125    0.0326836    0.0446607
      2.99267    0.0317878    0.0481824
      2.99409    0.0247869    0.0516866
      2.99550    0.0172733    0.0569690
      2.99692    0.0124912    0.0585673
      2.99834   0.00795980    0.0485542
      2.99976    0.0297304    0.0416214
      3.00118    0.0307135    0.0405370
      3.00260    0.0150293    0.0457909
      3.00402  0.000941274    0.0573325
      3.00544    0.0279779    0.0697127
      3.00686    0.0299846    0.0661836
      3.00828    0.0330864    0.0514626
      3.00970    0.0220259    0.0430825
      3.01112    0.0244892    0.0409817
      3.01255    0.0179778    0.0434213
      3.01397    0.0104874    0.0445127
      3.01539    0.0156162    0.0483825
      3.01681   0.00277543    0.0581792
      3.01823    0.0210432    0.0762175
      3.01965    0.0150609    0.0872430
      3.02107  5.88601e-05    0.0723114
      3.02250    0.0228268    0.0525568
      3.02392    0.0291591    0.0423572
      3.02534    0.0274016    0.0396459
      3.02676    0.0139493    0.0405804
      3.02819    0.0198694    0.0424528
      3.02961    0.0247236    0.0463273
      3.03103    0.0178249    0.0538575
      3.03245   0.00908976    0.0578219
      3.03388    0.0169436    0.0615360
      3.03530    0.0282993    0.0711861
      3.03673   0.00444242    0.0874200
      3.03815    0.0108137    0.0808212
      3.03957   0.00762794    0.0607842
      3.04100    0.0113607    0.0506079
      3.04242    0.0251332    0.0481389
      3.04384    0.0200068    0.0511202
      3.04527    0.0170941    0.0559082
      3.04669    0.0222304    0.0602849
      3.04812    0.0186298    0.0654830
      3.04954   0.00880377    0.0815013
      3.05097    0.0175249    0.0971286
      3.05239   -0.0248291     0.131713
      3.05382    0.0363833     0.139375
      3.05524    0.0243620    0.0928728
      3.05667    0.0136870    0.0572948
      3.05809    0.0418436    0.0444960
      3.05952    0.0313348    0.0429752
      3.06094    0.0166278    0.0491579
      3.06237  -0.00329805    0.0574581
      3.06379    0.0220518    0.0559756
      3.06522    0.0227026    0.0532553
      3.06665    0.0132001    0.0533394
      3.06807    0.0292170    0.0588496
      3.06950    0.0197044    0.0642619
      3.07093    0.0167010    0.0716248
      3.07235   0.00194565    0.0607067
      3.07378    0.0129892    0.0475459
      3.07521    0.0326022    0.0399540
      3.07663    0.0282349    0.0383203
      3.07806    0.0264647    0.0423101
      3.07949    0.0111759    0.0531712
      3.08091   0.00237336    0.0705330
      3.08234  -0.00724055    0.0737201
      3.08377  -0.00361623    0.0642766
      3.08519   0.00211783    0.0570209
      3.08662    0.0211518    0.0552205
      3.08805    0.0122762    0.0549420
      3.08948    0.0311966    0.0552814
      3.09090    0.0361344    0.0582706
      3.09233    0.0487813    0.0636482
      3.09376    0.0241090    0.0773658
      3.09519   0.00213625    0.0815636
      3.09662   0.00166326    0.0773427
      3.09804    0.0128141    0.0622749
      3.09947    0.0263985    0.0486144
      3.10090    0.0189233    0.0441669
      3.10233    0.0367956    0.0481438
      3.10376    0.0304604    0.0654521
      3.10519    0.0156633    0.0845656
      3.10662    0.0274293    0.0787550
      3.10804    0.0526542    0.0710344
      3.10947    0.0267534    0.0763327
      3.11090    0.0171765    0.0746530
      3.11233    0.0202919    0.0660678
      3.11376    0.0126765    0.0623380
      3.11519    0.0184805    0.0581365
      3.11662    0.0434954    0.0459118
      3.11805    0.0438481    0.0370167
      3.11948    0.0243027    0.0336336
      3.12091    0.0320735    0.0334151
      3.12233    0.0297728    0.0362703
      3.12376    0.0387233    0.0440687
      3.12519    0.0186811    0.0620561
      3.12662   0.00746773    0.0909182
      3.12805   0.00885037    0.0687396
      3.12948    0.0265431    0.0456312
      3.13091    0.0410673    0.0365564
      3.13234    0.0418071    0.0333630
      3.13377    0.0443148    0.0322512
      3.13520    0.0491350    0.0319857
      3.13663    0.0466688    0.0343305
      3.13806    0.0390204    0.0408373
      3.13949    0.0206047    0.0484117
      3.14092    0.0378114    0.0478815
      3.14235    0.0344889    0.0419221
      3.14378    0.0332994    0.0441403
      3.14521    0.0324031    0.0529822
      3.14664    0.0240914    0.0577444
      3.14807    0.0462799    0.0480682
      3.14950    0.0567567    0.0392048
      3.15094    0.0594345    0.0351638
      3.15237    0.0579987    0.0347656
      3.15380    0.0573696    0.0373074
      3.15523    0.0531421    0.0414831
      3.15666    0.0629413    0.0416880
      3.15809    0.0600233    0.0383955
      3.15952    0.0569825    0.0349399
      3.16095    0.0589393    0.0321716
      3.16238    0.0587315    0.0299021
      3.16381    0.0587011    0.0289402
      3.16524    0.0645748    0.0292358
      3.16667    0.0643449    0.0297341
      3.16810    0.0646992    0.0297240
      3.16954    0.0681173    0.0298777
      3.17097    0.0713359    0.0314792
      3.17240    0.0712692    0.0334945
      3.17383    0.0668669    0.0344033
      3.17526    0.0706431    0.0327482
      3.17669    0.0787622    0.0309030
      3.17812    0.0781121    0.0297433
      3.17955    0.0806955    0.0305192
      3.18098    0.0731412    0.0328707
      3.18242    0.0786957    0.0353895
      3.18385    0.0830770    0.0352865
      3.18528    0.0849442    0.0330972
      3.18671    0.0841643    0.0317167
      3.18814    0.0860568    0.0328059
      3.18957    0.0855124    0.0391167
      3.19100    0.0831553    0.0522926
      3.19244    0.0488535    0.0603482
      3.19387    0.0672598    0.0491230
      3.19530    0.0879567    0.0444830
      3.19673     0.117738    0.0501610
      3.19816    0.0791402    0.0700973
      3.19959    0.0567509    0.0896314
      3.20102    0.0935515    0.0913530
      3.20246    0.0688547    0.0884312
      3.20389    0.0767587    0.0893472
      3.20532    0.0495127    0.0923974
      3.20675    0.0886721     0.112293
      3.20818    0.0738986     0.164956
      3.20961   -0.0609963     0.206645
      3.21105   -0.0221945     0.185855
      3.21248    0.0415075     0.120274
      3.21391    0.0749375    0.0911745
      3.21534    0.0907750    0.0800139
      3.21677     0.156820    0.0753361
      3.21820     0.129810    0.0634487
      3.21964     0.115823    0.0595965
      3.22107     0.161525    0.0659627
      3.22250    0.0768998    0.0981381
      3.22393    0.0509655     0.191041
      3.22536    0.0695646     0.159085
      3.22679    0.0772492    0.0960955
      3.22823     0.112683    0.0844090
      3.22966     0.104412    0.0983482
      3.23109     0.123656    0.0984571
      3.23252     0.149916    0.0576400
      3.23395     0.156842    0.0394578
      3.23539     0.148710    0.0333590
      3.23682     0.142037    0.0330620
      3.23825     0.142754    0.0372600
      3.23968     0.144287    0.0430139
      3.24111     0.137030    0.0457103
      3.24254     0.157936    0.0472134
      3.24398     0.150498    0.0563704
      3.24541    0.0937669    0.0894282
      3.24684     0.115240     0.137777
      3.24827    0.0783733     0.123046
      3.24970     0.126504    0.0688108
      3.25113     0.163771    0.0432899
      3.25257     0.170549    0.0336141
      3.25400     0.173362    0.0299986
      3.25543     0.165867    0.0295334
      3.25686     0.163851    0.0308204
      3.25829     0.163406    0.0357424
      3.25972     0.166381    0.0479427
      3.26116     0.135398    0.0798008
      3.26259    0.0959007     0.103594
      3.26402     0.156048    0.0652013
      3.26545     0.193088    0.0486935
      3.26688     0.190420    0.0449437
      3.26831     0.186798    0.0489377
      3.26974     0.186642    0.0613250
      3.27118     0.217625    0.0723744
      3.27261     0.224476    0.0592710
      3.27404     0.213899    0.0414756
      3.27547     0.213537    0.0342171
      3.27690     0.198592    0.0336443
      3.27833     0.197116    0.0383444
      3.27976     0.195072    0.0443747
      3.28120     0.202801    0.0412859
      3.28263     0.223825    0.0334286
      3.28406     0.225235    0.0291498
      3.28549     0.216255    0.0277282
      3.28692     0.214965    0.0273116
      3.28835     0.219372    0.0273816
      3.28978     0.218982    0.0286838
      3.29122     0.218231    0.0312647
      3.29265     0.224446    0.0366366
      3.29408     0.217523    0.0462081
      3.29551     0.194338    0.0635254
      3.29694     0.223256    0.0904798
      3.29837     0.349690     0.106305
      3.29980     0.289418    0.0864133
      3.30123     0.249423    0.0563260
      3.30266     0.257318    0.0442870
      3.30410     0.266757    0.0419988
      3.30553     0.244900    0.0410728
      3.30696     0.255380    0.0407977
      3.30839     0.259151    0.0400718
      3.30982     0.245661    0.0410456
      3.31125     0.266234    0.0441260
      3.31268     0.306283    0.0541086
      3.31411     0.245351    0.0932700
      3.31554     0.458251     0.320160
      3.31697     0.483221     0.688955
      3.31840     0.268763     0.523598
      3.31983     0.105545     0.318291
      3.32127     0.230528     0.164551
      3.32270     0.284245    0.0818920
      3.32413     0.310186    0.0529612
      3.32556     0.311346    0.0436830
      3.32699     0.305508    0.0448174
      3.32842     0.304375    0.0469940
      3.32985     0.291834    0.0402308
      3.33128     0.310116    0.0324115
      3.33271     0.311199    0.0292968
      3.33414     0.302572    0.0287925
      3.33557     0.292687    0.0289001
      3.33700     0.308024    0.0299626
      3.33843     0.313928    0.0336984
      3.33986     0.301663    0.0404098
      3.34129     0.309247    0.0429320
      3.34272     0.317097    0.0385164
      3.34415     0.354006    0.0376116
      3.34558     0.344784    0.0407552
      3.34701     0.312409    0.0413385
      3.34844     0.345906    0.0360272
      3.34987     0.362642    0.0322944
      3.35130     0.332816    0.0307908
      3.35273     0.328567    0.0320814
      3.35416     0.344790    0.0346217
      3.35559     0.340192    0.0403832
      3.35702     0.347057    0.0444829
      3.35845     0.337440    0.0403004
      3.35988     0.370901    0.0363365
      3.36131     0.364222    0.0361656
      3.36274     0.343151    0.0372960
      3.36417     0.352535    0.0345199
      3.36560     0.371728    0.0318413
      3.36703     0.387456    0.0327778
      3.36846     0.372502    0.0359740
      3.36989     0.376376    0.0381603
      3.37132     0.396667    0.0350592
      3.37274     0.389809    0.0312053
      3.37417     0.396117    0.0293613
      3.37560     0.401460    0.0293730
      3.37703     0.382185    0.0302942
      3.37846     0.400685    0.0324700
      3.37989     0.424842    0.0349683
      3.38132     0.397324    0.0373618
      3.38275     0.417300    0.0369294
      3.38418     0.418335    0.0344505
      3.38561     0.410341    0.0315833
      3.38704     0.407780    0.0287379
      3.38846     0.417529    0.0270431
      3.38989     0.417675    0.0283412
      3.39132     0.423036    0.0313037
      3.39275     0.413137    0.0332195
      3.39418     0.433904    0.0311088
      3.39561     0.431131    0.0283983
      3.39704     0.431524    0.0270222
      3.39846     0.430015    0.0264486
      3.39989     0.432582    0.0261772
      3.40132     0.434057    0.0275700
      3.40275     0.443017    0.0312976
      3.40418     0.420525    0.0363074
      3.40561     0.411882    0.0389849
      3.40704     0.437322    0.0380517
      3.40846     0.427671    0.0359353
      3.40989     0.416328    0.0335095
      3.41132     0.436851    0.0311830
      3.41275     0.431472    0.0300593
      3.41418     0.443164    0.0316445
      3.41560     0.455673    0.0334484
      3.41703     0.444022    0.0323236
      3.41846     0.455361    0.0292223
      3.41989     0.455507    0.0269775
      3.42131     0.446832    0.0261928
      3.42274     0.445014    0.0261977
      3.42417     0.438519    0.0267610
      3.42560     0.444582    0.0284162
      3.42703     0.458000    0.0312831
      3.42845     0.451274    0.0321433
      3.42988     0.452157    0.0297818
      3.43131     0.462517    0.0270790
      3.43274     0.452789    0.0260622
      3.43416     0.446140    0.0259787
      3.43559     0.449428    0.0259363
      3.43702     0.453825    0.0260295
      3.43844     0.464476    0.0272062
      3.43987     0.464658    0.0287616
      3.44130     0.457025    0.0289293
      3.44273     0.471051    0.0273677
      3.44415     0.478352    0.0260338
      3.44558     0.469190    0.0256550
      3.44701     0.463582    0.0256701
      3.44843     0.468066    0.0253936
      3.44986     0.468118    0.0255964
      3.45129     0.479081    0.0264599
      3.45271     0.476778    0.0277382
      3.45414     0.479255    0.0283971
      3.45557     0.478312    0.0274729
      3.45699     0.479397    0.0259063
      3.45842     0.488172    0.0249783
      3.45985     0.485320    0.0245932
      3.46127     0.480761    0.0246672
      3.46270     0.485762    0.0250935
      3.46413     0.490905    0.0259854
      3.46555     0.483861    0.0265997
      3.46698     0.491194    0.0261966
      3.46841     0.499726    0.0249937
      3.46983     0.497296    0.0244073
      3.47126     0.490547    0.0246341
      3.47268     0.484228    0.0250524
      3.47411     0.494300    0.0251464
      3.47554     0.508437    0.0252250
      3.47696     0.503272    0.0254307
      3.47839     0.502101    0.0254754
      3.47981     0.507852    0.0251335
      3.48124     0.520715    0.0247515
      3.48267     0.520600    0.0243801
      3.48409     0.518489    0.0243665
      3.48552     0.527948    0.0245055
      3.48694     0.519449    0.0248948
      3.48837     0.522909    0.0252977
      3.48979     0.531538    0.0254715
      3.49122     0.533065    0.0252874
      3.49265     0.546939    0.0249346
      3.49407     0.553080    0.0244741
      3.49550     0.553087    0.0242088
      3.49692     0.554073    0.0241441
      3.49835     0.549947    0.0242516
      3.49977     0.558024    0.0244851
      3.50120     0.565127    0.0246779
      3.50262     0.562978    0.0246502
      3.50405     0.565868    0.0245081
      3.50547     0.573187    0.0241685
      3.50690     0.571472    0.0240388
      3.50832     0.574849    0.0240920
      3.50975     0.576662    0.0242059
      3.51117     0.581718    0.0242578
      3.51260     0.589018    0.0243119
      3.51402     0.590040    0.0242637
      3.51545     0.589778    0.0242111
      3.51687     0.591046    0.0240608
      3.51830     0.598040    0.0239126
      3.51972     0.602542    0.0239231
      3.52115     0.603943    0.0238445
      3.52257     0.603139    0.0239817
      3.52400     0.610695    0.0240118
      3.52542     0.619270    0.0242043
      3.52685     0.614089    0.0244443
      3.52827     0.613122    0.0243421
      3.52970     0.621081    0.0242565
      3.53112     0.624711    0.0243041
      3.53255     0.627086    0.0247378
      3.53397     0.627605    0.0251890
      3.53539     0.621627    0.0255689
      3.53682     0.633701    0.0255731
      3.53824     0.647951    0.0258946
      3.53967     0.638018    0.0260053
      3.54109     0.643028    0.0261335
      3.54252     0.653575    0.0258462
      3.54394     0.650985    0.0254412
      3.54536     0.652546    0.0251983
      3.54679     0.650256    0.0249573
      3.54821     0.652334    0.0248024
      3.54964     0.658362    0.0246970
      3.55106     0.660230    0.0248762
      3.55248     0.657658    0.0252056
      3.55391     0.655701    0.0253241
      3.55533     0.663130    0.0251390
      3.55676     0.672741    0.0247765
      3.55818     0.678678    0.0246363
      3.55960     0.683821    0.0244215
      3.56103     0.695754    0.0240694
      3.56245     0.695137    0.0238990
      3.56388     0.690539    0.0241925
      3.56530     0.690808    0.0247362
      3.56672     0.693465    0.0253109
      3.56815     0.693886    0.0255547
      3.56957     0.703237    0.0255070
      3.57099     0.714786    0.0254864
      3.57242     0.717751    0.0258189
      3.57384     0.714180    0.0259793
      3.57526     0.718307    0.0256474
      3.57669     0.725736    0.0248560
      3.57811     0.732872    0.0245198
      3.57954     0.735881    0.0247949
      3.58096     0.731444    0.0252036
      3.58238     0.737694    0.0253923
      3.58381     0.743432    0.0254356
      3.58523     0.733704    0.0253522
      3.58665     0.738414    0.0253260
      3.58808     0.746194    0.0250572
      3.58950     0.754435    0.0250983
      3.59092     0.752542    0.0250470
      3.59235     0.751501    0.0249451
      3.59377     0.758508    0.0246786
      3.59519     0.767744    0.0244519
      3.59662     0.761717    0.0243726
      3.59804     0.771445    0.0244630
      3.59946     0.766938    0.0242347
      3.60089     0.771489    0.0240520
      3.60231     0.784117    0.0238648
      3.60373     0.787326    0.0242210
      3.60516     0.788140    0.0248163
      3.60658     0.784834    0.0250799
      3.60800     0.794055    0.0248593
      3.60943     0.793215    0.0246245
      3.61085     0.789814    0.0246144
      3.61227     0.787305    0.0247117
      3.61370     0.795256    0.0245208
      3.61512     0.805406    0.0242890
      3.61654     0.802564    0.0240090
      3.61796     0.811286    0.0238650
      3.61939     0.818123    0.0235353
      3.62081     0.818249    0.0234884
      3.62223     0.821564    0.0236133
      3.62366     0.828009    0.0240607
      3.62508     0.829289    0.0244474
      3.62650     0.827440    0.0244752
      3.62793     0.833189    0.0242311
      3.62935     0.840587    0.0241670
      3.63077     0.845504    0.0242886
      3.63220     0.846119    0.0245378
      3.63362     0.844118    0.0242972
      3.63504     0.852802    0.0240715
      3.63647     0.865814    0.0237843
      3.63789     0.871609    0.0237471
      3.63931     0.874364    0.0237527
      3.64073     0.875209    0.0238015
      3.64216     0.878963    0.0237897
      3.64358     0.877603    0.0240916
      3.64500     0.879276    0.0243819
      3.64643     0.879948    0.0245053
      3.64785     0.888449    0.0242989
      3.64927     0.889365    0.0241252
      3.65070     0.882775    0.0240384
      3.65212     0.887228    0.0240169
      3.65354     0.891595    0.0237262
      3.65497     0.892536    0.0235248
      3.65639     0.896143    0.0234765
      3.65781     0.905439    0.0237571
      3.65924     0.905397    0.0238174
      3.66066     0.904618    0.0239410
      3.66208     0.901177    0.0237883
      3.66351     0.911440    0.0240664
      3.66493     0.911345    0.0245845
      3.66635     0.896377    0.0251685
      3.66778     0.898344    0.0255510
      3.66920     0.902579    0.0260262
      3.67062     0.877506    0.0269004
      3.67205     0.875831    0.0281311
      3.67347     0.890580    0.0284411
      3.67489     0.901969    0.0279084
      3.67632     0.933390    0.0270625
      3.67774     0.938391    0.0264034
      3.67916     0.934333    0.0262455
      3.68059     0.937824    0.0259780
      3.68201     0.935084    0.0255100
      3.68344     0.938047    0.0251678
      3.68486     0.940053    0.0248453
      3.68628     0.932080    0.0247275
      3.68771     0.939783    0.0246293
      3.68913     0.947391    0.0243832
      3.69055     0.938672    0.0241784
      3.69198     0.941884    0.0241184
      3.69340     0.950015    0.0239085
      3.69483     0.966297    0.0238528
      3.69625     0.981098    0.0238407
      3.69767     0.981255    0.0238522
      3.69910     0.980935    0.0237091
      3.70052     0.974168    0.0235521
      3.70195     0.980978    0.0235008
      3.70337     0.980467    0.0237113
      3.70479     0.984932    0.0239452
      3.70622     0.988884    0.0243713
      3.70764     0.984498    0.0246748
      3.70907     0.981141    0.0247533
      3.71049     0.988133    0.0247365
      3.71192     0.988891    0.0247493
      3.71334     0.999332    0.0246080
      3.71476      1.01306    0.0245864
      3.71619      1.00349    0.0244081
      3.71761      1.00925    0.0242536
      3.71904      1.01164    0.0239894
      3.72046      1.02118    0.0239423
      3.72189      1.02376    0.0238950
      3.72331      1.01769    0.0240308
      3.72474      1.01172    0.0241052
      3.72616      1.01890    0.0244146
      3.72759      1.01151    0.0245493
      3.72901      1.01272    0.0246929
      3.73044      1.03064    0.0248424
      3.73186      1.02900    0.0250572
      3.73329      1.02356    0.0253485
      3.73471      1.04213    0.0254941
      3.73614      1.05643    0.0251209
      3.73756      1.07598    0.0250874
      3.73899      1.08097    0.0250495
      3.74041      1.06467    0.0249904
      3.74184      1.05600    0.0246650
      3.74326      1.05009    0.0244764
      3.74469      1.04686    0.0243709
      3.74612      1.05518    0.0246216
      3.74754      1.04875    0.0248776
      3.74897      1.03380    0.0250952
      3.75039      1.04650    0.0250948
      3.75182      1.05310    0.0249906
      3.75325      1.04062    0.0248543
      3.75467      1.05106    0.0250404
      3.75610      1.04583    0.0251950
      3.75752      1.04054    0.0254414
      3.75895      1.04996    0.0255603
      3.76038      1.06702    0.0257389
      3.76180      1.06283    0.0257825
      3.76323      1.06199    0.0258708
      3.76466      1.06245    0.0255272
      3.76608      1.07364    0.0254646
      3.76751      1.06798    0.0254998
      3.76894      1.05987    0.0257472
      3.77036      1.07115    0.0259251
      3.77179      1.07657    0.0258352
      3.77322      1.07431    0.0255338
      3.77465      1.09076    0.0252424
      3.77607      1.09273    0.0249936
      3.77750      1.08976    0.0252577
      3.77893      1.08309    0.0255013
      3.78036      1.08154    0.0257312
      3.78178      1.07570    0.0256088
      3.78321      1.07827    0.0254463
      3.78464      1.09757    0.0254752
      3.78607      1.09244    0.0257817
      3.78750      1.07336    0.0262950
      3.78892      1.07043    0.0265902
      3.79035      1.10111    0.0264515
      3.79178      1.10873    0.0258907
      3.79321      1.11029    0.0254702
      3.79464      1.12543    0.0253556
      3.79607      1.12000    0.0252326
      3.79750      1.12666    0.0253438
      3.79893      1.12503    0.0252534
      3.80036      1.12531    0.0253615
      3.80178      1.12139    0.0253215
      3.80321      1.12425    0.0253078
      3.80464      1.12284    0.0252038
      3.80607      1.11883    0.0254044
      3.80750      1.11295    0.0257421
      3.80893      1.11318    0.0264008
      3.81036      1.11552    0.0267266
      3.81179      1.12624    0.0267018
      3.81322      1.14827    0.0262882
      3.81465      1.15456    0.0257921
      3.81608      1.16033    0.0255574
      3.81751      1.15979    0.0254231
      3.81894      1.15885    0.0253373
      3.82038      1.14819    0.0253240
      3.82181      1.14991    0.0252494
      3.82324      1.14572    0.0251547
      3.82467      1.14723    0.0250867
      3.82610      1.14499    0.0252439
      3.82753      1.14952    0.0250936
      3.82896      1.15244    0.0252797
      3.83040      1.14131    0.0257968
      3.83183      1.14521    0.0264206
      3.83326      1.14509    0.0266530
      3.83469      1.15424    0.0264519
      3.83612      1.16318    0.0258115
      3.83756      1.17096    0.0255605
      3.83899      1.16851    0.0255348
      3.84042      1.17229    0.0259177
      3.84186      1.16965    0.0260364
      3.84329      1.17363    0.0263318
      3.84472      1.17775    0.0261277
      3.84615      1.17491    0.0259230
      3.84759      1.17907    0.0258115
      3.84902      1.17995    0.0258605
      3.85046      1.19105    0.0259454
      3.85189      1.19578    0.0262086
      3.85332      1.17963    0.0264170
      3.85476      1.19223    0.0267191
      3.85619      1.19864    0.0267429
      3.85763      1.19005    0.0268678
      3.85906      1.19265    0.0270176
      3.86050      1.20277    0.0271768
      3.86193      1.21695    0.0273570
      3.86337      1.23813    0.0279576
      3.86480      1.25570    0.0285116
      3.86624      1.25823    0.0288851
      3.86768      1.25746    0.0289211
      3.86911      1.24755    0.0290063
      3.87055      1.24291    0.0292034
      3.87198      1.24201    0.0295319
      3.87342      1.24869    0.0296256
      3.87486      1.24826    0.0298378
      3.87629      1.24084    0.0298931
      3.87773      1.25756    0.0301438
      3.87917      1.26362    0.0301193
      3.88061      1.26711    0.0303130
      3.88204      1.26408    0.0302737
      3.88348      1.26778    0.0303557
      3.88492      1.27195    0.0303433
      3.88636      1.28740    0.0305301
      3.88780      1.29905    0.0306942
      3.88924      1.29816    0.0306259
      3.89067      1.29531    0.0303083
      3.89211      1.29650    0.0301741
      3.89355      1.29540    0.0299441
      3.89499      1.29932    0.0298153
      3.89643      1.28881    0.0295006
      3.89787      1.28716    0.0293333
      3.89931      1.27471    0.0289684
      3.90075      1.28021    0.0289500
      3.90219      1.27120    0.0288490
      3.90363      1.26668    0.0290656
      3.90507      1.27049    0.0291943
      3.90652      1.29424    0.0295620
      3.90796      1.28937    0.0296771
      3.90940      1.29934    0.0299709
      3.91084      1.30132    0.0298185
      3.91228      1.29176    0.0296819
      3.91372      1.28197    0.0295269
      3.91517      1.27726    0.0296335
      3.91661      1.27089    0.0294619
      3.91805      1.26988    0.0294388
      3.91950      1.24806    0.0294608
      3.92094      1.30453    0.0308091
      3.92238      1.28499    0.0296734
      3.92383      1.28798    0.0297492
      3.92527      1.28944    0.0297363
      3.92672      1.29002    0.0296746
      3.92816      1.29265    0.0295263
      3.92961      1.29840    0.0294251
      3.93105      1.29252    0.0292325
      3.93250      1.30014    0.0292607
      3.93394      1.30110    0.0290400
      3.93539      1.29943    0.0290992
      3.93683      1.29292    0.0287782
      3.93828      1.29683    0.0287810
      3.93973      1.29170    0.0286528
      3.94117      1.29377    0.0286706
      3.94262      1.30063    0.0283103
      3.94407      1.31339    0.0284882
      3.94551      1.30461    0.0280686
      3.94696      1.30476    0.0281177
      3.94841      1.30888    0.0279725
      3.94986      1.31325    0.0280823
      3.95131      1.31676    0.0280774
      3.95276      1.31981    0.0283252
      3.95421      1.30639    0.0278712
      3.95566      1.30930    0.0279365
      3.95710      1.31415    0.0277763
      3.95855      1.32736    0.0278591
      3.96001      1.32575    0.0275303
      3.96146      1.32643    0.0276246
      3.96291      1.31309    0.0277754
      3.96436      1.32282    0.0277522
      3.96581      1.32712    0.0278199
      3.96726      1.33798    0.0278691
      3.96871      1.33792    0.0281180
      3.97017      1.33201    0.0282195
      3.97162      1.33836    0.0280360
      3.97307      1.33483    0.0281087
      3.97452      1.34057    0.0281670
      3.97598      1.35681    0.0283475
      3.97743      1.35232    0.0282804
      3.97888      1.35818    0.0286059
      3.98034      1.33982    0.0286043
      3.98179      1.32520    0.0289663
      3.98325      1.41043    0.0287495
      3.98470      1.41800    0.0291976
      3.98616      1.39758    0.0290308
      3.98762      1.40980    0.0294447
      3.98907      1.40303    0.0292988
      3.99053      1.39005    0.0292998
      3.99199      1.38216    0.0291957
      3.99344      1.38453    0.0292069
      3.99490      1.38221    0.0290845
      3.99636      1.38913    0.0293360
      3.99782      1.38748    0.0294753
      3.99927      1.39425    0.0296473
      4.00073      1.40132    0.0297534
      4.00219      1.39853    0.0298184
      4.00365      1.39046    0.0298217
      4.00511      1.39304    0.0299895
      4.00657      1.37723    0.0301300
      4.00803      1.37635    0.0304466
      4.00949      1.39631    0.0306680
      4.01095      1.37930    0.0301611
      4.01242      1.38944    0.0302323
      4.01388      1.38561    0.0304154
      4.01534      1.38413    0.0305921
      4.01680      1.38454    0.0308009
      4.01826      1.38271    0.0309234
      4.01973      1.40268    0.0310645
      4.02119      1.40499    0.0310988
      4.02266      1.39875    0.0312151
      4.02412      1.38758    0.0312234
      4.02558      1.38898    0.0313301
      4.02705      1.37903    0.0314790
      4.02851      1.37242    0.0316461
      4.02998      1.36853    0.0317122
      4.03145      1.37466    0.0319471
      4.03291      1.36989    0.0321554
      4.03438      1.38497    0.0324709
      4.03585      1.37193    0.0325939
      4.03731      1.38490    0.0328668
      4.03878      1.38517    0.0329891
      4.04025      1.38975    0.0331560
      4.04172      1.38693    0.0333302
      4.04319      1.39567    0.0336805
      4.04466      1.40241    0.0337635
      4.04613      1.41458    0.0338902
      4.04760      1.41777    0.0337928
      4.04907      1.43195    0.0337907
      4.05054      1.48277    0.0337429
      4.05201      1.55656    0.0341306
      4.05348      1.58774    0.0342601
      4.05496      1.55830    0.0344281
      4.05643      1.49437    0.0343112
      4.05790      1.42975    0.0342381
      4.05938      1.40720    0.0341015
      4.06085      1.40879    0.0342876
      4.06232      1.41516    0.0345083
      4.06380      1.40888    0.0344790
      4.06527      1.39385    0.0345833
      4.06675      1.40079    0.0351513
      4.06822      1.39767    0.0353452
      4.06970      1.40804    0.0352614
      4.07118      1.41368    0.0353525
      4.07266      1.40568    0.0355677
      4.07413      1.40367    0.0358486
      4.07561      1.40873    0.0364552
      4.07709      1.38690    0.0362365
      4.07857      1.39211    0.0366828
      4.08005      1.39760    0.0369182
      4.08153      1.39602    0.0375708
      4.08301      1.40057    0.0377818
      4.08449      1.41507    0.0380150
      4.08597      1.40402    0.0383499
      4.08745      1.40035    0.0384538
      4.08893      1.40860    0.0386778
      4.09042      1.43211    0.0389464
      4.09190      1.42076    0.0387074
      4.09338      1.41795    0.0390714
      4.09487      1.41287    0.0394333
      4.09635      1.41771    0.0396502
      4.09784      1.40849    0.0394614
      4.09932      1.40495    0.0394848
      4.10081      1.40691    0.0395042
      4.10229      1.42092    0.0402292
      4.10378      1.42894    0.0401292
      4.10527      1.42476    0.0403796
      4.10675      1.43554    0.0404134
      4.10824      1.43824    0.0410511
      4.10973      1.42019    0.0411083
      4.11122      1.43145    0.0414294
      4.11271      1.43479    0.0415759
      4.11420      1.44860    0.0425790
      4.11569      1.45073    0.0418362
      4.11718      1.43728    0.0425586
      4.11867      1.43506    0.0424830
      4.12017      1.42969    0.0426238
      4.12166      1.43421    0.0427330
      4.12315      1.44613    0.0429387
      4.12464      1.43072    0.0428925
      4.12614      1.43182    0.0433501
      4.12763      1.42435    0.0434453
      4.12913      1.43072    0.0439638
      4.13062      1.42423    0.0447686
      4.13212      1.43795    0.0445516
      4.13362      1.42632    0.0447939
      4.13511      1.43081    0.0445972
      4.13661      1.42445    0.0447170
      4.13811      1.45059    0.0464084
      4.13961      1.45992    0.0456432
      4.14111      1.44162    0.0461234
      4.14261      1.45165    0.0464022
      4.14411      1.45608    0.0481373
      4.14561      1.44089    0.0473697
      4.14711      1.44719    0.0478508
      4.14861      1.44412    0.0480501
      4.15011      1.44628    0.0485537
      4.15162      1.45273    0.0491073
      4.15312      1.46437    0.0495811
      4.15462      1.46012    0.0501908
      4.15613      1.46143    0.0510669
      4.15763      1.45111    0.0526106
      4.15914      1.46120    0.0526074
      4.16065      1.43837    0.0531887
      4.16215      1.45400    0.0542495
      4.16366      1.44784    0.0551520
      4.16517      1.42546    0.0561573
      4.16668      1.43629    0.0573156
      4.16819      1.43943    0.0588268
      4.16970      1.42679    0.0604147
      4.17121      1.42723    0.0621659
      4.17272      1.40900    0.0643520
      4.17423      1.40526    0.0667768
      4.17574      1.42928    0.0692835
      4.17725      1.44829    0.0723043
      4.17877      1.42748    0.0750824
      4.18028      1.38852    0.0797610
      4.18180      1.36927    0.0844990
      4.18331      1.32831    0.0911541
      4.18483      1.31667     0.100250
      4.18634      1.29520     0.116117
      4.18786      1.25530     0.140094
      4.18938      1.23675     0.182408
      4.19089      1.19948     0.251587
      4.19241      1.17796     0.387117
      4.19393     0.906379     0.683384
      4.19545     0.188676      1.40435
      4.19697     0.526922      3.43362
      4.19849      1.56507      9.93739
      4.20002      7.94073      61.8198
      4.20154     -22.0479      81.5738
      4.20306      863.780      53.8666
      4.20458     -619.649      81.4948
      4.20611     -200.672      213.670
      4.20763      51.1019      250.311
      4.20916      31.6844      221.087
      4.21068      11.2537      74.9228
      4.21221     -1.75901      30.7158
      4.21374     0.180719      74.8626
      4.21527      17.4676      213.694
      4.21680      6.00438      48.8435
      4.21833     -2.95759      213.684
      4.21986      13.1430      83.7320
      4.22139     -80.3640      115.578
      4.22292     -349.014      691.050
      4.22445      143.618      483.783
      4.22598      128.251      3982.84
      4.22752      29.7107      39.5460
      4.22905      57.6341      174.821
      4.23058      38.5609      134.663
      4.23212     -133.418      106.228
      4.23366     -90.7976      193.071
      4.23519      19.8316      99.5788
      4.23673      32.8261      210.949
      4.23827      4.57847      76.0404
      4.23981     -9.25996      139.540
      4.24135      4.38374      497.669
      4.24289    -0.182411      178.676
      4.24443     -172.477      87.3531
      4.24597      13.3938      973.556
      4.24751      23.5492      109.255
      4.24905     -7.49334      138.129
      4.25060     -11.0450      78.1058
      4.25214      205.922      538.538
      4.25369      148.659      573.968
      4.25523      23.1019      843.615
      4.25678     -10.5022      54.4913
      4.25833      170.125      101.736
      4.25988      40.0906      126.023
      4.26142      59.3736      135.556
      4.26297      14.6017      62.3155
      4.26452      78.0578      147.628
      4.26608     -55.2201      579.362
      4.26763     -1062.92      1367.38
      4.26918     -309.727      131.315
      4.27073     -36.3205      209.558
      4.27229      90.1778      3659.61
      4.27384      32.0294      69.1239
      4.27540     -22.6274      123.951
      4.27695     -19.0145      162.582
      4.27851     -1.00376      71.1949
      4.28007     -51.8215      193.652
      4.28163     -173.815      220.108
      4.28319     -65.0722      216.026
      4.28475      36.3125      137.399
      4.28631      1719.59      418.955
      4.28787      633.053      57.7821
      4.28943      47.1332      144.144
      4.29099      2.05254      26.7066
      4.29256      39.3483      225.257
      4.29412      0.00000      31.9865
