SOURCE  = L1489 IRS                     / Source name
STANDARD= BS 1473                       / Standard name
OBSDATE = 23-08-2002                    / Date of observation
SPOS    = 04:04:43.0  26:18:38.5        / Source position RA,DEC,J2000
STPOS   = 04:38:09.4  12:30:20.1        / Standard position RA,DEC,J2000
STSPT   = A6V                           / Standard spectral type
STTEFF  = 8100 (Blackwell & Lynas-Gray, / Standard effective temperature [K]
STMAG   = 3.8                           / Standard magnitude (adopted)
WAVEZP  = 3.45                          / Wavelength zero point [micron]
FLUXZP  = 290                           / Flux zero point [Jy]
SAIRM   = 1.666                         / Source mean airmass
STAIRM  = 1.275                         / Standard mean airmass
AIRMCORR= 1.08                          / Optimal (adopted) airmass correction
SPECRES = ~1200                         / Spectral resolution

Created by K. M. Pontoppidan             Mon May 19 21:13:03 2003

Wavelength [micron] Flux [Jy] Statistical Error [Jy]

      2.82580      0.00000    0.0108818
      2.82715     0.149494   0.00994245
      2.82851     0.159869   0.00851309
      2.82986     0.168910   0.00719540
      2.83122     0.172599   0.00774733
      2.83257     0.166607    0.0105078
      2.83393     0.153134    0.0235373
      2.83529     0.167722    0.0565901
      2.83664    0.0683232    0.0598630
      2.83800    0.0482929    0.0347009
      2.83936     0.114186    0.0188172
      2.84072     0.141498    0.0100968
      2.84207     0.143242   0.00775322
      2.84343     0.146050   0.00603381
      2.84479     0.151724   0.00541641
      2.84615     0.151423   0.00628560
      2.84751     0.166899   0.00951005
      2.84887     0.163308    0.0122275
      2.85023     0.151374    0.0106646
      2.85159     0.132929   0.00970656
      2.85295     0.121305    0.0111527
      2.85431     0.108081    0.0200084
      2.85567     0.110128    0.0161071
      2.85703     0.130431   0.00945301
      2.85839     0.134335   0.00713816
      2.85975     0.136790   0.00687311
      2.86111     0.127962   0.00616772
      2.86248     0.120163   0.00491954
      2.86384     0.119326   0.00439518
      2.86520     0.106271   0.00471238
      2.86656     0.111926   0.00522653
      2.86793     0.123853   0.00602278
      2.86929     0.120549   0.00614758
      2.87066     0.118316   0.00671163
      2.87202     0.124951   0.00726657
      2.87338     0.129247   0.00585780
      2.87475     0.120061   0.00415633
      2.87611     0.110776   0.00380031
      2.87748     0.105697   0.00378463
      2.87884     0.101215   0.00411026
      2.88021    0.0989198   0.00395709
      2.88158    0.0989597   0.00380866
      2.88294    0.0965358   0.00401226
      2.88431    0.0960427   0.00402391
      2.88568    0.0964599   0.00407375
      2.88704    0.0873967   0.00437779
      2.88841    0.0877465   0.00476951
      2.88978    0.0933154   0.00456164
      2.89115    0.0888834   0.00395146
      2.89251    0.0839841   0.00351476
      2.89388    0.0823516   0.00321422
      2.89525    0.0824520   0.00287823
      2.89662    0.0837796   0.00273621
      2.89799    0.0834264   0.00290902
      2.89936    0.0815948   0.00357301
      2.90073    0.0866468   0.00491816
      2.90210    0.0841125   0.00554868
      2.90347    0.0697902   0.00491276
      2.90484    0.0663064   0.00456073
      2.90621    0.0684011   0.00425146
      2.90758    0.0660183   0.00368508
      2.90895    0.0638420   0.00324624
      2.91032    0.0627769   0.00290514
      2.91170    0.0630684   0.00289605
      2.91307    0.0623015   0.00306152
      2.91444    0.0643246   0.00329496
      2.91581    0.0652332   0.00315607
      2.91718    0.0627503   0.00292628
      2.91856    0.0614115   0.00286522
      2.91993    0.0610621   0.00298988
      2.92130    0.0572977   0.00376730
      2.92268    0.0507623   0.00544324
      2.92405    0.0488937   0.00524114
      2.92543    0.0499825   0.00358366
      2.92680    0.0510304   0.00286397
      2.92818    0.0509538   0.00264317
      2.92955    0.0506206   0.00262517
      2.93093    0.0491122   0.00258319
      2.93230    0.0462722   0.00255132
      2.93368    0.0472184   0.00257557
      2.93505    0.0462705   0.00263746
      2.93643    0.0453085   0.00274246
      2.93780    0.0468804   0.00296054
      2.93918    0.0486135   0.00319581
      2.94056    0.0462602   0.00301982
      2.94194    0.0435859   0.00306243
      2.94331    0.0447900   0.00318880
      2.94469    0.0438049   0.00321917
      2.94607    0.0427228   0.00326952
      2.94745    0.0400669   0.00324454
      2.94882    0.0373723   0.00302251
      2.95020    0.0375612   0.00263838
      2.95158    0.0395791   0.00270979
      2.95296    0.0411382   0.00302890
      2.95434    0.0368453   0.00340016
      2.95572    0.0344729   0.00321253
      2.95710    0.0358939   0.00279974
      2.95848    0.0374103   0.00262595
      2.95986    0.0353273   0.00259541
      2.96124    0.0321725   0.00257633
      2.96262    0.0319965   0.00252777
      2.96400    0.0338166   0.00244928
      2.96538    0.0323387   0.00249624
      2.96676    0.0297617   0.00263861
      2.96814    0.0276951   0.00319117
      2.96952    0.0289215   0.00401252
      2.97091    0.0346317   0.00474509
      2.97229    0.0329631   0.00462724
      2.97367    0.0312682   0.00396364
      2.97505    0.0310754   0.00346044
      2.97643    0.0318177   0.00326182
      2.97782    0.0326783   0.00307062
      2.97920    0.0345704   0.00314487
      2.98058    0.0314261   0.00317257
      2.98197    0.0287794   0.00280648
      2.98335    0.0300636   0.00255310
      2.98473    0.0321553   0.00233609
      2.98612    0.0315029   0.00227030
      2.98750    0.0291899   0.00223114
      2.98889    0.0277839   0.00218444
      2.99027    0.0285468   0.00222121
      2.99166    0.0293273   0.00230286
      2.99304    0.0274126   0.00239638
      2.99443    0.0266548   0.00249736
      2.99581    0.0259256   0.00255770
      2.99720    0.0273965   0.00270446
      2.99858    0.0273641   0.00261318
      2.99997    0.0269632   0.00232085
      3.00136    0.0296087   0.00219840
      3.00274    0.0297066   0.00230269
      3.00413    0.0258615   0.00257763
      3.00552    0.0225098   0.00292900
      3.00690    0.0264723   0.00295791
      3.00829    0.0253574   0.00265249
      3.00968    0.0240436   0.00242377
      3.01107    0.0271590   0.00226037
      3.01246    0.0283625   0.00226097
      3.01384    0.0277345   0.00232419
      3.01523    0.0272090   0.00230768
      3.01662    0.0269285   0.00254143
      3.01801    0.0262382   0.00282426
      3.01940    0.0268377   0.00304564
      3.02079    0.0261673   0.00315188
      3.02218    0.0234995   0.00307275
      3.02357    0.0244342   0.00256052
      3.02496    0.0254301   0.00229381
      3.02635    0.0264633   0.00224027
      3.02773    0.0276831   0.00234495
      3.02913    0.0282990   0.00238541
      3.03052    0.0266494   0.00248994
      3.03191    0.0251003   0.00273962
      3.03330    0.0246531   0.00282583
      3.03469    0.0241089   0.00294666
      3.03608    0.0238982   0.00321940
      3.03747    0.0248303   0.00348753
      3.03886    0.0251068   0.00346778
      3.04025    0.0269313   0.00297042
      3.04165    0.0276701   0.00270300
      3.04304    0.0248733   0.00255681
      3.04443    0.0241553   0.00259524
      3.04582    0.0253035   0.00275516
      3.04721    0.0226448   0.00282456
      3.04861    0.0214554   0.00278115
      3.05000    0.0221100   0.00295751
      3.05139    0.0227075   0.00326944
      3.05279    0.0239210   0.00371091
      3.05418    0.0276960   0.00369567
      3.05557    0.0256943   0.00333517
      3.05697    0.0259137   0.00277632
      3.05836    0.0249013   0.00237098
      3.05976    0.0232720   0.00228625
      3.06115    0.0256543   0.00232229
      3.06254    0.0210304   0.00260425
      3.06394    0.0197911   0.00256389
      3.06533    0.0224936   0.00259283
      3.06673    0.0233764   0.00251450
      3.06812    0.0249290   0.00252921
      3.06952    0.0255183   0.00269776
      3.07091    0.0260062   0.00282539
      3.07231    0.0226769   0.00277626
      3.07371    0.0231868   0.00251499
      3.07510    0.0236187   0.00224215
      3.07650    0.0238975   0.00207155
      3.07789    0.0251620   0.00215519
      3.07929    0.0257317   0.00235637
      3.08069    0.0277843   0.00296882
      3.08208    0.0274713   0.00299747
      3.08348    0.0239641   0.00281331
      3.08488    0.0239941   0.00257053
      3.08628    0.0248276   0.00247756
      3.08767    0.0244473   0.00254380
      3.08907    0.0255094   0.00253771
      3.09047    0.0264158   0.00251015
      3.09187    0.0244518   0.00257365
      3.09326    0.0269560   0.00273329
      3.09466    0.0280432   0.00289036
      3.09606    0.0294971   0.00287578
      3.09746    0.0286947   0.00276219
      3.09886    0.0247567   0.00246625
      3.10026    0.0246233   0.00228808
      3.10166    0.0252025   0.00222693
      3.10305    0.0268484   0.00249234
      3.10445    0.0299916   0.00294522
      3.10585    0.0307150   0.00311194
      3.10725    0.0316213   0.00299197
      3.10865    0.0318828   0.00269793
      3.11005    0.0284034   0.00281051
      3.11145    0.0262872   0.00277788
      3.11285    0.0287403   0.00260034
      3.11425    0.0289543   0.00259509
      3.11565    0.0284939   0.00256679
      3.11705    0.0290148   0.00224844
      3.11845    0.0298274   0.00200952
      3.11985    0.0309760   0.00193297
      3.12126    0.0318091   0.00190756
      3.12266    0.0324868   0.00200026
      3.12406    0.0310973   0.00226269
      3.12546    0.0325727   0.00273840
      3.12686    0.0327948   0.00311802
      3.12826    0.0325717   0.00289819
      3.12966    0.0333608   0.00233820
      3.13107    0.0346458   0.00208226
      3.13247    0.0362510   0.00188505
      3.13387    0.0361340   0.00187261
      3.13527    0.0372731   0.00189207
      3.13668    0.0382731   0.00196304
      3.13808    0.0390274   0.00222474
      3.13948    0.0411337   0.00246363
      3.14088    0.0410392   0.00234310
      3.14229    0.0425601   0.00217718
      3.14369    0.0444574   0.00213614
      3.14509    0.0434969   0.00240117
      3.14650    0.0440070   0.00263139
      3.14790    0.0450095   0.00241391
      3.14931    0.0393117   0.00213021
      3.15071    0.0416845   0.00199773
      3.15211    0.0459672   0.00192697
      3.15352    0.0473110   0.00198696
      3.15492    0.0503630   0.00210157
      3.15633    0.0514692   0.00212702
      3.15773    0.0507513   0.00206901
      3.15913    0.0503328   0.00197573
      3.16054    0.0513393   0.00187978
      3.16194    0.0524128   0.00183222
      3.16335    0.0530255   0.00177397
      3.16475    0.0537412   0.00181994
      3.16616    0.0551302   0.00188480
      3.16757    0.0571684   0.00186478
      3.16897    0.0587520   0.00184050
      3.17038    0.0582955   0.00185932
      3.17178    0.0584183   0.00187327
      3.17319    0.0609751   0.00201725
      3.17459    0.0618263   0.00201001
      3.17600    0.0631808   0.00194309
      3.17741    0.0646314   0.00185986
      3.17881    0.0656947   0.00182259
      3.18022    0.0688896   0.00183194
      3.18163    0.0710206   0.00200323
      3.18303    0.0709876   0.00206216
      3.18444    0.0711659   0.00208372
      3.18585    0.0735434   0.00197509
      3.18725    0.0750379   0.00192634
      3.18866    0.0747075   0.00197700
      3.19007    0.0778612   0.00218112
      3.19148    0.0800219   0.00269605
      3.19288    0.0802545   0.00272998
      3.19429    0.0812281   0.00238590
      3.19570    0.0814096   0.00233288
      3.19711    0.0843982   0.00248481
      3.19851    0.0880340   0.00296491
      3.19992    0.0877685   0.00315077
      3.20133    0.0865915   0.00304899
      3.20274    0.0889758   0.00315535
      3.20415    0.0921077   0.00306686
      3.20556    0.0959233   0.00307528
      3.20696    0.0970736   0.00342169
      3.20837    0.0957685   0.00385505
      3.20978    0.0901109   0.00416734
      3.21119    0.0894558   0.00404808
      3.21260    0.0982484   0.00362339
      3.21401     0.103679   0.00306108
      3.21542     0.103063   0.00290180
      3.21683     0.103136   0.00270224
      3.21824     0.107598   0.00256260
      3.21965     0.112187   0.00268373
      3.22106     0.110764   0.00303834
      3.22247     0.111502   0.00395457
      3.22388     0.109458   0.00444950
      3.22529     0.110058   0.00384229
      3.22670     0.118392   0.00325336
      3.22811     0.117388   0.00302490
      3.22952     0.117469   0.00364901
      3.23093     0.121225   0.00359911
      3.23234     0.122675   0.00272881
      3.23375     0.122950   0.00218868
      3.23516     0.123532   0.00193537
      3.23657     0.124222   0.00199466
      3.23798     0.125125   0.00212456
      3.23939     0.128039   0.00252944
      3.24080     0.127390   0.00266009
      3.24221     0.127973   0.00255475
      3.24363     0.128485   0.00264146
      3.24504     0.125457   0.00324443
      3.24645     0.127268   0.00345736
      3.24786     0.130524   0.00362298
      3.24927     0.135581   0.00337154
      3.25068     0.141508   0.00267062
      3.25210     0.141519   0.00206437
      3.25351     0.139874   0.00180823
      3.25492     0.141066   0.00183251
      3.25633     0.143379   0.00184428
      3.25774     0.144588   0.00202741
      3.25916     0.152505   0.00245700
      3.26057     0.156696   0.00337455
      3.26198     0.157317   0.00367440
      3.26339     0.161693   0.00305419
      3.26481     0.161717   0.00230194
      3.26622     0.161501   0.00217740
      3.26763     0.164126   0.00224911
      3.26904     0.165943   0.00271922
      3.27046     0.163494   0.00319076
      3.27187     0.168776   0.00327407
      3.27328     0.173194   0.00253579
      3.27470     0.170181   0.00198523
      3.27611     0.171996   0.00188327
      3.27752     0.175820   0.00198741
      3.27894     0.178360   0.00237089
      3.28035     0.180915   0.00251064
      3.28176     0.181568   0.00217364
      3.28318     0.180635   0.00185185
      3.28459     0.181814   0.00170214
      3.28601     0.185367   0.00169973
      3.28742     0.189119   0.00167860
      3.28883     0.193570   0.00173603
      3.29025     0.200474   0.00187827
      3.29166     0.207965   0.00208099
      3.29308     0.213218   0.00224720
      3.29449     0.221959   0.00260889
      3.29591     0.233098   0.00332466
      3.29732     0.240296   0.00341486
      3.29874     0.239939   0.00365133
      3.30015     0.231961   0.00328156
      3.30157     0.224361   0.00255221
      3.30298     0.220172   0.00227365
      3.30440     0.222901   0.00226228
      3.30581     0.228430   0.00218055
      3.30723     0.228375   0.00220013
      3.30864     0.228655   0.00223329
      3.31006     0.231804   0.00247170
      3.31147     0.243939   0.00297099
      3.31289     0.270605   0.00434167
      3.31430     0.323284    0.0101651
      3.31572     0.284820    0.0280274
      3.31713     0.247160    0.0199570
      3.31855     0.245024    0.0128639
      3.31996     0.226511   0.00688980
      3.32138     0.222997   0.00476321
      3.32280     0.230491   0.00355274
      3.32421     0.237449   0.00283507
      3.32563     0.240938   0.00258016
      3.32704     0.241211   0.00244491
      3.32846     0.241600   0.00246465
      3.32988     0.248112   0.00220912
      3.33129     0.255378   0.00186224
      3.33271     0.259705   0.00180448
      3.33413     0.261302   0.00184686
      3.33554     0.265417   0.00187016
      3.33696     0.269088   0.00179656
      3.33838     0.268738   0.00188621
      3.33979     0.269134   0.00215385
      3.34121     0.272352   0.00216111
      3.34263     0.275873   0.00201601
      3.34404     0.277800   0.00205871
      3.34546     0.280917   0.00223648
      3.34688     0.286978   0.00240147
      3.34829     0.288858   0.00203488
      3.34971     0.289565   0.00182793
      3.35113     0.291804   0.00181372
      3.35255     0.295011   0.00190150
      3.35396     0.301096   0.00197498
      3.35538     0.302672   0.00220019
      3.35680     0.306182   0.00271029
      3.35822     0.308256   0.00247393
      3.35963     0.306189   0.00201881
      3.36105     0.305086   0.00194318
      3.36247     0.308470   0.00200721
      3.36389     0.315939   0.00194169
      3.36531     0.317747   0.00192586
      3.36672     0.318070   0.00190802
      3.36814     0.324636   0.00219272
      3.36956     0.327437   0.00223126
      3.37098     0.323844   0.00202324
      3.37240     0.327448   0.00183824
      3.37381     0.334971   0.00181230
      3.37523     0.341098   0.00186098
      3.37665     0.346048   0.00183768
      3.37807     0.344509   0.00187188
      3.37949     0.346262   0.00217487
      3.38091     0.347413   0.00243842
      3.38232     0.341494   0.00215771
      3.38374     0.334792   0.00196126
      3.38516     0.333998   0.00194685
      3.38658     0.338976   0.00184195
      3.38800     0.345666   0.00169809
      3.38942     0.350714   0.00179457
      3.39084     0.352518   0.00199505
      3.39226     0.352285   0.00231685
      3.39367     0.353451   0.00217506
      3.39509     0.353852   0.00182473
      3.39651     0.350768   0.00174098
      3.39793     0.350138   0.00170968
      3.39935     0.354697   0.00164053
      3.40077     0.358676   0.00174721
      3.40219     0.358911   0.00198904
      3.40361     0.358286   0.00223683
      3.40503     0.356942   0.00245696
      3.40645     0.354631   0.00220245
      3.40787     0.355523   0.00205572
      3.40929     0.360322   0.00202041
      3.41071     0.364425   0.00193102
      3.41213     0.368316   0.00187842
      3.41355     0.371637   0.00195082
      3.41497     0.366940   0.00203449
      3.41639     0.365542   0.00231683
      3.41781     0.370036   0.00209377
      3.41923     0.368720   0.00183814
      3.42064     0.365748   0.00172993
      3.42207     0.367116   0.00172579
      3.42349     0.372271   0.00174931
      3.42491     0.374713   0.00182856
      3.42633     0.372724   0.00201145
      3.42775     0.373172   0.00221000
      3.42917     0.377992   0.00218991
      3.43059     0.379738   0.00196146
      3.43201     0.377000   0.00173339
      3.43343     0.374902   0.00164633
      3.43485     0.375330   0.00167564
      3.43627     0.378074   0.00168806
      3.43769     0.382516   0.00168224
      3.43911     0.382930   0.00182012
      3.44053     0.378896   0.00193141
      3.44195     0.381406   0.00189218
      3.44337     0.382982   0.00169389
      3.44479     0.379640   0.00166651
      3.44621     0.381982   0.00158720
      3.44763     0.386526   0.00165002
      3.44905     0.388586   0.00166137
      3.45047     0.388934   0.00163416
      3.45189     0.386892   0.00173447
      3.45332     0.388139   0.00190797
      3.45474     0.389348   0.00181991
      3.45616     0.393291   0.00170140
      3.45758     0.398244   0.00161467
      3.45900     0.397624   0.00153980
      3.46042     0.400028   0.00155357
      3.46184     0.397420   0.00157132
      3.46326     0.396642   0.00158880
      3.46468     0.398964   0.00170839
      3.46611     0.400817   0.00180137
      3.46753     0.402370   0.00175774
      3.46895     0.405941   0.00162369
      3.47037     0.408818   0.00161139
      3.47179     0.409878   0.00158474
      3.47321     0.411392   0.00159557
      3.47463     0.413180   0.00157159
      3.47606     0.414625   0.00165194
      3.47748     0.415120   0.00164170
      3.47890     0.414803   0.00161420
      3.48032     0.413648   0.00159340
      3.48174     0.417945   0.00159303
      3.48316     0.428155   0.00155821
      3.48459     0.432000   0.00153358
      3.48601     0.432797   0.00157349
      3.48743     0.434927   0.00159001
      3.48885     0.435002   0.00164278
      3.49027     0.437698   0.00160555
      3.49169     0.441471   0.00162072
      3.49312     0.442448   0.00161304
      3.49454     0.443264   0.00157185
      3.49596     0.444863   0.00154247
      3.49738     0.450759   0.00158296
      3.49880     0.455707   0.00155719
      3.50023     0.457912   0.00154718
      3.50165     0.462793   0.00153859
      3.50307     0.465624   0.00160067
      3.50449     0.463713   0.00159120
      3.50591     0.465119   0.00159558
      3.50734     0.463815   0.00152847
      3.50876     0.464960   0.00152128
      3.51018     0.471110   0.00152966
      3.51160     0.471032   0.00151353
      3.51303     0.473655   0.00153365
      3.51445     0.478169   0.00151153
      3.51587     0.482221   0.00152489
      3.51729     0.484844   0.00153587
      3.51872     0.483364   0.00150491
      3.52014     0.485130   0.00153373
      3.52156     0.492400   0.00152287
      3.52298     0.492956   0.00152475
      3.52441     0.495096   0.00147459
      3.52583     0.497409   0.00150008
      3.52725     0.500011   0.00153704
      3.52867     0.508636   0.00153804
      3.53010     0.513399   0.00150901
      3.53152     0.510361   0.00150968
      3.53294     0.506030   0.00155658
      3.53437     0.505900   0.00161203
      3.53579     0.509193   0.00159039
      3.53721     0.509899   0.00161342
      3.53863     0.512987   0.00162581
      3.54006     0.514373   0.00165221
      3.54148     0.516542   0.00162997
      3.54290     0.523917   0.00165201
      3.54433     0.529890   0.00157823
      3.54575     0.530597   0.00156657
      3.54717     0.532272   0.00155502
      3.54859     0.533364   0.00162183
      3.55002     0.537633   0.00150121
      3.55144     0.543723   0.00154238
      3.55286     0.546438   0.00161356
      3.55429     0.548062   0.00162714
      3.55571     0.546891   0.00155449
      3.55713     0.547027   0.00153093
      3.55856     0.549710   0.00158051
      3.55998     0.553919   0.00152932
      3.56140     0.558754   0.00147006
      3.56283     0.559553   0.00151401
      3.56425     0.560792   0.00154178
      3.56567     0.569756   0.00154837
      3.56710     0.584076   0.00160100
      3.56852     0.584883   0.00169578
      3.56994     0.579529   0.00162913
      3.57137     0.578464   0.00158437
      3.57279     0.578586   0.00159947
      3.57421     0.579607   0.00168427
      3.57564     0.585102   0.00162970
      3.57706     0.587980   0.00155291
      3.57848     0.587084   0.00153858
      3.57991     0.588520   0.00154438
      3.58133     0.595869   0.00162689
      3.58275     0.597978   0.00151926
      3.58418     0.595885   0.00159475
      3.58560     0.602002   0.00159951
      3.58702     0.606236   0.00160936
      3.58845     0.610309   0.00156592
      3.58987     0.618599   0.00163438
      3.59130     0.620003   0.00159765
      3.59272     0.618320   0.00161929
      3.59414     0.618705   0.00158084
      3.59557     0.618399   0.00154037
      3.59699     0.616675   0.00156370
      3.59841     0.619673   0.00156898
      3.59984     0.625668   0.00156092
      3.60126     0.630498   0.00152233
      3.60269     0.633721   0.00155996
      3.60411     0.635607   0.00161005
      3.60553     0.634765   0.00160590
      3.60696     0.636847   0.00157428
      3.60838     0.639874   0.00158512
      3.60981     0.641631   0.00153676
      3.61123     0.642293   0.00156908
      3.61265     0.644220   0.00150876
      3.61408     0.646176   0.00151470
      3.61550     0.651751   0.00153973
      3.61693     0.654853   0.00147924
      3.61835     0.649789   0.00155262
      3.61977     0.657985   0.00151122
      3.62120     0.666530   0.00149234
      3.62262     0.671991   0.00152901
      3.62405     0.676906   0.00161187
      3.62547     0.671803   0.00158678
      3.62689     0.667832   0.00167334
      3.62832     0.672335   0.00161122
      3.62974     0.676232   0.00157894
      3.63117     0.676747   0.00153315
      3.63259     0.673336   0.00158575
      3.63402     0.673139   0.00154248
      3.63544     0.682407   0.00149557
      3.63686     0.688869   0.00151420
      3.63829     0.696805   0.00154589
      3.63971     0.700830   0.00147301
      3.64114     0.694987   0.00153891
      3.64256     0.692134   0.00150506
      3.64399     0.696018   0.00147048
      3.64541     0.702698   0.00160123
      3.64683     0.706126   0.00166647
      3.64826     0.705608   0.00157264
      3.64968     0.708240   0.00159542
      3.65111     0.705160   0.00153068
      3.65253     0.695789   0.00149818
      3.65396     0.694175   0.00157178
      3.65538     0.704955   0.00150670
      3.65680     0.716440   0.00148987
      3.65823     0.716058   0.00155539
      3.65965     0.709694   0.00147275
      3.66108     0.712719   0.00149737
      3.66250     0.722671   0.00146801
      3.66393     0.725829   0.00153714
      3.66535     0.723283   0.00155513
      3.66678     0.722144   0.00162511
      3.66820     0.722571   0.00163196
      3.66963     0.724538   0.00154363
      3.67105     0.734640   0.00163296
      3.67248     0.737528   0.00163247
      3.67390     0.728236   0.00165354
      3.67532     0.720564   0.00157464
      3.67675     0.722121   0.00152757
      3.67817     0.730576   0.00160217
      3.67960     0.738841   0.00164001
      3.68102     0.745603   0.00158439
      3.68245     0.751566   0.00165092
      3.68387     0.754009   0.00149124
      3.68530     0.750032   0.00163101
      3.68672     0.744329   0.00160162
      3.68815     0.745108   0.00166474
      3.68957     0.749495   0.00162105
      3.69100     0.756720   0.00158524
      3.69242     0.764558   0.00160125
      3.69385     0.768641   0.00157785
      3.69527     0.770100   0.00150478
      3.69670     0.767233   0.00160248
      3.69812     0.762494   0.00155436
      3.69955     0.762882   0.00150470
      3.70097     0.768757   0.00155061
      3.70240     0.776220   0.00152463
      3.70382     0.784787   0.00161598
      3.70525     0.782189   0.00160369
      3.70667     0.773903   0.00157088
      3.70810     0.773783   0.00157592
      3.70952     0.772872   0.00153994
      3.71095     0.760798   0.00165151
      3.71237     0.763784   0.00163187
      3.71380     0.777078   0.00155809
      3.71522     0.783493   0.00154736
      3.71665     0.790604   0.00149764
      3.71807     0.795902   0.00162772
      3.71950     0.801890   0.00156115
      3.72092     0.807817   0.00158099
      3.72235     0.814162   0.00156177
      3.72377     0.810867   0.00160144
      3.72520     0.809193   0.00163777
      3.72662     0.808658   0.00151900
      3.72805     0.809262   0.00162611
      3.72947     0.810141   0.00160954
      3.73090     0.820082   0.00159562
      3.73232     0.839697   0.00169346
      3.73375     0.855743   0.00162107
      3.73517     0.857198   0.00155225
      3.73660     0.870829   0.00164784
      3.73802     0.898695   0.00167254
      3.73945     0.931660   0.00177482
      3.74087     0.957961   0.00193527
      3.74230     0.948434   0.00174484
      3.74373     0.911038   0.00159812
      3.74515     0.891304   0.00176506
      3.74658     0.884326   0.00167889
      3.74800     0.859074   0.00161115
      3.74943     0.843831   0.00163872
      3.75085     0.845622   0.00165122
      3.75228     0.847865   0.00169906
      3.75370     0.842929   0.00159622
      3.75513     0.839962   0.00166789
      3.75655     0.839698   0.00158435
      3.75798     0.840516   0.00165190
      3.75940     0.844566   0.00157257
      3.76083     0.849977   0.00168045
      3.76226     0.857069   0.00170023
      3.76368     0.850137   0.00175649
      3.76511     0.845549   0.00166263
      3.76653     0.854977   0.00152738
      3.76796     0.863492   0.00160393
      3.76938     0.860239   0.00160664
      3.77081     0.854932   0.00163040
      3.77223     0.867101   0.00164981
      3.77366     0.878459   0.00175725
      3.77509     0.874393   0.00174326
      3.77651     0.867956   0.00154470
      3.77794     0.863137   0.00162895
      3.77936     0.863375   0.00165118
      3.78079     0.859316   0.00168567
      3.78221     0.852141   0.00162227
      3.78364     0.856270   0.00164134
      3.78507     0.867772   0.00167552
      3.78649     0.868179   0.00169775
      3.78792     0.865668   0.00171986
      3.78934     0.870854   0.00170176
      3.79077     0.874252   0.00170232
      3.79219     0.875847   0.00174953
      3.79362     0.876183   0.00161447
      3.79505     0.883786   0.00169015
      3.79647     0.893232   0.00166475
      3.79790     0.886424   0.00167397
      3.79932     0.880521   0.00161702
      3.80075     0.880489   0.00161087
      3.80218     0.877861   0.00162075
      3.80360     0.883061   0.00168127
      3.80503     0.890795   0.00160542
      3.80645     0.889068   0.00162526
      3.80788     0.881695   0.00168334
      3.80930     0.886966   0.00160901
      3.81073     0.894964   0.00167877
      3.81216     0.907259   0.00169165
      3.81358     0.892723   0.00166152
      3.81501     0.893164   0.00168077
      3.81644     0.901540   0.00174266
      3.81786     0.910148   0.00178408
      3.81929     0.917898   0.00166809
      3.82071     0.919384   0.00168558
      3.82214     0.927099   0.00175189
      3.82357     0.937281   0.00173333
      3.82499     0.928527   0.00172322
      3.82642     0.914198   0.00175187
      3.82784     0.912677   0.00166522
      3.82927     0.915996   0.00166402
      3.83070     0.921138   0.00159910
      3.83212     0.919022   0.00166962
      3.83355     0.914140   0.00170586
      3.83498     0.915136   0.00171728
      3.83640     0.914819   0.00169135
      3.83783     0.916989   0.00167149
      3.83925     0.926169   0.00173562
      3.84068     0.923946   0.00175407
      3.84211     0.925080   0.00161735
      3.84353     0.926922   0.00170136
      3.84496     0.919931   0.00164093
      3.84639     0.916960   0.00172579
      3.84781     0.920599   0.00173983
      3.84924     0.927330   0.00175180
      3.85067     0.931087   0.00170056
      3.85209     0.931556   0.00175650
      3.85352     0.932817   0.00170765
      3.85495     0.930853   0.00166229
      3.85637     0.931041   0.00175208
      3.85780     0.932564   0.00174490
      3.85922     0.947596   0.00180175
      3.86065     0.944163   0.00175657
      3.86208     0.937899   0.00172894
      3.86350     0.945964   0.00170484
      3.86493     0.952207   0.00187681
      3.86636     0.949435   0.00191291
      3.86778     0.952056   0.00176575
      3.86921     0.958594   0.00198719
      3.87064     0.953823   0.00175313
      3.87206     0.941437   0.00197501
      3.87349     0.942605   0.00191428
      3.87492     0.948671   0.00193865
      3.87635     0.948220   0.00190859
      3.87777     0.953069   0.00193189
      3.87920     0.958836   0.00197005
      3.88063     0.960728   0.00198554
      3.88205     0.959243   0.00201907
      3.88348     0.955828   0.00206033
      3.88491     0.961999   0.00201778
      3.88633     0.967519   0.00194018
      3.88776     0.963041   0.00185819
      3.88919     0.960404   0.00194284
      3.89061     0.961358   0.00190419
      3.89204     0.963054   0.00198058
      3.89347     0.970566   0.00207262
      3.89490     0.979213   0.00204083
      3.89632     0.986743   0.00186359
      3.89775     0.990083   0.00187256
      3.89918     0.994271   0.00178336
      3.90060     0.997543   0.00187877
      3.90203      1.00098   0.00182778
      3.90346      1.00138   0.00189432
      3.90489      1.00648   0.00187289
      3.90631      1.01179   0.00189676
      3.90774      1.01565   0.00199160
      3.90917      1.01761   0.00195288
      3.91060      1.01178   0.00208888
      3.91202      1.00354   0.00192030
      3.91345     0.998645   0.00200676
      3.91488     0.996592   0.00199716
      3.91631     0.999710   0.00205856
      3.91773     0.996761   0.00214339
      3.91916     0.995700   0.00207912
      3.92059     0.997359   0.00196092
      3.92202     0.997447   0.00191201
      3.92344     0.993944   0.00207403
      3.92487     0.989030   0.00172765
      3.92630     0.994543   0.00195090
      3.92773      1.00311   0.00185428
      3.92915      1.00104   0.00190994
      3.93058      1.00016   0.00184986
      3.93201     0.999106   0.00187803
      3.93344      1.00428   0.00194427
      3.93486      1.00743   0.00182951
      3.93629      1.00558   0.00183243
      3.93772      1.00515   0.00195239
      3.93915      1.00075   0.00170545
      3.94058     0.994725   0.00186850
      3.94200     0.997581   0.00183045
      3.94343     0.999131   0.00185206
      3.94486      1.00375   0.00174791
      3.94629      1.00446   0.00188309
      3.94772      1.00259   0.00184126
      3.94914      1.00601   0.00190740
      3.95057      1.01264   0.00182428
      3.95200      1.01309   0.00179833
      3.95343      1.00967   0.00178639
      3.95486      1.01063   0.00186502
      3.95629      1.01364   0.00172437
      3.95771      1.02294   0.00183934
      3.95914      1.02774   0.00176799
      3.96057      1.02386   0.00186781
      3.96200      1.02865   0.00179423
      3.96343      1.03494   0.00185502
      3.96486      1.03391   0.00179917
      3.96628      1.03132   0.00182838
      3.96771      1.03814   0.00183015
      3.96914      1.04401   0.00188059
      3.97057      1.04166   0.00182999
      3.97200      1.03975   0.00176154
      3.97343      1.04131   0.00186095
      3.97486      1.04463   0.00186328
      3.97629      1.04963   0.00185011
      3.97771      1.04892   0.00185989
      3.97914      1.04501   0.00187328
      3.98057      1.04890   0.00188094
      3.98200      1.05321   0.00191697
      3.98343      1.05303   0.00190252
      3.98486      1.06224   0.00199003
      3.98629      1.06753   0.00164209
      3.98772      1.06347   0.00186747
      3.98915      1.05963   0.00183158
      3.99057      1.06115   0.00189953
      3.99200      1.06565   0.00179379
      3.99343      1.06622   0.00182423
      3.99486      1.06400   0.00190679
      3.99629      1.06233   0.00183234
      3.99772      1.06953   0.00198277
      3.99915      1.07699   0.00184338
      4.00058      1.08737   0.00200262
      4.00201      1.08945   0.00199344
      4.00344      1.07241   0.00195543
      4.00487      1.06619   0.00203038
      4.00630      1.06607   0.00203472
      4.00773      1.05820   0.00201103
      4.00916      1.06266   0.00182507
      4.01059      1.07823   0.00213028
      4.01202      1.08545   0.00207448
      4.01344      1.08430   0.00195139
      4.01487      1.08687   0.00190386
      4.01630      1.09857   0.00205317
      4.01773      1.10871   0.00213253
      4.01916      1.11987   0.00204131
      4.02059      1.11718   0.00203327
      4.02202      1.10339   0.00191042
      4.02345      1.09861   0.00197756
      4.02488      1.09273   0.00212426
      4.02631      1.08367   0.00215119
      4.02774      1.08085   0.00199908
      4.02917      1.08197   0.00217757
      4.03060      1.08453   0.00212075
      4.03204      1.08798   0.00197665
      4.03347      1.09139   0.00229201
      4.03490      1.09452   0.00226750
      4.03633      1.09613   0.00220671
      4.03776      1.09368   0.00219165
      4.03919      1.09547   0.00235817
      4.04062      1.10337   0.00225243
      4.04205      1.10570   0.00223950
      4.04348      1.09578   0.00219663
      4.04491      1.09860   0.00229439
      4.04634      1.12915   0.00220577
      4.04777      1.17496   0.00228238
      4.04920      1.23571   0.00263336
      4.05063      1.31305   0.00241635
      4.05206      1.36213   0.00265156
      4.05349      1.33416   0.00253560
      4.05493      1.25230   0.00232039
      4.05636      1.17750   0.00230398
      4.05779      1.13190   0.00248128
      4.05922      1.11263   0.00220180
      4.06065      1.11178   0.00228065
      4.06208      1.10919   0.00246396
      4.06351      1.09694   0.00241093
      4.06494      1.07899   0.00218895
      4.06638      1.06420   0.00238920
      4.06781      1.06782   0.00246109
      4.06924      1.07840   0.00239199
      4.07067      1.08572   0.00244476
      4.07210      1.08314   0.00263037
      4.07353      1.07506   0.00250910
      4.07497      1.07099   0.00247858
      4.07640      1.06258   0.00249041
      4.07783      1.06143   0.00252854
      4.07926      1.07292   0.00243368
      4.08069      1.07886   0.00252264
      4.08213      1.07461   0.00237431
      4.08356      1.06700   0.00257280
      4.08499      1.07320   0.00243592
      4.08642      1.09262   0.00260259
      4.08785      1.10246   0.00281008
      4.08929      1.09391   0.00263150
      4.09072      1.08834   0.00257907
      4.09215      1.08492   0.00276035
      4.09358      1.07384   0.00288048
      4.09502      1.06657   0.00256757
      4.09645      1.07041   0.00255453
      4.09788      1.07857   0.00254607
      4.09932      1.07755   0.00271833
      4.10075      1.08180   0.00292589
      4.10218      1.09672   0.00274414
      4.10361      1.08816   0.00273885
      4.10505      1.08656   0.00295839
      4.10648      1.09008   0.00259722
      4.10791      1.07773   0.00270160
      4.10935      1.07359   0.00280593
      4.11078      1.07929   0.00295938
      4.11221      1.08240   0.00288362
      4.11365      1.08366   0.00275250
      4.11508      1.08688   0.00295550
      4.11651      1.09119   0.00286755
      4.11795      1.09268   0.00288213
      4.11938      1.08624   0.00273730
      4.12081      1.08496   0.00284676
      4.12225      1.09035   0.00283837
      4.12368      1.09120   0.00306608
      4.12512      1.08497   0.00279373
      4.12655      1.08236   0.00259735
      4.12798      1.08351   0.00288014
      4.12942      1.08583   0.00283498
      4.13085      1.08563   0.00296342
      4.13229      1.08231   0.00291545
      4.13372      1.07427   0.00299305
      4.13516      1.07503   0.00302994
      4.13659      1.08032   0.00303369
      4.13802      1.08867   0.00291661
      4.13946      1.09261   0.00289103
      4.14089      1.08630   0.00306406
      4.14233      1.08924   0.00307316
      4.14376      1.09366   0.00285014
      4.14520      1.08456   0.00320179
      4.14663      1.08545   0.00317953
      4.14807      1.09888   0.00324536
      4.14950      1.09357   0.00358318
      4.15094      1.08068   0.00324881
      4.15237      1.07845   0.00355046
      4.15381      1.07563   0.00328571
      4.15524      1.07111   0.00335507
      4.15668      1.06929   0.00357186
      4.15812      1.07392   0.00322671
      4.15955      1.07202   0.00369756
      4.16099      1.05838   0.00369783
      4.16242      1.06170   0.00393622
      4.16386      1.07469   0.00390426
      4.16529      1.07285   0.00421688
      4.16673      1.08164   0.00367282
      4.16817      1.09724   0.00452711
      4.16960      1.09261   0.00444297
      4.17104      1.08191   0.00445721
      4.17248      1.08256   0.00489840
      4.17391      1.07850   0.00511706
      4.17535      1.06204   0.00541722
      4.17679      1.04711   0.00576214
      4.17822      1.02731   0.00585463
      4.17966      1.00767   0.00721795
      4.18110     0.978062   0.00857582
      4.18253     0.958498    0.0111173
      4.18397     0.930275    0.0154014
      4.18541     0.900823    0.0219380
      4.18684     0.760100    0.0358646
      4.18828     0.653323    0.0739546
      4.18972     0.498793     0.153289
      4.19116     0.362129     0.347382
      4.19259     0.377025     0.629457
      4.19403    0.0721439      2.52640
      4.19547      1.06456      2.07734
      4.19691     0.275787      4.60048
      4.19834      11.8810      16.2346
      4.19978      9.04197      3.00522
      4.20122   -0.0437531      1.58336
      4.20266      1.80460      1.13157
      4.20410     -1.60051      10.7161
      4.20554     -3.76316      5.46694
      4.20697     -6.58920      3.57244
      4.20841     -5.07257      6.77077
      4.20985     -9.72128      2.39264
      4.21129     -5.23509      3.16049
      4.21273     -13.2575      116.501
      4.21417     -10.0841      6.28626
      4.21561      1.95082      15.2425
      4.21705     -2.93635      7.55423
      4.21849     -9.29085      5.75322
      4.21992     -6.88957      22.8296
      4.22136     -8.69575      1.95615
      4.22280     -6.16726      2.46849
      4.22424     -1.06637      1.11671
      4.22568    0.0884526      3.19395
      4.22712     0.311735      3.67842
      4.22856     -1.26685      2.65117
      4.23000     -37.6445      7681.67
      4.23144     -40.0256      11.9378
      4.23288     -8.01696      1.61365
      4.23432      4.95992      58.0681
      4.23576      7.95025      3.20629
      4.23720      2.32375      6.76029
      4.23865     -1.74701      2.52445
      4.24009     -1.32181      3.42580
      4.24153     -1.60047      2.21293
      4.24297     0.614415      155.751
      4.24441     -1.14874      6.87146
      4.24585     -4.77188      3.38406
      4.24729      1.10346      4.88403
      4.24873      4.82454      20.0185
      4.25017     -1.39578      4.96922
      4.25162     -6.96182      6.02675
      4.25306     -31.9515      7.96007
      4.25450     -22.9077      8.24939
      4.25594     -1.46700      17.4352
      4.25738     -1.57068      10.9535
      4.25882     -6.05227      35.2592
      4.26027     -11.6178      2.82788
      4.26171      5.03064      17.7865
      4.26315     -18.8210      42.8985
      4.26459     -30.3798      70.3242
      4.26604     -24.0706      49.5252
      4.26748     -25.1882      34.2770
      4.26892     -17.7813      135.344
      4.27037      23.6433      13.7856
      4.27181      22.8217      336178.
      4.27325      0.00000    0.0214082
