SOURCE  = LLN 20                        / Source name
STANDARD= BS3468                        / Standard name
OBSDATE = 15-11-2001                    / Date of observation
SPOS    = 08:49:26.1  -43:17:45.4       / Source position RA,DEC,J2000
STPOS   = 08:43:35.3  -33:11:30.9       / Standard position RA,DEC,J2000
STSPT   = B1.5III                       / Standard spectral type
STTEFF  = 23000                         / Standard effective temperature [K]
STMAG   = 4.22                          / Standard magnitude (adopted)
WAVEZP  = 3.45                          / Wavelength zero point [micron]
FLUXZP  = 290                           / Flux zero point [Jy]
SAIRM   = 1.311                         / Source mean airmass
STAIRM  = 1.104                         / Standard mean airmass
AIRMCORR= 1.17                          / Optimal (adopted) airmass correction
SPECRES = ~1200                         / Spectral resolution

Created by K. M. Pontoppidan             Mon May 12 18:40:04 2003

Wavelength [micron] Flux [Jy] Statistical Error [Jy]

      2.78999      0.00000      3.83699
      2.79129      6.94533      1.49664
      2.79259      31.6886      49.4761
      2.79389      9.77632      6.94792
      2.79519      7.47499      603.264
      2.79649      15.5782      24.8385
      2.79780      5.01369      2.15555
      2.79910    0.0982446     0.410039
      2.80040    -0.757264     0.405133
      2.80171    -0.447474     0.393524
      2.80301    -0.537033     0.258480
      2.80432     0.219863     0.185993
      2.80562      1.46604     0.215142
      2.80693      3.68383      1.16223
      2.80824      2.83512      1.29876
      2.80955      14.0044      8.19409
      2.81086     -6.80675      1.71771
      2.81217     -1.69665     0.330584
      2.81348     0.457532    0.0980522
      2.81479    0.0925149    0.0556536
      2.81610    -0.154636    0.0333788
      2.81741    0.0758249    0.0304925
      2.81872     0.244345    0.0464709
      2.82004     0.226387    0.0732600
      2.82135     0.150941    0.0706516
      2.82267     0.369953     0.112048
      2.82398    -0.121184    0.0920420
      2.82530   0.00261152    0.0434839
      2.82662   0.00529018    0.0167177
      2.82793    0.0441392   0.00932030
      2.82925   0.00830561   0.00771627
      2.83057    0.0210315   0.00720769
      2.83189    0.0324661   0.00618790
      2.83321    0.0150232   0.00507487
      2.83453    0.0104358   0.00495155
      2.83586    0.0171318   0.00848407
      2.83718  0.000183032    0.0211551
      2.83850   -0.0378375    0.0494839
      2.83982   -0.0644856    0.0437450
      2.84115    0.0305323    0.0241873
      2.84247    0.0580657    0.0144016
      2.84380   0.00687711   0.00779827
      2.84512   0.00841394   0.00538393
      2.84645    0.0150396   0.00394717
      2.84778    0.0131994   0.00363481
      2.84911    0.0142063   0.00456414
      2.85043    0.0118132   0.00786042
      2.85176    0.0171504   0.00889432
      2.85309    0.0205130   0.00820505
      2.85442    0.0197571   0.00718298
      2.85575    0.0130836    0.0100269
      2.85709    0.0287753    0.0145617
      2.85842    0.0206749    0.0100516
      2.85975    0.0106294   0.00593005
      2.86108   0.00188756   0.00440385
      2.86242   0.00507321   0.00435974
      2.86375   0.00751802   0.00410451
      2.86509    0.0131362   0.00318147
      2.86642   0.00905219   0.00287626
      2.86776   0.00947105   0.00300717
      2.86910    0.0148942   0.00366677
      2.87043    0.0133476   0.00402245
      2.87177   0.00793243   0.00448032
      2.87311   0.00877196   0.00445763
      2.87445   0.00402195   0.00438879
      2.87579    0.0114671   0.00318329
      2.87713    0.0101814   0.00243086
      2.87847    0.0101357   0.00231904
      2.87981   0.00690254   0.00254026
      2.88115   0.00737562   0.00254107
      2.88249   0.00833608   0.00247148
      2.88384   0.00682329   0.00243407
      2.88518   0.00778812   0.00243130
      2.88653    0.0138076   0.00258288
      2.88787    0.0119869   0.00264085
      2.88922   0.00746462   0.00289383
      2.89056   0.00741040   0.00313885
      2.89191    0.0114718   0.00276653
      2.89325    0.0130784   0.00229484
      2.89460    0.0107547   0.00217820
      2.89595   0.00959494   0.00187707
      2.89730    0.0120085   0.00171134
      2.89865    0.0128027   0.00175172
      2.90000   0.00614548   0.00197362
      2.90135   0.00718022   0.00282552
      2.90270    0.0103185   0.00365577
      2.90405    0.0144377   0.00324676
      2.90540    0.0142880   0.00284984
      2.90675   0.00814345   0.00286291
      2.90810   0.00316048   0.00249597
      2.90946   0.00268960   0.00208393
      2.91081   0.00839922   0.00186139
      2.91216   0.00678679   0.00172985
      2.91352   0.00797120   0.00179788
      2.91487   0.00654543   0.00197977
      2.91623   0.00714338   0.00194810
      2.91758   0.00710453   0.00182811
      2.91894   0.00893668   0.00175020
      2.92030    0.0106800   0.00175882
      2.92166    0.0102267   0.00210491
      2.92301   0.00693996   0.00301679
      2.92437   0.00366942   0.00344857
      2.92573   0.00445256   0.00256766
      2.92709   0.00586424   0.00188736
      2.92845   0.00675173   0.00165655
      2.92981   0.00385895   0.00163859
      2.93117   0.00515093   0.00163600
      2.93253   0.00539643   0.00157744
      2.93390   0.00815874   0.00159292
      2.93526   0.00559542   0.00162655
      2.93662   0.00418401   0.00167291
      2.93798   0.00388589   0.00180078
      2.93935   0.00342494   0.00196040
      2.94071   0.00297891   0.00202044
      2.94208   0.00370931   0.00195040
      2.94344   0.00681529   0.00201736
      2.94481   0.00607148   0.00212194
      2.94617   0.00523985   0.00205014
      2.94754   0.00531786   0.00207050
      2.94891   0.00401057   0.00198411
      2.95027   0.00427943   0.00170105
      2.95164   0.00497922   0.00170028
      2.95301   0.00243361   0.00180059
      2.95438  0.000762333   0.00215930
      2.95575   0.00495824   0.00201462
      2.95712   0.00395021   0.00181374
      2.95849   0.00360311   0.00173483
      2.95986   0.00477331   0.00162239
      2.96123   0.00396771   0.00160991
      2.96260   0.00378443   0.00160460
      2.96397   0.00341962   0.00160116
      2.96534   0.00509073   0.00156796
      2.96671   0.00398614   0.00174873
      2.96809   0.00435173   0.00209740
      2.96946   0.00383469   0.00258225
      2.97083   0.00271631   0.00304456
      2.97221  0.000878458   0.00315002
      2.97358   0.00184978   0.00280485
      2.97496  0.000494766   0.00237553
      2.97633   0.00182063   0.00221768
      2.97771   0.00614362   0.00211315
      2.97909   0.00489029   0.00201573
      2.98046   0.00697086   0.00202153
      2.98184   0.00331738   0.00174817
      2.98322   0.00347421   0.00159579
      2.98459   0.00346859   0.00148658
      2.98597   0.00410741   0.00142997
      2.98735   0.00360098   0.00139773
      2.98873   0.00386143   0.00142664
      2.99011   0.00450559   0.00142651
      2.99149   0.00121235   0.00149200
      2.99287   0.00140809   0.00156525
      2.99425   0.00443012   0.00160775
      2.99563   0.00398718   0.00162159
      2.99701   0.00321192   0.00169404
      2.99839   0.00353353   0.00157715
      2.99977   0.00251579   0.00150619
      3.00116   0.00512379   0.00139806
      3.00254   0.00349653   0.00147557
      3.00392   0.00221907   0.00157746
      3.00531   0.00519815   0.00183761
      3.00669   0.00443095   0.00185175
      3.00807   0.00524231   0.00170926
      3.00946   0.00327910   0.00150911
      3.01084   0.00508324   0.00140434
      3.01223   0.00293898   0.00142747
      3.01361   0.00239566   0.00146933
      3.01500   0.00225114   0.00146634
      3.01639   0.00324764   0.00158807
      3.01777   0.00348702   0.00180461
      3.01916   0.00298556   0.00197951
      3.02055   0.00148010   0.00192689
      3.02193   0.00147063   0.00188559
      3.02332   0.00474037   0.00157897
      3.02471   0.00335135   0.00139063
      3.02610   0.00445867   0.00134172
      3.02749   0.00179824   0.00141764
      3.02888   0.00243160   0.00149932
      3.03027   0.00548038   0.00155427
      3.03166   0.00576582   0.00167374
      3.03305   0.00432232   0.00180977
      3.03444   0.00409683   0.00185520
      3.03583   0.00452510   0.00206327
      3.03722   0.00382937   0.00210976
      3.03861   0.00482672   0.00195689
      3.04000   0.00154842   0.00171748
      3.04140   0.00451016   0.00164352
      3.04279   0.00291465   0.00155883
      3.04418   0.00398385   0.00159424
      3.04557   0.00296954   0.00173642
      3.04697   0.00279044   0.00170552
      3.04836   0.00165085   0.00188387
      3.04976  0.000709918   0.00198156
      3.05115 -0.000608814   0.00227878
      3.05254   0.00258286   0.00237988
      3.05394   0.00514304   0.00222476
      3.05533   0.00595942   0.00199432
      3.05673   0.00387290   0.00168123
      3.05813   0.00363255   0.00151538
      3.05952   0.00293325   0.00147455
      3.06092   0.00251978   0.00148119
      3.06232   0.00195648   0.00162963
      3.06371   0.00398141   0.00162146
      3.06511   0.00337551   0.00158047
      3.06651   0.00153949   0.00166322
      3.06790   0.00102843   0.00166618
      3.06930   0.00105965   0.00175320
      3.07070   0.00267883   0.00177077
      3.07210   0.00522703   0.00167741
      3.07350   0.00714817   0.00160741
      3.07490   0.00540724   0.00140770
      3.07630   0.00509835   0.00136864
      3.07770   0.00303122   0.00141496
      3.07910   0.00229004   0.00161741
      3.08050   0.00289486   0.00185982
      3.08190   0.00404732   0.00192778
      3.08330   0.00140342   0.00167439
      3.08470   0.00176209   0.00156274
      3.08610   0.00234218   0.00158042
      3.08750   0.00191884   0.00160683
      3.08891   0.00207502   0.00163372
      3.09031   0.00475401   0.00167646
      3.09171   0.00561054   0.00173659
      3.09311   0.00325440   0.00180554
      3.09452   0.00230059   0.00184373
      3.09592   0.00368169   0.00186158
      3.09732   0.00162365   0.00173195
      3.09873   0.00823856   0.00161842
      3.10013   0.00535145   0.00151703
      3.10153   0.00528107   0.00150430
      3.10294   0.00849018   0.00177080
      3.10434   0.00498997   0.00198793
      3.10575   0.00473367   0.00206585
      3.10715   0.00239996   0.00182165
      3.10856   0.00658609   0.00179813
      3.10996   0.00420573   0.00182078
      3.11137   0.00330327   0.00177437
      3.11277   0.00146139   0.00162167
      3.11418  0.000573503   0.00162257
      3.11559   0.00365233   0.00155674
      3.11699   0.00350226   0.00135985
      3.11840   0.00351995   0.00121957
      3.11981   0.00430512   0.00123228
      3.12122   0.00473791   0.00124875
      3.12262   0.00715284   0.00135892
      3.12403   0.00428299   0.00162366
      3.12544   0.00428736   0.00197426
      3.12685   0.00708330   0.00198026
      3.12825   0.00757029   0.00171733
      3.12966   0.00484620   0.00138563
      3.13107   0.00639322   0.00120718
      3.13248   0.00573508   0.00118000
      3.13389   0.00560416   0.00117378
      3.13530   0.00616275   0.00122211
      3.13671   0.00644524   0.00127400
      3.13812   0.00800980   0.00148374
      3.13953   0.00421977   0.00157302
      3.14094   0.00754028   0.00141509
      3.14235   0.00645766   0.00138891
      3.14376   0.00556928   0.00144188
      3.14517   0.00489036   0.00164004
      3.14658   0.00380337   0.00159593
      3.14799   0.00614902   0.00141281
      3.14940   0.00728669   0.00127699
      3.15082   0.00761562   0.00124696
      3.15223   0.00799036   0.00124454
      3.15364   0.00758151   0.00131425
      3.15505   0.00784908   0.00134245
      3.15646   0.00763465   0.00132744
      3.15788   0.00649772   0.00124798
      3.15929   0.00702717   0.00120002
      3.16070   0.00828722   0.00115788
      3.16212   0.00922661   0.00116112
      3.16353   0.00912555   0.00113655
      3.16494   0.00862312   0.00115299
      3.16635   0.00838918   0.00119186
      3.16777   0.00825945   0.00117352
      3.16918   0.00975460   0.00117502
      3.17060   0.00973887   0.00122542
      3.17201   0.00866254   0.00127261
      3.17342   0.00844509   0.00124911
      3.17484   0.00904474   0.00123317
      3.17625   0.00851816   0.00118728
      3.17767   0.00918039   0.00113650
      3.17908   0.00924150   0.00123920
      3.18050   0.00942542   0.00122044
      3.18191   0.00842980   0.00128360
      3.18333   0.00957135   0.00136457
      3.18475    0.0101522   0.00126050
      3.18616   0.00963564   0.00122401
      3.18758    0.0101346   0.00125304
      3.18899    0.0117667   0.00137168
      3.19041    0.0130928   0.00174380
      3.19183    0.0143085   0.00185196
      3.19324    0.0147321   0.00170611
      3.19466    0.0147738   0.00149781
      3.19607    0.0109016   0.00156424
      3.19749   0.00926907   0.00199302
      3.19891   0.00977966   0.00218689
      3.20033   0.00787876   0.00215641
      3.20174    0.0107120   0.00220875
      3.20316    0.0142706   0.00215078
      3.20458    0.0136497   0.00213957
      3.20600    0.0122339   0.00243262
      3.20741    0.0144111   0.00279343
      3.20883    0.0131980   0.00301970
      3.21025    0.0118589   0.00329419
      3.21167   0.00911590   0.00303315
      3.21309   0.00988138   0.00240135
      3.21450    0.0140139   0.00195741
      3.21592    0.0113025   0.00188955
      3.21734    0.0142023   0.00179531
      3.21876    0.0167590   0.00178355
      3.22018    0.0159888   0.00188003
      3.22160    0.0142149   0.00249214
      3.22302    0.0181885   0.00300654
      3.22444    0.0207317   0.00297592
      3.22586    0.0132621   0.00251587
      3.22728    0.0155082   0.00207618
      3.22869    0.0157983   0.00228026
      3.23011    0.0167821   0.00262555
      3.23153    0.0189033   0.00212576
      3.23295    0.0199452   0.00150194
      3.23437    0.0124470   0.00127943
      3.23579    0.0190196   0.00122986
      3.23721    0.0186364   0.00134348
      3.23864    0.0196714   0.00151347
      3.24006    0.0181585   0.00166398
      3.24148    0.0161397   0.00162250
      3.24290    0.0163321   0.00166010
      3.24432    0.0204242   0.00206435
      3.24574    0.0200614   0.00220905
      3.24716    0.0172932   0.00242176
      3.24858    0.0166962   0.00235440
      3.25000    0.0211827   0.00180051
      3.25142    0.0198459   0.00137965
      3.25284    0.0192730   0.00116046
      3.25426    0.0188117   0.00112747
      3.25569    0.0189985   0.00116964
      3.25711    0.0196751   0.00125723
      3.25853    0.0211845   0.00148678
      3.25995    0.0210627   0.00199323
      3.26137    0.0219812   0.00228353
      3.26279    0.0216691   0.00215290
      3.26422    0.0226904   0.00170095
      3.26564    0.0258049   0.00147686
      3.26706    0.0231749   0.00145071
      3.26848    0.0222426   0.00166412
      3.26990    0.0216292   0.00203946
      3.27133    0.0252314   0.00202728
      3.27275    0.0259687   0.00176677
      3.27417    0.0264273   0.00135883
      3.27559    0.0247284   0.00125967
      3.27702    0.0265286   0.00119620
      3.27844    0.0263226   0.00142461
      3.27986    0.0294956   0.00150170
      3.28129    0.0299065   0.00141742
      3.28271    0.0284716   0.00118901
      3.28413    0.0267510   0.00105979
      3.28555    0.0272759   0.00105513
      3.28698    0.0282302   0.00108012
      3.28840    0.0301991   0.00109949
      3.28982    0.0309810   0.00116229
      3.29125    0.0320892   0.00123965
      3.29267    0.0324558   0.00140519
      3.29409    0.0333182   0.00152048
      3.29552    0.0348503   0.00185159
      3.29694    0.0389518   0.00225519
      3.29836    0.0400030   0.00218615
      3.29979    0.0371402   0.00229966
      3.30121    0.0358081   0.00172973
      3.30263    0.0309854   0.00143045
      3.30406    0.0318265   0.00138388
      3.30548    0.0341052   0.00130903
      3.30691    0.0347571   0.00138685
      3.30833    0.0339779   0.00143215
      3.30975    0.0358327   0.00158325
      3.31118    0.0372654   0.00181799
      3.31260    0.0416141   0.00235830
      3.31403    0.0613340   0.00499435
      3.31545    0.0472097    0.0133859
      3.31687    0.0406335    0.0145079
      3.31830    0.0360384   0.00939586
      3.31972    0.0386616   0.00597957
      3.32115    0.0327212   0.00355017
      3.32257    0.0336429   0.00245176
      3.32399    0.0323269   0.00184160
      3.32542    0.0348054   0.00171110
      3.32684    0.0333138   0.00157262
      3.32827    0.0317418   0.00156970
      3.32969    0.0362740   0.00147562
      3.33112    0.0362748   0.00132940
      3.33254    0.0375594   0.00115980
      3.33396    0.0360401   0.00115089
      3.33539    0.0368625   0.00120278
      3.33681    0.0363050   0.00124545
      3.33824    0.0365671   0.00121510
      3.33966    0.0372150   0.00132747
      3.34109    0.0386858   0.00135702
      3.34251    0.0402971   0.00137092
      3.34394    0.0392093   0.00136380
      3.34536    0.0392425   0.00142532
      3.34679    0.0384928   0.00156846
      3.34821    0.0402829   0.00138417
      3.34964    0.0401866   0.00122630
      3.35106    0.0395176   0.00117000
      3.35248    0.0409824   0.00115900
      3.35391    0.0431997   0.00121615
      3.35533    0.0426324   0.00146557
      3.35676    0.0409906   0.00161023
      3.35818    0.0430702   0.00160260
      3.35961    0.0426239   0.00140909
      3.36103    0.0416177   0.00133744
      3.36246    0.0436286   0.00133198
      3.36388    0.0450047   0.00133988
      3.36531    0.0420831   0.00121303
      3.36673    0.0448737   0.00118894
      3.36816    0.0461001   0.00132853
      3.36958    0.0438881   0.00146713
      3.37101    0.0458881   0.00139004
      3.37243    0.0438665   0.00127169
      3.37386    0.0437521   0.00119697
      3.37528    0.0452494   0.00111475
      3.37671    0.0454254   0.00113773
      3.37813    0.0467366   0.00119580
      3.37956    0.0476543   0.00136076
      3.38098    0.0475729   0.00140525
      3.38241    0.0493241   0.00144220
      3.38383    0.0479231   0.00131780
      3.38526    0.0467033   0.00118230
      3.38668    0.0463532   0.00113157
      3.38811    0.0490719   0.00110946
      3.38953    0.0497831   0.00109234
      3.39096    0.0501558   0.00125967
      3.39238    0.0521239   0.00139996
      3.39381    0.0508210   0.00133151
      3.39523    0.0512376   0.00125599
      3.39665    0.0494376   0.00107461
      3.39808    0.0491152   0.00106793
      3.39950    0.0517159   0.00107480
      3.40093    0.0523811   0.00111190
      3.40235    0.0513419   0.00119120
      3.40378    0.0488533   0.00136561
      3.40520    0.0460247   0.00156541
      3.40663    0.0509737   0.00150678
      3.40805    0.0513134   0.00130891
      3.40948    0.0523321   0.00132383
      3.41090    0.0548488   0.00129238
      3.41233    0.0532045   0.00122012
      3.41375    0.0538036   0.00120249
      3.41518    0.0542467   0.00123987
      3.41660    0.0535357   0.00145050
      3.41802    0.0561858   0.00146907
      3.41945    0.0551713   0.00122404
      3.42087    0.0548389   0.00109589
      3.42230    0.0541050   0.00107468
      3.42372    0.0568106   0.00111210
      3.42515    0.0569391   0.00115711
      3.42657    0.0558802   0.00120933
      3.42800    0.0545367   0.00129677
      3.42942    0.0573205   0.00142520
      3.43084    0.0587758   0.00130694
      3.43227    0.0590256   0.00118170
      3.43369    0.0571419   0.00106665
      3.43512    0.0583775   0.00106665
      3.43654    0.0582417   0.00106839
      3.43796    0.0590023   0.00111523
      3.43939    0.0588466   0.00113793
      3.44081    0.0573546   0.00119711
      3.44224    0.0595336   0.00132910
      3.44366    0.0606651   0.00120252
      3.44508    0.0590451   0.00106724
      3.44651    0.0592894   0.00102948
      3.44793    0.0606420   0.00108623
      3.44936    0.0590492   0.00109819
      3.45078    0.0593945   0.00112517
      3.45220    0.0602437   0.00117204
      3.45363    0.0617709   0.00117568
      3.45505    0.0617194   0.00118874
      3.45648    0.0616356   0.00121042
      3.45790    0.0620329   0.00106648
      3.45932    0.0629796   0.00106848
      3.46075    0.0627399   0.00103297
      3.46217    0.0639096   0.00106568
      3.46359    0.0635203   0.00104117
      3.46502    0.0652376   0.00106138
      3.46644    0.0660036   0.00116721
      3.46786    0.0649291   0.00108485
      3.46929    0.0652429   0.00114164
      3.47071    0.0637544   0.00101799
      3.47213    0.0645852   0.00102173
      3.47356    0.0656340   0.00104706
      3.47498    0.0654480   0.00102102
      3.47640    0.0653339   0.00103114
      3.47782    0.0654487   0.00108734
      3.47925    0.0646292   0.00106968
      3.48067    0.0659883  0.000982192
      3.48209    0.0648406   0.00104544
      3.48352    0.0671053   0.00102051
      3.48494    0.0682601   0.00100781
      3.48636    0.0685707   0.00104117
      3.48778    0.0699418  0.000998518
      3.48921    0.0707267   0.00101029
      3.49063    0.0714003   0.00102563
      3.49205    0.0710967   0.00101636
      3.49347    0.0709957   0.00103447
      3.49490    0.0699421  0.000962139
      3.49632    0.0716354   0.00100448
      3.49774    0.0727710  0.000983490
      3.49916    0.0737554   0.00102777
      3.50059    0.0744183  0.000999950
      3.50201    0.0740979   0.00103535
      3.50343    0.0740582  0.000979579
      3.50485    0.0748232  0.000985664
      3.50627    0.0736835   0.00100445
      3.50769    0.0735131  0.000995916
      3.50912    0.0759411  0.000967096
      3.51054    0.0767254   0.00102557
      3.51196    0.0771781  0.000992412
      3.51338    0.0776993   0.00101991
      3.51480    0.0774285   0.00100531
      3.51622    0.0786411  0.000965349
      3.51765    0.0793222  0.000976851
      3.51907    0.0798008  0.000944256
      3.52049    0.0790594  0.000982955
      3.52191    0.0802413  0.000989717
      3.52333    0.0800254   0.00100195
      3.52475    0.0800899   0.00101023
      3.52617    0.0807058  0.000981703
      3.52759    0.0815897  0.000955989
      3.52901    0.0803366  0.000960084
      3.53044    0.0798651  0.000964713
      3.53186    0.0808910  0.000980977
      3.53328    0.0818113  0.000993373
      3.53470    0.0807161   0.00105875
      3.53612    0.0826278   0.00102747
      3.53754    0.0838082   0.00101077
      3.53896    0.0851320  0.000995108
      3.54038    0.0828706   0.00106062
      3.54180    0.0836954   0.00105142
      3.54322    0.0856724   0.00105882
      3.54464    0.0855561   0.00110358
      3.54606    0.0868561  0.000984381
      3.54748    0.0863394  0.000971717
      3.54890    0.0865392   0.00104261
      3.55032    0.0871132   0.00105191
      3.55174    0.0880596  0.000967276
      3.55316    0.0886625   0.00102454
      3.55458    0.0883910   0.00100904
      3.55600    0.0906101   0.00101581
      3.55742    0.0908502  0.000954793
      3.55884    0.0889015  0.000964728
      3.56026    0.0890294  0.000951588
      3.56168    0.0918630  0.000961498
      3.56309    0.0926792  0.000973362
      3.56451    0.0917227  0.000986045
      3.56593    0.0922361  0.000980449
      3.56735    0.0940474   0.00104209
      3.56877    0.0959403   0.00103000
      3.57019    0.0957164   0.00102286
      3.57161    0.0967139  0.000965994
      3.57303    0.0969107  0.000996945
      3.57445    0.0972583  0.000991609
      3.57586    0.0975881   0.00105903
      3.57728    0.0980585   0.00100482
      3.57870    0.0977206   0.00104970
      3.58012    0.0981172   0.00103299
      3.58154    0.0993914  0.000959389
      3.58295     0.100310   0.00101980
      3.58437     0.100841   0.00110183
      3.58579    0.0998824   0.00102344
      3.58721     0.100021   0.00103129
      3.58863     0.101834   0.00105827
      3.59004     0.103352   0.00104508
      3.59146     0.102147   0.00102157
      3.59288     0.101687  0.000976148
      3.59430     0.102067   0.00101677
      3.59571     0.103572   0.00103004
      3.59713     0.104630  0.000986606
      3.59855     0.105052   0.00100917
      3.59997     0.106249  0.000998330
      3.60138     0.107227  0.000996603
      3.60280     0.106318  0.000962410
      3.60422     0.107277   0.00101200
      3.60563     0.108349   0.00106651
      3.60705     0.108355   0.00102164
      3.60847     0.108955   0.00104666
      3.60988     0.110075   0.00106290
      3.61130     0.109462   0.00105892
      3.61272     0.109681  0.000997057
      3.61413     0.110080   0.00105062
      3.61555     0.109587   0.00107334
      3.61697     0.110093  0.000986152
      3.61838     0.111814  0.000952912
      3.61980     0.112391  0.000992958
      3.62121     0.112077   0.00104997
      3.62263     0.111316   0.00100240
      3.62404     0.112309  0.000997995
      3.62546     0.113817   0.00101501
      3.62688     0.113293   0.00106107
      3.62829     0.115413   0.00106956
      3.62971     0.116493   0.00104950
      3.63112     0.115939  0.000978458
      3.63254     0.115700  0.000972486
      3.63395     0.116302  0.000998505
      3.63537     0.117864  0.000971901
      3.63678     0.117648  0.000959229
      3.63820     0.118522   0.00102511
      3.63961     0.117765  0.000932254
      3.64103     0.118081  0.000933914
      3.64244     0.119996  0.000946462
      3.64386     0.120029  0.000949160
      3.64527     0.121095  0.000988513
      3.64668     0.122365  0.000998536
      3.64810     0.122391  0.000987978
      3.64951     0.124192   0.00101953
      3.65093     0.122698   0.00100216
      3.65234     0.122018  0.000968444
      3.65376     0.123771  0.000976253
      3.65517     0.123113  0.000979088
      3.65658     0.123721  0.000940623
      3.65800     0.125744  0.000891686
      3.65941     0.126002  0.000927529
      3.66082     0.126573  0.000988258
      3.66224     0.127509  0.000991610
      3.66365     0.127717   0.00102552
      3.66506     0.128130  0.000994505
      3.66648     0.129604   0.00100062
      3.66789     0.131687  0.000981407
      3.66930     0.129668   0.00101604
      3.67072     0.130402  0.000934065
      3.67213     0.129589  0.000974937
      3.67354     0.132270   0.00102376
      3.67495     0.130792   0.00102298
      3.67637     0.130718   0.00103825
      3.67778     0.131445   0.00102880
      3.67919     0.131690  0.000999118
      3.68060     0.133282  0.000938051
      3.68202     0.133749   0.00109034
      3.68343     0.135460   0.00104721
      3.68484     0.134896   0.00102100
      3.68625     0.137169  0.000973845
      3.68766     0.137564   0.00101436
      3.68908     0.138693   0.00100712
      3.69049     0.138876   0.00106833
      3.69190     0.138249   0.00107838
      3.69331     0.137764   0.00101367
      3.69472     0.139054  0.000951059
      3.69613     0.140725  0.000950426
      3.69755     0.141231   0.00102106
      3.69896     0.142022  0.000995194
      3.70037     0.140553   0.00103650
      3.70178     0.142073  0.000975519
      3.70319     0.144847   0.00101809
      3.70460     0.146605   0.00107836
      3.70601     0.147662   0.00106556
      3.70742     0.148725   0.00104657
      3.70883     0.144308   0.00100679
      3.71024     0.143681   0.00106366
      3.71165     0.144294   0.00105734
      3.71306     0.144149   0.00103828
      3.71448     0.144696   0.00105863
      3.71589     0.145603   0.00105764
      3.71730     0.148458   0.00112693
      3.71871     0.149679   0.00103134
      3.72012     0.148740   0.00105601
      3.72153     0.148944   0.00101166
      3.72294     0.151767   0.00115107
      3.72434     0.150700   0.00103804
      3.72575     0.151898   0.00107035
      3.72716     0.153081   0.00102552
      3.72857     0.152216   0.00101546
      3.72998     0.152187   0.00108121
      3.73139     0.152210   0.00106074
      3.73280     0.154159   0.00104574
      3.73421     0.155195   0.00104377
      3.73562     0.160643   0.00112902
      3.73703     0.162577   0.00107247
      3.73844     0.165991   0.00107889
      3.73985     0.170325   0.00103578
      3.74126     0.173780   0.00107885
      3.74266     0.174014   0.00108158
      3.74407     0.168251   0.00104974
      3.74548     0.162989   0.00101742
      3.74689     0.160011  0.000985506
      3.74830     0.161861  0.000971979
      3.74971     0.158913   0.00105141
      3.75111     0.159367  0.000955067
      3.75252     0.161017   0.00102897
      3.75393     0.160655   0.00101391
      3.75534     0.160541   0.00102396
      3.75675     0.162163   0.00106869
      3.75815     0.161935   0.00102324
      3.75956     0.160669  0.000989643
      3.76097     0.164562   0.00104533
      3.76238     0.165165   0.00101016
      3.76378     0.164100   0.00104019
      3.76519     0.165954   0.00103534
      3.76660     0.166822   0.00100226
      3.76801     0.166037  0.000939368
      3.76941     0.165892   0.00101150
      3.77082     0.166665   0.00101105
      3.77223     0.167897   0.00103773
      3.77364     0.169235   0.00104519
      3.77504     0.168327   0.00104359
      3.77645     0.169221   0.00104617
      3.77786     0.166518   0.00101381
      3.77926     0.168135   0.00105518
      3.78067     0.170137   0.00102162
      3.78208     0.171953   0.00103912
      3.78348     0.170760   0.00107484
      3.78489     0.172725   0.00111185
      3.78630     0.171405   0.00109734
      3.78770     0.171621   0.00106164
      3.78911     0.172300   0.00106790
      3.79051     0.172106   0.00111311
      3.79192     0.168311   0.00106867
      3.79333     0.170811   0.00113782
      3.79473     0.174515   0.00105188
      3.79614     0.176524   0.00108687
      3.79754     0.177916   0.00111609
      3.79895     0.176528   0.00101675
      3.80035     0.176850   0.00109539
      3.80176     0.176904   0.00113319
      3.80317     0.178728   0.00117705
      3.80457     0.177910   0.00105734
      3.80598     0.177342   0.00113470
      3.80738     0.178512   0.00113382
      3.80879     0.179607   0.00104502
      3.81019     0.181621   0.00104553
      3.81160     0.180847   0.00110951
      3.81300     0.181079   0.00123268
      3.81441     0.180064   0.00122645
      3.81581     0.183057   0.00113754
      3.81722     0.183236   0.00109617
      3.81862     0.184309   0.00112400
      3.82003     0.185198   0.00108837
      3.82143     0.187382   0.00110446
      3.82284     0.187618   0.00106989
      3.82424     0.186323   0.00108139
      3.82565     0.185970   0.00107941
      3.82705     0.186771   0.00113174
      3.82845     0.188342   0.00116134
      3.82986     0.188583   0.00117373
      3.83126     0.189351   0.00114542
      3.83267     0.189748   0.00108102
      3.83407     0.188478   0.00115970
      3.83548     0.189547   0.00115373
      3.83688     0.188858   0.00103083
      3.83828     0.191489   0.00114415
      3.83969     0.192294   0.00114173
      3.84109     0.191650   0.00112325
      3.84250     0.192346   0.00107939
      3.84390     0.193524   0.00118806
      3.84530     0.192758   0.00120749
      3.84671     0.192383   0.00117639
      3.84811     0.193209   0.00119152
      3.84951     0.194003   0.00112513
      3.85092     0.195354   0.00116497
      3.85232     0.196883   0.00108685
      3.85372     0.196492   0.00115496
      3.85513     0.193795   0.00118459
      3.85653     0.195558   0.00119181
      3.85794     0.198475   0.00109774
      3.85934     0.198915   0.00112540
      3.86074     0.197688   0.00122470
      3.86214     0.201713   0.00124086
      3.86355     0.200265   0.00117430
      3.86495     0.200333   0.00120315
      3.86635     0.202099   0.00124096
      3.86776     0.201904   0.00123011
      3.86916     0.200429   0.00123053
      3.87056     0.206571   0.00130235
      3.87197     0.203619   0.00125209
      3.87337     0.202161   0.00128543
      3.87477     0.203922   0.00134982
      3.87617     0.207125   0.00125852
      3.87758     0.207149   0.00129258
      3.87898     0.206196   0.00135032
      3.88038     0.205004   0.00127777
      3.88178     0.208053   0.00141543
      3.88319     0.208759   0.00137444
      3.88459     0.209974   0.00134269
      3.88599     0.209881   0.00120943
      3.88739     0.209091   0.00126365
      3.88880     0.210085   0.00124502
      3.89020     0.210778   0.00127314
      3.89160     0.209756   0.00127469
      3.89300     0.210958   0.00125051
      3.89441     0.211325   0.00140755
      3.89581     0.214094   0.00135338
      3.89721     0.212544   0.00128346
      3.89861     0.215422   0.00120824
      3.90002     0.212994   0.00124615
      3.90142     0.214367   0.00134144
      3.90282     0.217591   0.00127590
      3.90422     0.218851   0.00126699
      3.90562     0.220205   0.00125351
      3.90703     0.219866   0.00128475
      3.90843     0.218835   0.00135311
      3.90983     0.220760   0.00137825
      3.91123     0.220224   0.00140528
      3.91263     0.219506   0.00140763
      3.91404     0.220662   0.00125621
      3.91544     0.221876   0.00140927
      3.91684     0.220091   0.00140239
      3.91824     0.221212   0.00115473
      3.91964     0.222444   0.00127236
      3.92105     0.222336   0.00142963
      3.92245     0.226909   0.00134889
      3.92385     0.225064   0.00140721
      3.92525     0.224866   0.00142011
      3.92665     0.225999   0.00134986
      3.92805     0.223327   0.00138362
      3.92946     0.223392   0.00133385
      3.93086     0.224493   0.00131334
      3.93226     0.226737   0.00125555
      3.93366     0.228081   0.00136122
      3.93506     0.225630   0.00129180
      3.93646     0.223004   0.00133011
      3.93787     0.227399   0.00118461
      3.93927     0.226213   0.00124086
      3.94067     0.226303   0.00129702
      3.94207     0.240566   0.00125568
      3.94347     0.238794   0.00123550
      3.94487     0.232671   0.00132011
      3.94628     0.230280   0.00122690
      3.94768     0.228260   0.00123623
      3.94908     0.227314   0.00129596
      3.95048     0.230979   0.00124886
      3.95188     0.230606   0.00124262
      3.95328     0.231773   0.00119156
      3.95469     0.232661   0.00124054
      3.95609     0.232429   0.00125564
      3.95749     0.233671   0.00120936
      3.95889     0.232473   0.00128914
      3.96029     0.233010   0.00130079
      3.96169     0.234409   0.00122368
      3.96310     0.233514   0.00126615
      3.96450     0.237199   0.00127264
      3.96590     0.237975   0.00134462
      3.96730     0.238202   0.00124824
      3.96870     0.240694   0.00135298
      3.97010     0.239705   0.00135167
      3.97151     0.242668   0.00124220
      3.97291     0.238167   0.00125230
      3.97431     0.237957   0.00133067
      3.97571     0.238806   0.00123655
      3.97711     0.242849   0.00134894
      3.97852     0.242217   0.00130453
      3.97992     0.241144   0.00125346
      3.98132     0.242940   0.00135087
      3.98272     0.242970   0.00132788
      3.98412     0.240837   0.00131896
      3.98552     0.248503   0.00123151
      3.98693     0.245634   0.00122117
      3.98833     0.244113   0.00122216
      3.98973     0.251905   0.00123117
      3.99113     0.248928   0.00126308
      3.99253     0.247103   0.00139347
      3.99394     0.248522   0.00133738
      3.99534     0.249501   0.00130063
      3.99674     0.253978   0.00134864
      3.99814     0.250765   0.00128359
      3.99955     0.245939   0.00139117
      4.00095     0.252418   0.00139777
      4.00235     0.254222   0.00125351
      4.00375     0.253847   0.00135332
      4.00515     0.255741   0.00147646
      4.00656     0.251936   0.00129704
      4.00796     0.251146   0.00134145
      4.00936     0.251067   0.00123377
      4.01076     0.255826   0.00140551
      4.01217     0.257312   0.00128112
      4.01357     0.255391   0.00135698
      4.01497     0.256376   0.00143929
      4.01637     0.257881   0.00140060
      4.01778     0.256571   0.00137873
      4.01918     0.260179   0.00137011
      4.02058     0.265183   0.00115143
      4.02198     0.264648   0.00138186
      4.02339     0.261578   0.00141663
      4.02479     0.266793   0.00148257
      4.02619     0.264516   0.00143532
      4.02760     0.261422   0.00143478
      4.02900     0.260341   0.00139081
      4.03040     0.261482   0.00151088
      4.03181     0.263072   0.00152000
      4.03321     0.272538   0.00149615
      4.03461     0.269475   0.00155044
      4.03602     0.276048   0.00169294
      4.03742     0.280294   0.00169984
      4.03882     0.276929   0.00151350
      4.04023     0.276727   0.00168612
      4.04163     0.280887   0.00173361
      4.04303     0.282349   0.00163640
      4.04444     0.280006   0.00156837
      4.04584     0.283092   0.00149474
      4.04724     0.285481   0.00162201
      4.04865     0.297599   0.00158189
      4.05005     0.325184   0.00148328
      4.05146     0.384314   0.00160842
      4.05286     0.421174   0.00156862
      4.05426     0.394879   0.00174083
      4.05567     0.342474   0.00174669
      4.05707     0.299800   0.00164036
      4.05848     0.278850   0.00157392
      4.05988     0.275558   0.00152257
      4.06129     0.274404   0.00153716
      4.06269     0.274495   0.00164553
      4.06410     0.271877   0.00162912
      4.06550     0.271050   0.00165071
      4.06691     0.271761   0.00163102
      4.06831     0.272008   0.00173537
      4.06972     0.273149   0.00171781
      4.07112     0.276395   0.00181654
      4.07253     0.270602   0.00160385
      4.07393     0.267734   0.00173748
      4.07534     0.270795   0.00173437
      4.07674     0.275032   0.00167313
      4.07815     0.270447   0.00162261
      4.07955     0.271444   0.00166577
      4.08096     0.272888   0.00155549
      4.08236     0.273481   0.00161282
      4.08377     0.286954   0.00174031
      4.08518     0.301846   0.00195098
      4.08658     0.291439   0.00187832
      4.08799     0.278408   0.00185460
      4.08940     0.266729   0.00198793
      4.09080     0.253871   0.00198681
      4.09221     0.257010   0.00172047
      4.09362     0.268184   0.00185284
      4.09502     0.273293   0.00197388
      4.09643     0.274586   0.00186261
      4.09784     0.281487   0.00189399
      4.09924     0.279327   0.00194264
      4.10065     0.275612   0.00201832
      4.10206     0.276213   0.00197855
      4.10347     0.282236   0.00200341
      4.10487     0.283050   0.00186358
      4.10628     0.283116   0.00170025
      4.10769     0.284507   0.00179829
      4.10910     0.281526   0.00173318
      4.11050     0.280455   0.00167646
      4.11191     0.282353   0.00188086
      4.11332     0.285539   0.00176792
      4.11473     0.285519   0.00194897
      4.11614     0.276100   0.00176088
      4.11755     0.280660   0.00193098
      4.11895     0.285304   0.00195320
      4.12036     0.283395   0.00191513
      4.12177     0.288116   0.00212762
      4.12318     0.294182   0.00212762
      4.12459     0.298103   0.00201036
      4.12600     0.295169   0.00195767
      4.12741     0.292009   0.00211934
      4.12882     0.291394   0.00178858
      4.13023     0.286810   0.00182856
      4.13164     0.289220   0.00202443
      4.13305     0.294649   0.00194440
      4.13446     0.291881   0.00217433
      4.13587     0.297325   0.00201685
      4.13728     0.296552   0.00215445
      4.13869     0.294508   0.00205128
      4.14010     0.299488   0.00222874
      4.14151     0.297949   0.00239882
      4.14293     0.295454   0.00241421
      4.14434     0.295986   0.00231070
      4.14575     0.298454   0.00213168
      4.14716     0.298802   0.00219480
      4.14857     0.295365   0.00220752
      4.14998     0.295228   0.00245995
      4.15140     0.292877   0.00210064
      4.15281     0.298370   0.00228832
      4.15422     0.296641   0.00256198
      4.15563     0.294603   0.00229301
      4.15705     0.294247   0.00232541
      4.15846     0.294390   0.00245469
      4.15987     0.295594   0.00276866
      4.16128     0.294571   0.00254242
      4.16270     0.303058   0.00240373
      4.16411     0.299782   0.00272005
      4.16553     0.298815   0.00265960
      4.16694     0.295066   0.00290633
      4.16835     0.295036   0.00269823
      4.16977     0.299446   0.00279798
      4.17118     0.305821   0.00313559
      4.17260     0.308347   0.00312447
      4.17401     0.304611   0.00291248
      4.17543     0.302547   0.00345310
      4.17684     0.300738   0.00347777
      4.17826     0.304493   0.00360903
      4.17967     0.291942   0.00415606
      4.18109     0.302572   0.00482584
      4.18251     0.305986   0.00476681
      4.18392     0.291823   0.00455902
      4.18534     0.289164   0.00678303
      4.18676     0.291878   0.00967845
      4.18817     0.303993    0.0129926
      4.18959     0.304182    0.0212983
      4.19101     0.287927    0.0412356
      4.19242     0.188237    0.0697347
      4.19384    -0.166747     0.217598
      4.19526    -0.497885     0.565088
      4.19668     0.437742     0.693588
      4.19810      1.42492     0.825832
      4.19951      1.52936      1.84883
      4.20093    -0.935556      1.71772
      4.20235     0.912680     0.660668
      4.20377     0.271367      1.02964
      4.20519     -11.1237      6.93303
      4.20661     -51.2517     0.516674
      4.20803     -18.6131     0.610371
      4.20945      2.60045     0.912933
      4.21087      26.7637      15.1166
      4.21229      59.7663      2.76676
      4.21371      25.2365      501.237
      4.21513      4.17302      7.09859
      4.21655     0.387011      1.21265
      4.21797      9.18217      1.75560
      4.21940    -0.849514      2.22007
      4.22082     0.981801      1.34268
      4.22224      3.97564      2.59258
      4.22366      0.00000      353.121
