SOURCE  = LLN 33                        / Source name
STANDARD= BS3468                        / Standard name
OBSDATE = 13-11-2001                    / Date of observation
SPOS    = 08:59:26.0  -43:26:45.8       / Source position RA,DEC,J2000
STPOS   = 08:43:35.3  -33:11:30.9       / Standard position RA,DEC,J2000
STSPT   = B1.5III                       / Standard spectral type
STTEFF  = 23000                         / Standard effective temperature [K]
STMAG   = 4.22                          / Standard magnitude (adopted)
WAVEZP  = 3.45                          / Wavelength zero point [micron]
FLUXZP  = 290                           / Flux zero point [Jy]
SAIRM   = 1.076                         / Source mean airmass
STAIRM  = 1.076                         / Standard mean airmass
AIRMCORR= 1.20                          / Optimal (adopted) airmass correction
SPECRES = ~1200                         / Spectral resolution

Created by K. M. Pontoppidan             Mon May 12 18:53:48 2003

Wavelength [micron] Flux [Jy] Statistical Error [Jy]

      2.78372      0.00000      71.6984
      2.78508     -15.8508      2.06618
      2.78643      5.14028      5.29190
      2.78778      9.21474      9.85324
      2.78913      1.89047      2.88327
      2.79049      2.19228      1.52361
      2.79184      27.3404      4.10828
      2.79320      30.5006      7.33601
      2.79455      10.5578      1.37028
      2.79590     0.173660      1.55503
      2.79726     -1.94909     0.877002
      2.79861   -0.0276261      1.17748
      2.79997    -0.122212     0.744806
      2.80133     -1.29835      1.60117
      2.80268     -1.71134      5.66600
      2.80404     0.291694      1.57150
      2.80539     -2.95580      4.93449
      2.80675     0.988581      2.29796
      2.80811      8.84944      18.5877
      2.80947      5.72175      1.45373
      2.81083      1.20371     0.207478
      2.81218     0.488858    0.0830646
      2.81354     0.355305    0.0594027
      2.81490     0.209728    0.0741084
      2.81626     0.611406     0.154589
      2.81762     0.194485     0.302800
      2.81898     0.112686     0.241569
      2.82034     0.289907     0.433161
      2.82170     0.129485     0.174618
      2.82306     0.101738    0.0494175
      2.82442    0.0403803    0.0221452
      2.82579    0.0405674    0.0145299
      2.82715    0.0305255    0.0132793
      2.82851  -0.00504668    0.0107517
      2.82987   0.00364365   0.00765170
      2.83124    0.0264891   0.00662277
      2.83260    0.0326702   0.00841255
      2.83396    0.0429119    0.0188355
      2.83533     0.127062    0.0578859
      2.83669     0.281475     0.144525
      2.83805     0.194818     0.122164
      2.83942    0.0666532    0.0463157
      2.84078    0.0315715    0.0189360
      2.84215   0.00754250    0.0107923
      2.84351    0.0177271   0.00699904
      2.84488    0.0373601   0.00485012
      2.84625    0.0413784   0.00517324
      2.84761    0.0326609   0.00826917
      2.84898    0.0588627    0.0144305
      2.85035    0.0688565    0.0161463
      2.85171  0.000565380    0.0120885
      2.85308   -0.0213269    0.0128999
      2.85445   0.00447651    0.0221393
      2.85582    0.0171489    0.0250169
      2.85719    0.0251990    0.0128625
      2.85855    0.0291170   0.00776770
      2.85992    0.0269819   0.00723186
      2.86129    0.0193288   0.00624030
      2.86266    0.0211370   0.00446941
      2.86403    0.0271114   0.00361663
      2.86540    0.0247842   0.00347084
      2.86677    0.0161216   0.00398259
      2.86814    0.0141172   0.00523106
      2.86951    0.0171066   0.00646728
      2.87088    0.0137275   0.00726837
      2.87226   0.00783734   0.00743745
      2.87363   0.00409552   0.00508068
      2.87500   0.00878361   0.00319571
      2.87637    0.0141942   0.00262830
      2.87774    0.0189940   0.00266151
      2.87912    0.0222534   0.00299784
      2.88049    0.0184470   0.00297477
      2.88186    0.0192917   0.00266083
      2.88324    0.0148248   0.00274952
      2.88461    0.0166908   0.00299901
      2.88598    0.0174666   0.00312693
      2.88736    0.0125963   0.00324919
      2.88873    0.0150947   0.00369853
      2.89011    0.0193279   0.00359184
      2.89148    0.0176687   0.00301002
      2.89286    0.0136005   0.00258835
      2.89423    0.0133958   0.00216203
      2.89561    0.0123826   0.00186460
      2.89698    0.0115406   0.00179690
      2.89836    0.0114900   0.00195185
      2.89974   0.00986383   0.00255983
      2.90111    0.0114667   0.00377280
      2.90249   0.00559329   0.00519171
      2.90387   0.00707074   0.00431091
      2.90525   0.00243883   0.00408302
      2.90662   0.00352128   0.00368626
      2.90800   0.00751813   0.00283227
      2.90938   0.00659676   0.00235438
      2.91076    0.0129349   0.00199516
      2.91214    0.0169091   0.00193517
      2.91352    0.0118980   0.00212589
      2.91489   0.00769881   0.00225455
      2.91627   0.00998310   0.00211341
      2.91765   0.00930454   0.00194883
      2.91903   0.00959709   0.00188750
      2.92041    0.0124532   0.00211037
      2.92179   0.00693776   0.00284857
      2.92317  -0.00305248   0.00420315
      2.92456 -0.000406945   0.00362975
      2.92594   0.00790509   0.00236818
      2.92732   0.00856261   0.00190611
      2.92870    0.0110308   0.00175211
      2.93008    0.0113442   0.00169854
      2.93146   0.00905303   0.00167520
      2.93284   0.00847425   0.00164500
      2.93423   0.00867519   0.00167444
      2.93561   0.00968202   0.00168182
      2.93699    0.0103163   0.00180688
      2.93838   0.00630030   0.00208113
      2.93976   0.00193432   0.00229892
      2.94114   0.00577151   0.00213268
      2.94253   0.00903962   0.00235083
      2.94391   0.00499322   0.00243125
      2.94529   0.00398124   0.00244877
      2.94668   0.00853787   0.00229946
      2.94806   0.00843336   0.00234353
      2.94945   0.00655742   0.00201353
      2.95083   0.00567772   0.00177190
      2.95222   0.00429604   0.00187375
      2.95360   0.00320210   0.00236360
      2.95499   0.00218318   0.00249207
      2.95637   0.00270316   0.00214689
      2.95776   0.00542587   0.00185570
      2.95915   0.00604534   0.00180926
      2.96053   0.00607992   0.00180551
      2.96192   0.00654465   0.00169996
      2.96331   0.00575479   0.00167422
      2.96469   0.00573714   0.00168025
      2.96608   0.00695818   0.00172383
      2.96747    0.0113179   0.00203505
      2.96885    0.0122080   0.00277002
      2.97024   0.00968127   0.00384937
      2.97163   0.00393603   0.00457970
      2.97302 -0.000132519   0.00411738
      2.97441   0.00434161   0.00338529
      2.97580   0.00876259   0.00275338
      2.97718   0.00559153   0.00243968
      2.97857   0.00259625   0.00243343
      2.97996   0.00346126   0.00246093
      2.98135   0.00401795   0.00214413
      2.98274   0.00537425   0.00187560
      2.98413   0.00613990   0.00165882
      2.98552   0.00608843   0.00152588
      2.98691   0.00528900   0.00150639
      2.98830   0.00471109   0.00148070
      2.98969   0.00510428   0.00147000
      2.99108   0.00470822   0.00146029
      2.99247   0.00540774   0.00154031
      2.99386   0.00575280   0.00164477
      2.99525   0.00509888   0.00171317
      2.99665   0.00566525   0.00189522
      2.99804   0.00402831   0.00187028
      2.99943   0.00320405   0.00158371
      3.00082   0.00379795   0.00146009
      3.00221   0.00437026   0.00144951
      3.00361   0.00370186   0.00162129
      3.00500   0.00432401   0.00186743
      3.00639   0.00558551   0.00207413
      3.00778   0.00294767   0.00207751
      3.00918   0.00268321   0.00175969
      3.01057   0.00434261   0.00151074
      3.01196   0.00430480   0.00144933
      3.01336   0.00383530   0.00147139
      3.01475   0.00462893   0.00157698
      3.01614   0.00631339   0.00160091
      3.01754   0.00641681   0.00190320
      3.01893   0.00622428   0.00218917
      3.02033   0.00369940   0.00229810
      3.02172   0.00233375   0.00216676
      3.02311   0.00320636   0.00186536
      3.02451   0.00290754   0.00157497
      3.02590   0.00419547   0.00144357
      3.02730   0.00785529   0.00144104
      3.02869   0.00507415   0.00148303
      3.03009   0.00251295   0.00153272
      3.03149   0.00459634   0.00173496
      3.03288   0.00937473   0.00190488
      3.03428    0.0101752   0.00206058
      3.03567   0.00466260   0.00219078
      3.03707   0.00371794   0.00247462
      3.03847   0.00404718   0.00242513
      3.03986   0.00257266   0.00220566
      3.04126   0.00204399   0.00181358
      3.04265   0.00229948   0.00166006
      3.04405   0.00167145   0.00169165
      3.04545   0.00301747   0.00183484
      3.04685   0.00242131   0.00190382
      3.04824   0.00453063   0.00199274
      3.04964   0.00680169   0.00221508
      3.05104   0.00532118   0.00260776
      3.05244   0.00597787   0.00308025
      3.05383   0.00552185   0.00315057
      3.05523   0.00419526   0.00274096
      3.05663   0.00551794   0.00208192
      3.05803   0.00682740   0.00174179
      3.05943   0.00587107   0.00156914
      3.06083   0.00426061   0.00162734
      3.06222   0.00502662   0.00169688
      3.06362   0.00597953   0.00180214
      3.06502   0.00503200   0.00182917
      3.06642   0.00541094   0.00177511
      3.06782   0.00729464   0.00192233
      3.06922   0.00682976   0.00198269
      3.07062   0.00617113   0.00213000
      3.07202   0.00699089   0.00203826
      3.07342   0.00589796   0.00183014
      3.07482   0.00396078   0.00151816
      3.07622   0.00466393   0.00143622
      3.07762   0.00612548   0.00143062
      3.07902   0.00428943   0.00160105
      3.08042   0.00453801   0.00199723
      3.08182   0.00689848   0.00226805
      3.08322   0.00634359   0.00205809
      3.08462   0.00395133   0.00180924
      3.08602   0.00394977   0.00184556
      3.08743   0.00429404   0.00180257
      3.08883   0.00228394   0.00181113
      3.09023   0.00293354   0.00181872
      3.09163   0.00450304   0.00194847
      3.09303   0.00455121   0.00206524
      3.09443   0.00445577   0.00230549
      3.09583   0.00140770   0.00232246
      3.09724   0.00446073   0.00214646
      3.09864   0.00797063   0.00189036
      3.10004   0.00642114   0.00159980
      3.10144   0.00559631   0.00162156
      3.10285   0.00585044   0.00179970
      3.10425   0.00365227   0.00227409
      3.10565   0.00376517   0.00253264
      3.10705   0.00378145   0.00235820
      3.10846   0.00213375   0.00221374
      3.10986   0.00204859   0.00227976
      3.11126   0.00334067   0.00225689
      3.11267   0.00400011   0.00207024
      3.11407   0.00690700   0.00201142
      3.11547   0.00855842   0.00180959
      3.11688   0.00645369   0.00151517
      3.11828   0.00733418   0.00136824
      3.11968   0.00805164   0.00124596
      3.12109   0.00634453   0.00125798
      3.12249   0.00605980   0.00134642
      3.12390   0.00685217   0.00161366
      3.12530   0.00773540   0.00209855
      3.12670   0.00803671   0.00256029
      3.12811   0.00845693   0.00220061
      3.12951   0.00862393   0.00166764
      3.13092   0.00854783   0.00135392
      3.13232    0.0111713   0.00119362
      3.13373   0.00975210   0.00118117
      3.13513   0.00625279   0.00118512
      3.13654   0.00773505   0.00125848
      3.13794   0.00788041   0.00143862
      3.13935   0.00732987   0.00165136
      3.14075   0.00742597   0.00150949
      3.14216   0.00910908   0.00145135
      3.14356    0.0101946   0.00150427
      3.14497   0.00743522   0.00172393
      3.14638   0.00710283   0.00189866
      3.14778    0.0104399   0.00164074
      3.14919    0.0107000   0.00145144
      3.15059    0.0101255   0.00133775
      3.15200   0.00845050   0.00129567
      3.15341   0.00799702   0.00132300
      3.15481   0.00823482   0.00140418
      3.15622   0.00798868   0.00145087
      3.15763    0.0104017   0.00136028
      3.15903    0.0142312   0.00127029
      3.16044    0.0141700   0.00122551
      3.16185    0.0122128   0.00117175
      3.16325    0.0124861   0.00112226
      3.16466    0.0131735   0.00115731
      3.16607    0.0115908   0.00118777
      3.16747    0.0104397   0.00117933
      3.16888    0.0116891   0.00114965
      3.17029    0.0121538   0.00118088
      3.17169    0.0132403   0.00122839
      3.17310    0.0145829   0.00126622
      3.17451    0.0160489   0.00126659
      3.17592    0.0162754   0.00121517
      3.17733    0.0148051   0.00119392
      3.17873    0.0140782   0.00114555
      3.18014    0.0137245   0.00122691
      3.18155    0.0131117   0.00132592
      3.18296    0.0132255   0.00131874
      3.18436    0.0150223   0.00130164
      3.18577    0.0152737   0.00127677
      3.18718    0.0150243   0.00120471
      3.18859    0.0157728   0.00133861
      3.19000    0.0158241   0.00171106
      3.19141    0.0175668   0.00209269
      3.19281    0.0173282   0.00200831
      3.19422    0.0153337   0.00167691
      3.19563    0.0164334   0.00167379
      3.19704    0.0167216   0.00205815
      3.19845    0.0115628   0.00254339
      3.19986    0.0134838   0.00271758
      3.20127    0.0153785   0.00262920
      3.20268    0.0153464   0.00269698
      3.20409    0.0176476   0.00279611
      3.20549    0.0166918   0.00293973
      3.20690    0.0193186   0.00348378
      3.20831    0.0172166   0.00437121
      3.20972    0.0155230   0.00480233
      3.21113    0.0132588   0.00403636
      3.21254    0.0163280   0.00322353
      3.21395    0.0183421   0.00259968
      3.21536    0.0181524   0.00247333
      3.21677    0.0219719   0.00233659
      3.21818    0.0210534   0.00205461
      3.21959    0.0261809   0.00203649
      3.22100    0.0255738   0.00266712
      3.22241    0.0168720   0.00359329
      3.22382    0.0133635   0.00461584
      3.22523    0.0163565   0.00386134
      3.22664    0.0221762   0.00290382
      3.22805    0.0240846   0.00281283
      3.22946    0.0184305   0.00331553
      3.23087   0.00990853   0.00295652
      3.23228    0.0157655   0.00202181
      3.23369    0.0221718   0.00141172
      3.23510    0.0209258   0.00123093
      3.23651    0.0233817   0.00135318
      3.23792    0.0275467   0.00145632
      3.23933    0.0241777   0.00160678
      3.24074    0.0239008   0.00172028
      3.24216    0.0263086   0.00174447
      3.24357    0.0274502   0.00213511
      3.24498    0.0234647   0.00284133
      3.24639    0.0244114   0.00347324
      3.24780    0.0241622   0.00315001
      3.24921    0.0203795   0.00227074
      3.25062    0.0227604   0.00170134
      3.25203    0.0233479   0.00133619
      3.25344    0.0239287   0.00117351
      3.25485    0.0262920   0.00114330
      3.25627    0.0266642   0.00120888
      3.25768    0.0263621   0.00134085
      3.25909    0.0249305   0.00184262
      3.26050    0.0269761   0.00251533
      3.26191    0.0310680   0.00286730
      3.26332    0.0319642   0.00217478
      3.26473    0.0293601   0.00175625
      3.26615    0.0290588   0.00157290
      3.26756    0.0287004   0.00171112
      3.26897    0.0249308   0.00197993
      3.27038    0.0234652   0.00245831
      3.27179    0.0269492   0.00233707
      3.27321    0.0306796   0.00163462
      3.27462    0.0323786   0.00131968
      3.27603    0.0322106   0.00123638
      3.27744    0.0315705   0.00131218
      3.27885    0.0287894   0.00156457
      3.28027    0.0284583   0.00169984
      3.28168    0.0315196   0.00130446
      3.28309    0.0325863   0.00114601
      3.28450    0.0335978   0.00108893
      3.28591    0.0346132   0.00108095
      3.28733    0.0342362   0.00107356
      3.28874    0.0346359   0.00110073
      3.29015    0.0336920   0.00119979
      3.29156    0.0338009   0.00136623
      3.29298    0.0347840   0.00163444
      3.29439    0.0333303   0.00193622
      3.29580    0.0393232   0.00243306
      3.29721    0.0422358   0.00268532
      3.29863    0.0392248   0.00282505
      3.30004    0.0375881   0.00233543
      3.30145    0.0395856   0.00168076
      3.30286    0.0388139   0.00151329
      3.30428    0.0365359   0.00143079
      3.30569    0.0393966   0.00148112
      3.30710    0.0391371   0.00143916
      3.30851    0.0372727   0.00147810
      3.30993    0.0418826   0.00164254
      3.31134    0.0454429   0.00198258
      3.31275    0.0365892   0.00308002
      3.31417    0.0139152   0.00635807
      3.31558   0.00748765    0.0184980
      3.31699    0.0565089    0.0143559
      3.31841    0.0710189   0.00882184
      3.31982    0.0378662   0.00583877
      3.32123    0.0267355   0.00356622
      3.32264    0.0385147   0.00231595
      3.32406    0.0461148   0.00189081
      3.32547    0.0466917   0.00162033
      3.32688    0.0448783   0.00164613
      3.32830    0.0418647   0.00168006
      3.32971    0.0425665   0.00145841
      3.33112    0.0460830   0.00124459
      3.33254    0.0456690   0.00113436
      3.33395    0.0453996   0.00117691
      3.33536    0.0481151   0.00116003
      3.33678    0.0483603   0.00124906
      3.33819    0.0486829   0.00137436
      3.33960    0.0488140   0.00145933
      3.34102    0.0496157   0.00154919
      3.34243    0.0511605   0.00141484
      3.34384    0.0512874   0.00145369
      3.34526    0.0495276   0.00154102
      3.34667    0.0484860   0.00159708
      3.34809    0.0501244   0.00135993
      3.34950    0.0524917   0.00122532
      3.35091    0.0519369   0.00122704
      3.35233    0.0535425   0.00124549
      3.35374    0.0545529   0.00132179
      3.35515    0.0526729   0.00152315
      3.35657    0.0541842   0.00169865
      3.35798    0.0551882   0.00160459
      3.35940    0.0535800   0.00138441
      3.36081    0.0540626   0.00135797
      3.36222    0.0550169   0.00139663
      3.36364    0.0548225   0.00129956
      3.36505    0.0550685   0.00127982
      3.36646    0.0541613   0.00126954
      3.36788    0.0538899   0.00144400
      3.36929    0.0558889   0.00138504
      3.37071    0.0564819   0.00132744
      3.37212    0.0563642   0.00125132
      3.37353    0.0574268   0.00116024
      3.37495    0.0571478   0.00111461
      3.37636    0.0555480   0.00122071
      3.37778    0.0568479   0.00130346
      3.37919    0.0583155   0.00141260
      3.38060    0.0568740   0.00141326
      3.38202    0.0575731   0.00142292
      3.38343    0.0606594   0.00124621
      3.38485    0.0618062   0.00121413
      3.38626    0.0602799   0.00119719
      3.38767    0.0594874   0.00110889
      3.38909    0.0600026   0.00112032
      3.39050    0.0589762   0.00129968
      3.39192    0.0578204   0.00140975
      3.39333    0.0592043   0.00132423
      3.39474    0.0607269   0.00118867
      3.39616    0.0611136   0.00109959
      3.39757    0.0609779   0.00105566
      3.39899    0.0610525   0.00105320
      3.40040    0.0616529   0.00106531
      3.40182    0.0619383   0.00123915
      3.40323    0.0630037   0.00143075
      3.40464    0.0648674   0.00162555
      3.40606    0.0632374   0.00153939
      3.40747    0.0606986   0.00137997
      3.40889    0.0601406   0.00129304
      3.41030    0.0617720   0.00128512
      3.41171    0.0623125   0.00122885
      3.41313    0.0635383   0.00122838
      3.41454    0.0654218   0.00131701
      3.41596    0.0654788   0.00138675
      3.41737    0.0649421   0.00128410
      3.41879    0.0648594   0.00110700
      3.42020    0.0648242   0.00111004
      3.42161    0.0662040   0.00107543
      3.42303    0.0684004   0.00106437
      3.42444    0.0687498   0.00110664
      3.42586    0.0664276   0.00124448
      3.42727    0.0656184   0.00138780
      3.42869    0.0660687   0.00136260
      3.43010    0.0680401   0.00122256
      3.43152    0.0685723   0.00109762
      3.43293    0.0660241   0.00107223
      3.43434    0.0659086   0.00106702
      3.43576    0.0673007   0.00104493
      3.43717    0.0692407   0.00107460
      3.43859    0.0706946   0.00117774
      3.44000    0.0689591   0.00117760
      3.44142    0.0687820   0.00115247
      3.44283    0.0682068   0.00109246
      3.44424    0.0686318   0.00104358
      3.44566    0.0686285   0.00102458
      3.44707    0.0692934   0.00102274
      3.44849    0.0700956   0.00102358
      3.44990    0.0701434   0.00103661
      3.45132    0.0719886   0.00112984
      3.45273    0.0719018   0.00116875
      3.45415    0.0721452   0.00112618
      3.45556    0.0721314   0.00109243
      3.45697    0.0729829   0.00104184
      3.45839    0.0735490   0.00103227
      3.45980    0.0731782  0.000974514
      3.46122    0.0734243   0.00101454
      3.46263    0.0745294   0.00102146
      3.46405    0.0742111   0.00103513
      3.46546    0.0739019   0.00111106
      3.46688    0.0757224   0.00104781
      3.46829    0.0761737   0.00102017
      3.46970    0.0756506  0.000972275
      3.47112    0.0757566  0.000995097
      3.47253    0.0758411   0.00103193
      3.47395    0.0773392   0.00102787
      3.47536    0.0788201  0.000978724
      3.47678    0.0771162   0.00103415
      3.47819    0.0766046   0.00105102
      3.47960    0.0786174   0.00107744
      3.48102    0.0787503   0.00103216
      3.48243    0.0785232   0.00101916
      3.48385    0.0801589  0.000999851
      3.48526    0.0818799  0.000966488
      3.48668    0.0818444  0.000980855
      3.48809    0.0826271  0.000999248
      3.48951    0.0829282   0.00106453
      3.49092    0.0829763  0.000987224
      3.49233    0.0836070   0.00105101
      3.49375    0.0836290  0.000989376
      3.49516    0.0834383  0.000957444
      3.49658    0.0844634  0.000943206
      3.49799    0.0858753  0.000965287
      3.49941    0.0857456  0.000963395
      3.50082    0.0866581  0.000984529
      3.50224    0.0878847   0.00101839
      3.50365    0.0881008  0.000974552
      3.50506    0.0887987  0.000949281
      3.50648    0.0893111   0.00100983
      3.50789    0.0894196   0.00101586
      3.50931    0.0900066   0.00101244
      3.51072    0.0901850   0.00100419
      3.51214    0.0913324   0.00100353
      3.51355    0.0934061  0.000989136
      3.51496    0.0939631  0.000997633
      3.51638    0.0943559  0.000958804
      3.51779    0.0945266  0.000957279
      3.51921    0.0940520  0.000948249
      3.52062    0.0936749  0.000968276
      3.52204    0.0942004  0.000944035
      3.52345    0.0949774  0.000994183
      3.52486    0.0972366  0.000955376
      3.52628    0.0984154  0.000974331
      3.52769    0.0980823  0.000994406
      3.52911    0.0980136   0.00101384
      3.53052    0.0987008  0.000972279
      3.53194     0.100141   0.00100936
      3.53335     0.100445  0.000979087
      3.53476     0.102470   0.00104944
      3.53618     0.104014   0.00100206
      3.53759     0.104146   0.00100067
      3.53901     0.102720   0.00103053
      3.54042     0.101893   0.00107394
      3.54184     0.102869   0.00101321
      3.54325     0.103838   0.00105101
      3.54466     0.105053  0.000997608
      3.54608     0.106255  0.000991087
      3.54749     0.106145   0.00101461
      3.54891     0.107394  0.000996498
      3.55032     0.110273  0.000980102
      3.55174     0.110177   0.00101014
      3.55315     0.110334   0.00103151
      3.55456     0.112424  0.000998791
      3.55598     0.113579  0.000956140
      3.55739     0.111976  0.000972036
      3.55881     0.109950  0.000973899
      3.56022     0.112267  0.000937002
      3.56163     0.115213  0.000944575
      3.56305     0.114868  0.000927362
      3.56446     0.114578  0.000978527
      3.56588     0.115142   0.00102129
      3.56729     0.116239   0.00104106
      3.56871     0.116895   0.00102137
      3.57012     0.116718   0.00100595
      3.57153     0.120468   0.00103301
      3.57295     0.122981   0.00107967
      3.57436     0.122271   0.00103548
      3.57578     0.121503  0.000983109
      3.57719     0.121567  0.000954367
      3.57860     0.122667  0.000972529
      3.58002     0.123008   0.00104246
      3.58143     0.125062   0.00103997
      3.58285     0.125154   0.00100629
      3.58426     0.124238  0.000978430
      3.58567     0.124152   0.00100222
      3.58709     0.124121  0.000963372
      3.58850     0.125537   0.00101419
      3.58992     0.125071   0.00101865
      3.59133     0.124674   0.00101540
      3.59274     0.125947  0.000998359
      3.59416     0.126661  0.000969311
      3.59557     0.128061   0.00102838
      3.59699     0.129240  0.000944070
      3.59840     0.129054   0.00101809
      3.59981     0.128214  0.000983779
      3.60123     0.127877  0.000948040
      3.60264     0.129235   0.00101578
      3.60406     0.132239  0.000981738
      3.60547     0.131759   0.00101439
      3.60688     0.131226   0.00104223
      3.60830     0.132117   0.00106273
      3.60971     0.131979   0.00104980
      3.61113     0.132547   0.00103504
      3.61254     0.134062   0.00103429
      3.61395     0.135131  0.000990004
      3.61537     0.135884  0.000980258
      3.61678     0.135127  0.000985727
      3.61820     0.135538  0.000989276
      3.61961     0.136556   0.00102860
      3.62102     0.136545  0.000988283
      3.62244     0.137599  0.000947185
      3.62385     0.137059   0.00102050
      3.62527     0.136467   0.00104460
      3.62668     0.138302  0.000993019
      3.62809     0.140451   0.00101289
      3.62951     0.140824   0.00101467
      3.63092     0.141353  0.000927743
      3.63233     0.142708  0.000988225
      3.63375     0.142910  0.000959781
      3.63516     0.141290  0.000962199
      3.63658     0.140549  0.000956368
      3.63799     0.141488  0.000973770
      3.63940     0.143954  0.000950966
      3.64082     0.145262  0.000947125
      3.64223     0.144887  0.000929070
      3.64365     0.146019  0.000970564
      3.64506     0.147304   0.00102033
      3.64647     0.147336   0.00100314
      3.64789     0.145713  0.000975509
      3.64930     0.145370  0.000987778
      3.65071     0.145914  0.000948085
      3.65213     0.147215  0.000971645
      3.65354     0.147360  0.000936377
      3.65496     0.147293  0.000953542
      3.65637     0.149844  0.000971754
      3.65778     0.151447  0.000961438
      3.65920     0.150958  0.000954654
      3.66061     0.149841  0.000941779
      3.66202     0.151323  0.000953297
      3.66344     0.153782  0.000927935
      3.66485     0.154314  0.000981103
      3.66627     0.154991   0.00103869
      3.66768     0.156598  0.000945219
      3.66909     0.156742  0.000975000
      3.67051     0.157381   0.00104521
      3.67192     0.157525   0.00110067
      3.67333     0.156519   0.00109376
      3.67475     0.156796   0.00109046
      3.67616     0.157797   0.00104504
      3.67758     0.157347   0.00100610
      3.67899     0.156993   0.00106527
      3.68040     0.158408   0.00100836
      3.68182     0.157064   0.00103316
      3.68323     0.157637  0.000971131
      3.68464     0.162168   0.00102416
      3.68606     0.163305  0.000978433
      3.68747     0.162315   0.00103469
      3.68889     0.163249  0.000939273
      3.69030     0.163981  0.000978862
      3.69171     0.163545  0.000942603
      3.69313     0.163340  0.000995301
      3.69454     0.164076  0.000930996
      3.69595     0.165268  0.000966641
      3.69737     0.165027  0.000941699
      3.69878     0.165761  0.000999647
      3.70020     0.169624   0.00104437
      3.70161     0.172927   0.00103343
      3.70302     0.173517   0.00103056
      3.70444     0.172465   0.00101033
      3.70585     0.170543   0.00101522
      3.70726     0.167990  0.000982798
      3.70868     0.168450   0.00102238
      3.71009     0.171195   0.00103581
      3.71151     0.171238   0.00104259
      3.71292     0.171642   0.00103965
      3.71433     0.173171   0.00102255
      3.71575     0.172638   0.00101254
      3.71716     0.170775  0.000987160
      3.71857     0.173039  0.000995039
      3.71999     0.175646  0.000975087
      3.72140     0.175186   0.00100757
      3.72282     0.174154  0.000968085
      3.72423     0.174359  0.000979971
      3.72564     0.177744   0.00101418
      3.72706     0.178345   0.00101129
      3.72847     0.178614   0.00100918
      3.72989     0.180256   0.00103543
      3.73130     0.181805   0.00109066
      3.73271     0.183051   0.00108564
      3.73413     0.184972   0.00115661
      3.73554     0.185520   0.00107328
      3.73695     0.187765   0.00101698
      3.73837     0.189747   0.00110624
      3.73978     0.189287   0.00112951
      3.74120     0.188677   0.00105891
      3.74261     0.187524   0.00100931
      3.74402     0.184169  0.000982062
      3.74544     0.183876  0.000937664
      3.74685     0.183956  0.000963929
      3.74827     0.184501   0.00102115
      3.74968     0.186381  0.000999280
      3.75109     0.187438   0.00102305
      3.75251     0.186350   0.00102396
      3.75392     0.184933   0.00100732
      3.75534     0.186111   0.00103697
      3.75675     0.188077  0.000971035
      3.75816     0.189371   0.00100451
      3.75958     0.188768   0.00104977
      3.76099     0.188830   0.00106953
      3.76241     0.189483   0.00105288
      3.76382     0.189396   0.00101423
      3.76523     0.189185   0.00103918
      3.76665     0.190750   0.00100887
      3.76806     0.193050   0.00103458
      3.76948     0.193066   0.00108560
      3.77089     0.194901   0.00105519
      3.77230     0.193969   0.00110871
      3.77372     0.193212   0.00102359
      3.77513     0.194750   0.00108578
      3.77655     0.193922   0.00104759
      3.77796     0.194040   0.00110529
      3.77937     0.195257   0.00103851
      3.78079     0.194350   0.00105411
      3.78220     0.196388   0.00106374
      3.78362     0.198465   0.00102193
      3.78503     0.197951   0.00101973
      3.78645     0.198455   0.00102785
      3.78786     0.199456   0.00106898
      3.78927     0.199003   0.00107500
      3.79069     0.198580   0.00103157
      3.79210     0.199095   0.00113540
      3.79352     0.199008   0.00110761
      3.79493     0.200211   0.00108102
      3.79635     0.201506   0.00105961
      3.79776     0.200613   0.00104057
      3.79918     0.198566   0.00108373
      3.80059     0.199469   0.00113070
      3.80200     0.201364   0.00105936
      3.80342     0.202766   0.00108721
      3.80483     0.203912   0.00109403
      3.80625     0.204290   0.00103645
      3.80766     0.203420   0.00102694
      3.80908     0.203064   0.00101636
      3.81049     0.205319   0.00111014
      3.81191     0.207232   0.00113371
      3.81332     0.209314   0.00107986
      3.81474     0.208030   0.00112005
      3.81615     0.205033   0.00108063
      3.81756     0.208027   0.00108810
      3.81898     0.210198   0.00100753
      3.82039     0.207720   0.00108224
      3.82181     0.206142   0.00106312
      3.82322     0.206940   0.00106232
      3.82464     0.207157   0.00109684
      3.82605     0.207364   0.00112830
      3.82747     0.207786   0.00111993
      3.82888     0.209457   0.00105680
      3.83030     0.211239   0.00105668
      3.83171     0.212798   0.00106572
      3.83313     0.211846   0.00107983
      3.83454     0.210904   0.00116712
      3.83596     0.210437   0.00117081
      3.83737     0.210473   0.00110676
      3.83879     0.211973   0.00111695
      3.84020     0.213522   0.00111046
      3.84162     0.212707   0.00105068
      3.84303     0.211099   0.00108908
      3.84445     0.210782   0.00112000
      3.84587     0.211271   0.00116610
      3.84728     0.213373   0.00106026
      3.84870     0.215480   0.00111774
      3.85011     0.215955   0.00108112
      3.85153     0.215706   0.00102788
      3.85294     0.214572   0.00107481
      3.85436     0.216769   0.00110710
      3.85577     0.220795   0.00116174
      3.85719     0.219296   0.00108804
      3.85860     0.218247   0.00112358
      3.86002     0.218716   0.00114531
      3.86144     0.218826   0.00115905
      3.86285     0.220286   0.00111312
      3.86427     0.219623   0.00110621
      3.86568     0.221617   0.00114582
      3.86710     0.225085   0.00119589
      3.86852     0.223903   0.00112107
      3.86993     0.222711   0.00122054
      3.87135     0.222272   0.00123826
      3.87276     0.221105   0.00121893
      3.87418     0.222653   0.00131720
      3.87560     0.222511   0.00124219
      3.87701     0.221809   0.00111722
      3.87843     0.224519   0.00122570
      3.87984     0.228622   0.00124883
      3.88126     0.230610   0.00124043
      3.88268     0.226695   0.00128474
      3.88409     0.224303   0.00120700
      3.88551     0.225959   0.00123243
      3.88693     0.229257   0.00125799
      3.88834     0.231888   0.00118859
      3.88976     0.230294   0.00122512
      3.89117     0.229694   0.00119329
      3.89259     0.231649   0.00124921
      3.89401     0.234196   0.00122551
      3.89542     0.231391   0.00111356
      3.89684     0.230354   0.00126057
      3.89826     0.231937   0.00113692
      3.89968     0.233084   0.00112714
      3.90109     0.233225   0.00115812
      3.90251     0.231687   0.00115591
      3.90393     0.233063   0.00114090
      3.90534     0.234404   0.00117579
      3.90676     0.233860   0.00126282
      3.90818     0.232475   0.00127402
      3.90959     0.234455   0.00138202
      3.91101     0.237574   0.00133738
      3.91243     0.235496   0.00112381
      3.91385     0.233256   0.00123411
      3.91526     0.234258   0.00123527
      3.91668     0.237336   0.00119204
      3.91810     0.239169   0.00122195
      3.91952     0.240191   0.00114909
      3.92093     0.240145   0.00120067
      3.92235     0.237112   0.00125972
      3.92377     0.235304   0.00123861
      3.92519     0.238543   0.00121342
      3.92661     0.242641   0.00129846
      3.92802     0.245018   0.00131493
      3.92944     0.244855   0.00131738
      3.93086     0.241151   0.00123044
      3.93228     0.239835   0.00121798
      3.93370     0.242183   0.00122953
      3.93511     0.243165   0.00123447
      3.93653     0.242620   0.00127725
      3.93795     0.242430   0.00128215
      3.93937     0.244726   0.00125765
      3.94079     0.247491   0.00133290
      3.94221     0.246657   0.00128352
      3.94363     0.244328   0.00128812
      3.94504     0.244291   0.00121746
      3.94646     0.243742   0.00127264
      3.94788     0.246181   0.00124142
      3.94930     0.247549   0.00119633
      3.95072     0.246061   0.00129483
      3.95214     0.246515   0.00117327
      3.95356     0.246058   0.00119668
      3.95498     0.246453   0.00119287
      3.95640     0.247785   0.00116829
      3.95782     0.246695   0.00128039
      3.95923     0.247634   0.00118230
      3.96065     0.247443   0.00124056
      3.96207     0.247755   0.00110105
      3.96349     0.251233   0.00116526
      3.96491     0.250174   0.00117287
      3.96633     0.246806   0.00111652
      3.96775     0.249314   0.00116775
      3.96917     0.250641   0.00127635
      3.97059     0.250202   0.00123392
      3.97201     0.251337   0.00120850
      3.97343     0.252564   0.00118113
      3.97485     0.252632   0.00125979
      3.97627     0.251078   0.00119199
      3.97769     0.250873   0.00117513
      3.97911     0.252920   0.00122665
      3.98054     0.254344   0.00127764
      3.98196     0.254771   0.00121950
      3.98338     0.254028   0.00113490
      3.98480     0.253264   0.00118379
      3.98622     0.255203   0.00125903
      3.98764     0.259386   0.00122971
      3.98906     0.258179   0.00121300
      3.99048     0.255131   0.00114252
      3.99190     0.256290   0.00118731
      3.99332     0.259790   0.00123859
      3.99475     0.261442   0.00130159
      3.99617     0.260711   0.00118485
      3.99759     0.259009   0.00129054
      3.99901     0.260053   0.00135204
      4.00043     0.259656   0.00128324
      4.00185     0.258944   0.00117053
      4.00328     0.257404   0.00127566
      4.00470     0.256353   0.00124430
      4.00612     0.257272   0.00123291
      4.00754     0.256099   0.00125154
      4.00896     0.257363   0.00134678
      4.01039     0.259910   0.00128606
      4.01181     0.258782   0.00131394
      4.01323     0.259925   0.00131493
      4.01465     0.260931   0.00127830
      4.01608     0.262334   0.00122379
      4.01750     0.267137   0.00132473
      4.01892     0.268963   0.00121272
      4.02035     0.269199   0.00129453
      4.02177     0.267255   0.00127908
      4.02319     0.266911   0.00137129
      4.02462     0.266909   0.00141723
      4.02604     0.268479   0.00142600
      4.02746     0.270779   0.00147866
      4.02889     0.269516   0.00142984
      4.03031     0.270346   0.00133355
      4.03173     0.272061   0.00136325
      4.03316     0.272238   0.00140731
      4.03458     0.271028   0.00138841
      4.03601     0.275149   0.00153829
      4.03743     0.280805   0.00135864
      4.03886     0.279836   0.00164357
      4.04028     0.279167   0.00152429
      4.04171     0.280538   0.00149947
      4.04313     0.281597   0.00144090
      4.04455     0.281776   0.00154305
      4.04598     0.280186   0.00152205
      4.04740     0.278037   0.00146449
      4.04883     0.280557   0.00151181
      4.05026     0.286564   0.00149848
      4.05168     0.293722   0.00165585
      4.05311     0.300959   0.00161326
      4.05453     0.303383   0.00168306
      4.05596     0.297814   0.00161491
      4.05738     0.289196   0.00145466
      4.05881     0.282941   0.00159046
      4.06024     0.280057   0.00150683
      4.06166     0.276151   0.00145473
      4.06309     0.274791   0.00153011
      4.06452     0.276324   0.00150234
      4.06594     0.276000   0.00146494
      4.06737     0.274176   0.00145920
      4.06880     0.278478   0.00154662
      4.07022     0.274942   0.00163372
      4.07165     0.269647   0.00143581
      4.07308     0.272683   0.00153153
      4.07450     0.271692   0.00154520
      4.07593     0.274583   0.00165513
      4.07736     0.276131   0.00141602
      4.07879     0.279656   0.00151298
      4.08021     0.282030   0.00148768
      4.08164     0.277095   0.00158528
      4.08307     0.282334   0.00152116
      4.08450     0.318257   0.00166866
      4.08593     0.339002   0.00208374
      4.08736     0.299707   0.00170059
      4.08879     0.262172   0.00173400
      4.09021     0.257458   0.00168991
      4.09164     0.264667   0.00162083
      4.09307     0.273324   0.00200228
      4.09450     0.275505   0.00179422
      4.09593     0.274210   0.00170199
      4.09736     0.275441   0.00169055
      4.09879     0.277256   0.00188817
      4.10022     0.280389   0.00159204
      4.10165     0.284822   0.00176783
      4.10308     0.284690   0.00171766
      4.10451     0.284152   0.00174108
      4.10594     0.286131   0.00174178
      4.10737     0.284155   0.00187112
      4.10880     0.281719   0.00165791
      4.11023     0.280905   0.00174664
      4.11166     0.283407   0.00162964
      4.11309     0.284231   0.00172833
      4.11453     0.280959   0.00170143
      4.11596     0.281817   0.00180475
      4.11739     0.286306   0.00159904
      4.11882     0.285181   0.00188397
      4.12025     0.285269   0.00174264
      4.12168     0.288720   0.00178551
      4.12312     0.290582   0.00171435
      4.12455     0.295067   0.00183333
      4.12598     0.295384   0.00174664
      4.12741     0.290477   0.00184414
      4.12885     0.288752   0.00184243
      4.13028     0.286333   0.00185059
      4.13171     0.292202   0.00188031
      4.13315     0.298308   0.00182338
      4.13458     0.297492   0.00183675
      4.13601     0.295465   0.00195166
      4.13745     0.291279   0.00183100
      4.13888     0.290219   0.00181011
      4.14031     0.291078   0.00195711
      4.14175     0.292189   0.00187162
      4.14318     0.293016   0.00184253
      4.14462     0.294121   0.00185482
      4.14605     0.297547   0.00194559
      4.14749     0.299337   0.00213516
      4.14892     0.299325   0.00213119
      4.15036     0.296551   0.00203335
      4.15179     0.294251   0.00206176
      4.15323     0.299358   0.00204759
      4.15466     0.304950   0.00205267
      4.15610     0.306783   0.00207288
      4.15754     0.306533   0.00236941
      4.15897     0.302808   0.00209270
      4.16041     0.301560   0.00243858
      4.16185     0.308930   0.00225660
      4.16328     0.311509   0.00234950
      4.16472     0.304463   0.00245204
      4.16616     0.307779   0.00244596
      4.16759     0.314188   0.00259114
      4.16903     0.309312   0.00239273
      4.17047     0.305754   0.00238193
      4.17191     0.304823   0.00259432
      4.17335     0.304873   0.00258000
      4.17478     0.306175   0.00278791
      4.17622     0.300807   0.00293323
      4.17766     0.299492   0.00293900
      4.17910     0.298515   0.00301494
      4.18054     0.301591   0.00307916
      4.18198     0.315127   0.00337559
      4.18342     0.321751   0.00404787
      4.18486     0.316505   0.00405463
      4.18630     0.310995   0.00458494
      4.18774     0.308165   0.00487389
      4.18918     0.313626   0.00686668
      4.19062     0.306448   0.00886802
      4.19206     0.267441    0.0144868
      4.19350     0.270337    0.0258591
      4.19494     0.241227    0.0458641
      4.19638     0.305472     0.101638
      4.19782     0.212454     0.272164
      4.19926      20.2890      3.31760
      4.20070      30.3949      1.89529
      4.20215      33.7089      1.73711
      4.20359      20.1144      1.82612
      4.20503     -27.5364      4.54943
      4.20647     -34.0084      2.37260
      4.20792     -9.70509     0.580013
      4.20936     -4.17524      2.98225
      4.21080      2.22035      4.20849
      4.21225      6.01938      12.5072
      4.21369      8.48978      3.65422
      4.21513      5.16260      12.8711
      4.21658    -0.815580      1.10018
      4.21802      76.4781      217.114
      4.21947      55.3923      6.64505
      4.22091      11.7738      173.131
      4.22236      16.2737      108.204
      4.22380      2.68639      1.51271
      4.22525      0.00000     0.839719
