SOURCE  = LLN 47                        / Source name
STANDARD= BS3468                        / Standard name
OBSDATE = 11-11-2001                    / Date of observation
SPOS    = 09:11:14.0  -45:35:45.6       / Source position RA,DEC,J2000
STPOS   = 08:43:35.3  -33:11:30.9       / Standard position RA,DEC,J2000
STSPT   = B1.5III                       / Standard spectral type
STTEFF  = 23000                         / Standard effective temperature [K]
STMAG   = 4.22                          / Standard magnitude (adopted)
WAVEZP  = 3.45                          / Wavelength zero point [micron]
FLUXZP  = 290                           / Flux zero point [Jy]
SAIRM   = 1.213                         / Source mean airmass
STAIRM  = 1.039                         / Standard mean airmass
AIRMCORR= 1.24                          / Optimal (adopted) airmass correction
SPECRES = ~1200                         / Spectral resolution

Created by K. M. Pontoppidan             Mon May 12 19:24:00 2003

Wavelength [micron] Flux [Jy] Statistical Error [Jy]

      2.78676      0.00000      1.16647
      2.78807      9.07110      2.61755
      2.78938      9.98800      4.06048
      2.79069      6.35677      3.77910
      2.79200      9.34285      3.73261
      2.79331     -14.5668      3.74020
      2.79462    -0.427526      2.21169
      2.79593     -3.08636     0.962376
      2.79725    -0.104308     0.704915
      2.79856      1.08468     0.504097
      2.79988     0.480897     0.418371
      2.80119      1.01643     0.307482
      2.80251     0.242831     0.257316
      2.80382    -0.623117     0.280479
      2.80514     -2.33124     0.559125
      2.80646     -1770.50      68531.1
      2.80778     -164.324      19.9887
      2.80910     -25.1012      3.85657
      2.81042     -1.30092     0.470767
      2.81174     0.111102     0.169604
      2.81306     0.256244    0.0776208
      2.81438     0.140401    0.0483319
      2.81571     0.194428    0.0365609
      2.81703     0.147836    0.0574351
      2.81835     0.277989     0.107365
      2.81968    -0.566800     0.116946
      2.82100    -0.221970     0.109075
      2.82233    -0.174469     0.133951
      2.82366    0.0225647    0.0599480
      2.82498     0.152983    0.0246769
      2.82631    0.0557965    0.0129505
      2.82764    0.0673054   0.00981501
      2.82897    0.0139958   0.00848121
      2.83030    0.0450458   0.00759216
      2.83163     0.111533   0.00653788
      2.83296     0.120476   0.00601249
      2.83429    0.0846105   0.00877686
      2.83563    0.0503302    0.0225258
      2.83696     0.193670    0.0596860
      2.83829     0.275589    0.0727579
      2.83963   -0.0185092    0.0451031
      2.84096   0.00895546    0.0212501
      2.84230    0.0766551    0.0100956
      2.84364     0.125240   0.00703938
      2.84497    0.0702765   0.00535803
      2.84631    0.0627440   0.00454761
      2.84765    0.0832465   0.00560201
      2.84899    0.0809241   0.00821071
      2.85033    0.0497445    0.0120260
      2.85167     0.126357    0.0104778
      2.85301    0.0523565   0.00905698
      2.85435    0.0749824    0.0118442
      2.85569   -0.0178327    0.0171825
      2.85703    0.0611074    0.0153045
      2.85837     0.101624   0.00850966
      2.85972     0.114935   0.00596230
      2.86106     0.114725   0.00541356
      2.86241     0.127106   0.00482054
      2.86375     0.124183   0.00378462
      2.86510     0.111959   0.00359015
      2.86644     0.117119   0.00393440
      2.86779     0.114531   0.00451184
      2.86914     0.104616   0.00500660
      2.87049     0.109016   0.00539793
      2.87183     0.110632   0.00534106
      2.87318     0.135357   0.00544892
      2.87453     0.145931   0.00408957
      2.87588     0.123489   0.00302467
      2.87723     0.127500   0.00268207
      2.87859     0.116435   0.00287695
      2.87994     0.111308   0.00318951
      2.88129     0.102937   0.00289963
      2.88264     0.111982   0.00270625
      2.88400     0.118126   0.00283101
      2.88535     0.121725   0.00303330
      2.88670     0.113034   0.00310734
      2.88806     0.126451   0.00349091
      2.88941     0.119960   0.00381645
      2.89077     0.118865   0.00331435
      2.89213     0.111415   0.00273691
      2.89348     0.112344   0.00257382
      2.89484     0.120031   0.00224042
      2.89620     0.124189   0.00203394
      2.89756     0.121670   0.00203032
      2.89892     0.125353   0.00231339
      2.90028     0.119798   0.00295558
      2.90164     0.126498   0.00416342
      2.90300     0.104224   0.00408036
      2.90436    0.0873879   0.00378025
      2.90572     0.104693   0.00361145
      2.90708     0.101817   0.00302494
      2.90844     0.100320   0.00251407
      2.90981     0.101293   0.00226067
      2.91117     0.111460   0.00213811
      2.91253     0.114737   0.00211429
      2.91390     0.114395   0.00234812
      2.91526     0.112743   0.00238459
      2.91663     0.112155   0.00224334
      2.91799     0.119188   0.00213934
      2.91936     0.118285   0.00222787
      2.92073     0.122951   0.00247195
      2.92209     0.131432   0.00343696
      2.92346     0.118783   0.00429613
      2.92483     0.110278   0.00321731
      2.92620     0.115226   0.00239794
      2.92757     0.105131   0.00199217
      2.92894     0.114674   0.00190739
      2.93031     0.115291   0.00193169
      2.93168     0.119173   0.00188713
      2.93305     0.114802   0.00186933
      2.93442     0.114372   0.00193464
      2.93579     0.113482   0.00200480
      2.93716     0.116543   0.00204453
      2.93854     0.114746   0.00235165
      2.93991     0.113431   0.00241729
      2.94128     0.107252   0.00232719
      2.94266     0.112782   0.00239616
      2.94403     0.110088   0.00247848
      2.94540     0.107308   0.00247219
      2.94678     0.108436   0.00237648
      2.94815     0.116847   0.00236635
      2.94953     0.112159   0.00216362
      2.95091     0.114340   0.00199429
      2.95228     0.121091   0.00219149
      2.95366     0.115803   0.00243647
      2.95504     0.114487   0.00241256
      2.95642     0.111089   0.00221614
      2.95779     0.111855   0.00197950
      2.95917     0.112306   0.00200408
      2.96055     0.110890   0.00193402
      2.96193     0.110133   0.00185691
      2.96331     0.110200   0.00188311
      2.96469     0.108902   0.00185770
      2.96607     0.113005   0.00198023
      2.96745     0.117232   0.00235268
      2.96883     0.114621   0.00299810
      2.97022     0.113078   0.00384457
      2.97160     0.121415   0.00400408
      2.97298     0.115057   0.00338885
      2.97436     0.113217   0.00299499
      2.97575     0.112428   0.00269159
      2.97713     0.113068   0.00254830
      2.97851     0.110651   0.00247210
      2.97990     0.105422   0.00244943
      2.98128     0.108778   0.00216703
      2.98267     0.112925   0.00192642
      2.98405     0.111357   0.00175538
      2.98544     0.111100   0.00169463
      2.98683     0.110508   0.00168659
      2.98821     0.108370   0.00161540
      2.98960     0.110405   0.00165301
      2.99099     0.113251   0.00171016
      2.99237     0.119743   0.00181560
      2.99376     0.116622   0.00185087
      2.99515     0.119059   0.00194415
      2.99654     0.109781   0.00199866
      2.99793     0.109974   0.00195144
      2.99932     0.109483   0.00180295
      3.00071     0.114085   0.00166215
      3.00210     0.117596   0.00173093
      3.00349     0.118194   0.00196317
      3.00488     0.119299   0.00218642
      3.00627    0.0743209   0.00226041
      3.00766     0.103009   0.00208453
      3.00905     0.106791   0.00182755
      3.01044     0.112117   0.00167236
      3.01183     0.114336   0.00166333
      3.01323     0.109260   0.00169814
      3.01462     0.113836   0.00178556
      3.01601     0.114029   0.00186656
      3.01740     0.117592   0.00212727
      3.01880     0.112515   0.00231829
      3.02019     0.118669   0.00232474
      3.02159     0.114527   0.00218463
      3.02298     0.117021   0.00195354
      3.02438     0.113698   0.00167561
      3.02577     0.117050   0.00160533
      3.02717     0.118992   0.00162897
      3.02856     0.121959   0.00176244
      3.02996     0.119330   0.00182769
      3.03135     0.118464   0.00197368
      3.03275     0.122393   0.00217722
      3.03415     0.122131   0.00224449
      3.03554     0.121941   0.00240768
      3.03694     0.120222   0.00260717
      3.03834     0.118482   0.00246394
      3.03974     0.115682   0.00205827
      3.04113     0.117417   0.00196900
      3.04253     0.118370   0.00186445
      3.04393     0.120331   0.00188789
      3.04533     0.119750   0.00201315
      3.04673     0.118234   0.00203223
      3.04813     0.120074   0.00216213
      3.04953     0.122663   0.00243819
      3.05093     0.120472   0.00260036
      3.05233     0.114307   0.00288262
      3.05373     0.110452   0.00276045
      3.05513     0.118556   0.00242040
      3.05653     0.114405   0.00206043
      3.05793     0.118443   0.00185097
      3.05933     0.120950   0.00170484
      3.06074     0.117407   0.00177594
      3.06214     0.113532   0.00183806
      3.06354     0.115033   0.00197145
      3.06494     0.119985   0.00194911
      3.06634     0.118705   0.00192600
      3.06775     0.121568   0.00196250
      3.06915     0.119806   0.00208894
      3.07055     0.118122   0.00213423
      3.07196     0.113325   0.00206287
      3.07336     0.113151   0.00183572
      3.07477     0.115404   0.00163917
      3.07617     0.121669   0.00158040
      3.07757     0.123171   0.00164751
      3.07898     0.123320   0.00183744
      3.08038     0.123024   0.00207672
      3.08179     0.118550   0.00226766
      3.08319     0.118768   0.00209885
      3.08460     0.116059   0.00188051
      3.08601     0.117987   0.00188040
      3.08741     0.114792   0.00192900
      3.08882     0.122049   0.00194028
      3.09022     0.124823   0.00191576
      3.09163     0.124735   0.00210164
      3.09304     0.114134   0.00218574
      3.09444     0.116745   0.00224008
      3.09585     0.119666   0.00223598
      3.09726     0.117068   0.00201163
      3.09867     0.116568   0.00187141
      3.10007     0.124076   0.00176801
      3.10148     0.125141   0.00178234
      3.10289     0.130239   0.00197945
      3.10430     0.124993   0.00238305
      3.10571     0.122089   0.00241534
      3.10712     0.118860   0.00233762
      3.10852     0.120287   0.00218674
      3.10993    0.0856380   0.00209159
      3.11134    0.0859273   0.00227064
      3.11275     0.120637   0.00214414
      3.11416     0.120408   0.00195225
      3.11557     0.125610   0.00188460
      3.11698     0.125309   0.00160899
      3.11839     0.127433   0.00146509
      3.11980     0.128307   0.00143459
      3.12121     0.132171   0.00145485
      3.12262     0.134353   0.00157552
      3.12403     0.139619   0.00176001
      3.12544     0.139415   0.00227593
      3.12686     0.128712   0.00237948
      3.12827     0.127958   0.00211298
      3.12968     0.130852   0.00167460
      3.13109     0.129364   0.00146147
      3.13250     0.128166   0.00137061
      3.13391     0.131154   0.00138642
      3.13532     0.136712   0.00139578
      3.13674     0.137524   0.00157129
      3.13815     0.138700   0.00166633
      3.13956     0.136865   0.00179877
      3.14097     0.135662   0.00168808
      3.14239     0.139341   0.00163823
      3.14380     0.138422   0.00173743
      3.14521     0.134910   0.00182040
      3.14663     0.135000   0.00188803
      3.14804     0.136548   0.00169308
      3.14945     0.140155   0.00151384
      3.15087     0.143536   0.00143579
      3.15228     0.146735   0.00150619
      3.15369     0.141459   0.00153244
      3.15511     0.141844   0.00159491
      3.15652     0.141000   0.00155727
      3.15794     0.147660   0.00150173
      3.15935     0.149420   0.00143562
      3.16076     0.146765   0.00135403
      3.16218     0.151069   0.00132198
      3.16359     0.152498   0.00132513
      3.16501     0.152118   0.00136950
      3.16642     0.153892   0.00138276
      3.16784     0.154533   0.00135456
      3.16925     0.152705   0.00132097
      3.17067     0.153357   0.00133927
      3.17208     0.154066   0.00140609
      3.17350     0.153598   0.00150231
      3.17491     0.152969   0.00144667
      3.17633     0.154867   0.00138825
      3.17775     0.159058   0.00139458
      3.17916     0.160179   0.00136991
      3.18058     0.161388   0.00140799
      3.18199     0.162793   0.00145852
      3.18341     0.162579   0.00155759
      3.18483     0.163322   0.00149684
      3.18624     0.163739   0.00146772
      3.18766     0.164532   0.00143697
      3.18908     0.165905   0.00157441
      3.19049     0.164195   0.00184319
      3.19191     0.174375   0.00207661
      3.19333     0.170844   0.00213191
      3.19474     0.171077   0.00180923
      3.19616     0.168115   0.00185030
      3.19758     0.171560   0.00212650
      3.19899     0.178257   0.00263821
      3.20041     0.173820   0.00253668
      3.20183     0.172959   0.00259082
      3.20325     0.177656   0.00281189
      3.20466     0.171805   0.00260643
      3.20608     0.183685   0.00284054
      3.20750     0.180909   0.00336620
      3.20892     0.189008   0.00374946
      3.21034    0.0941684   0.00384182
      3.21175     0.164723   0.00343822
      3.21317     0.178237   0.00280614
      3.21459     0.175257   0.00243408
      3.21601     0.175756   0.00229888
      3.21743     0.181226   0.00233883
      3.21884     0.177021   0.00215703
      3.22026     0.182403   0.00232769
      3.22168     0.182471   0.00282341
      3.22310     0.178913   0.00378810
      3.22452     0.167122   0.00402501
      3.22594     0.188893   0.00331627
      3.22735     0.186846   0.00282990
      3.22877     0.185159   0.00257486
      3.23019     0.185419   0.00285207
      3.23161     0.186896   0.00272227
      3.23303     0.181553   0.00190410
      3.23445     0.186106   0.00148966
      3.23587     0.191031   0.00145221
      3.23729     0.188740   0.00154547
      3.23871     0.189277   0.00168132
      3.24012     0.193612   0.00183023
      3.24154     0.194416   0.00197917
      3.24296     0.187221   0.00202533
      3.24438     0.192305   0.00223101
      3.24580     0.182785   0.00285271
      3.24722     0.184469   0.00295103
      3.24864     0.180689   0.00272523
      3.25006     0.184777   0.00219088
      3.25148     0.192214   0.00170548
      3.25290     0.194695   0.00145298
      3.25432     0.192191   0.00133252
      3.25574     0.193593   0.00141351
      3.25716     0.199191   0.00144872
      3.25858     0.202006   0.00168009
      3.26000     0.205337   0.00212085
      3.26142     0.213359   0.00262745
      3.26284     0.209362   0.00248539
      3.26426     0.201302   0.00200575
      3.26567     0.197587   0.00179303
      3.26709     0.204051   0.00175633
      3.26851     0.199599   0.00194604
      3.26993     0.202979   0.00227172
      3.27135     0.209310   0.00241211
      3.27277     0.205481   0.00222925
      3.27419     0.199153   0.00163506
      3.27561     0.204014   0.00146790
      3.27703     0.207809   0.00146183
      3.27845     0.203572   0.00158343
      3.27987     0.204407   0.00174911
      3.28129     0.209402   0.00174891
      3.28271     0.205541   0.00145514
      3.28413     0.205821   0.00130016
      3.28555     0.208664   0.00125351
      3.28697     0.208497   0.00129015
      3.28839     0.211936   0.00129522
      3.28981     0.216469   0.00134575
      3.29123     0.219442   0.00143578
      3.29265     0.219725   0.00164027
      3.29407     0.218753   0.00183822
      3.29549     0.222498   0.00221877
      3.29691     0.221751   0.00267511
      3.29833     0.221756   0.00264347
      3.29975     0.228391   0.00262566
      3.30118     0.219894   0.00222591
      3.30260     0.213908   0.00172591
      3.30402     0.212220   0.00160090
      3.30544     0.215589   0.00164032
      3.30686     0.218227   0.00163952
      3.30828     0.218074   0.00160197
      3.30970     0.226831   0.00168461
      3.31112     0.226139   0.00201739
      3.31254     0.230190   0.00254598
      3.31396     0.257041   0.00426678
      3.31538     0.287638    0.0118472
      3.31680    0.0770730    0.0196116
      3.31822     0.157592    0.0120340
      3.31964     0.218876   0.00819564
      3.32106     0.203708   0.00448867
      3.32248     0.207162   0.00312957
      3.32390     0.215076   0.00227505
      3.32532     0.219502   0.00196191
      3.32674     0.214849   0.00179400
      3.32816     0.213703   0.00183353
      3.32958     0.227697   0.00175026
      3.33100     0.225431   0.00153077
      3.33242     0.225736   0.00138065
      3.33384     0.222851   0.00132867
      3.33526     0.227086   0.00135666
      3.33668     0.225252   0.00140107
      3.33810     0.222068   0.00141925
      3.33952     0.218675   0.00148966
      3.34094     0.225778   0.00164163
      3.34236     0.223958   0.00166008
      3.34378     0.222001   0.00163328
      3.34520     0.231205   0.00172185
      3.34662     0.232615   0.00172431
      3.34804     0.234918   0.00171621
      3.34946     0.233610   0.00150267
      3.35088     0.228167   0.00146765
      3.35230     0.230602   0.00146345
      3.35371     0.225210   0.00151534
      3.35513     0.217616   0.00159169
      3.35655     0.218695   0.00180166
      3.35797     0.226688   0.00197886
      3.35939     0.228403   0.00165210
      3.36081     0.226232   0.00153957
      3.36223     0.221535   0.00157914
      3.36365     0.222781   0.00155344
      3.36507     0.224686   0.00151455
      3.36649     0.223108   0.00151642
      3.36791     0.223834   0.00156414
      3.36933     0.226684   0.00167570
      3.37075     0.225850   0.00163858
      3.37217     0.221970   0.00148191
      3.37359     0.228010   0.00136842
      3.37501     0.229642   0.00129206
      3.37643     0.228771   0.00130151
      3.37784     0.234695   0.00140377
      3.37926     0.236364   0.00160712
      3.38068     0.234835   0.00165930
      3.38210     0.239813   0.00169310
      3.38352     0.225125   0.00153085
      3.38494     0.226108   0.00146323
      3.38636     0.234176   0.00140528
      3.38778     0.235705   0.00135041
      3.38920     0.234618   0.00127007
      3.39061     0.234681   0.00137083
      3.39203     0.234852   0.00152878
      3.39345     0.240611   0.00162739
      3.39487     0.231147   0.00146422
      3.39629     0.231429   0.00128379
      3.39771     0.232302   0.00127523
      3.39913     0.231820   0.00126868
      3.40054     0.235253   0.00127356
      3.40196     0.241948   0.00130449
      3.40338     0.237951   0.00154740
      3.40480     0.246175   0.00169846
      3.40622     0.242741   0.00174939
      3.40764     0.237306   0.00162328
      3.40905     0.238302   0.00145394
      3.41047     0.256175   0.00145181
      3.41189     0.250405   0.00143791
      3.41331     0.247561   0.00144163
      3.41473     0.248175   0.00146666
      3.41614     0.244371   0.00154992
      3.41756     0.254327   0.00155457
      3.41898     0.248076   0.00151319
      3.42040     0.247114   0.00128926
      3.42182     0.252112   0.00127623
      3.42323     0.252585   0.00122669
      3.42465     0.258602   0.00133793
      3.42607     0.265266   0.00140984
      3.42749     0.257972   0.00150350
      3.42890     0.259835   0.00158562
      3.43032     0.262213   0.00156077
      3.43174     0.261260   0.00137390
      3.43315     0.265031   0.00124281
      3.43457     0.266160   0.00125729
      3.43599     0.266985   0.00122669
      3.43741     0.266915   0.00124136
      3.43882     0.269176   0.00131559
      3.44024     0.272700   0.00135452
      3.44166     0.275672   0.00141935
      3.44307     0.275017   0.00137799
      3.44449     0.275134   0.00128232
      3.44591     0.274405   0.00124501
      3.44732     0.274901   0.00120121
      3.44874     0.278529   0.00121425
      3.45016     0.282883   0.00128862
      3.45157     0.281176   0.00129528
      3.45299     0.279604   0.00134556
      3.45441     0.284432   0.00139490
      3.45582     0.293513   0.00137478
      3.45724     0.287850   0.00131518
      3.45865     0.284096   0.00117704
      3.46007     0.287082   0.00118214
      3.46149     0.288060   0.00112259
      3.46290     0.293309   0.00119452
      3.46432     0.296162   0.00120926
      3.46573     0.287353   0.00126867
      3.46715     0.293348   0.00132110
      3.46856     0.294243   0.00123137
      3.46998     0.292329   0.00118605
      3.47140     0.296470   0.00119194
      3.47281     0.298793   0.00118543
      3.47423     0.299980   0.00120411
      3.47564     0.302470   0.00122022
      3.47706     0.300307   0.00121858
      3.47847     0.299320   0.00118785
      3.47989     0.302745   0.00118693
      3.48130     0.302621   0.00117739
      3.48272     0.299747   0.00119280
      3.48413     0.301537   0.00118208
      3.48555     0.302653   0.00122243
      3.48696     0.303375   0.00115778
      3.48838     0.301648   0.00113677
      3.48979     0.299035   0.00119894
      3.49121     0.299644   0.00122337
      3.49262     0.299025   0.00118087
      3.49404     0.304081   0.00113488
      3.49545     0.307138   0.00115842
      3.49686     0.309784   0.00115336
      3.49828     0.310323   0.00114007
      3.49969     0.313710   0.00118047
      3.50111     0.316414   0.00117455
      3.50252     0.321082   0.00115950
      3.50393     0.329191   0.00118494
      3.50535     0.329190   0.00115753
      3.50676     0.330133   0.00115845
      3.50818     0.333852   0.00115693
      3.50959     0.334897   0.00117857
      3.51100     0.334852   0.00114811
      3.51242     0.335704   0.00112483
      3.51383     0.333943   0.00116602
      3.51524     0.332219   0.00119521
      3.51666     0.328709   0.00117548
      3.51807     0.332862   0.00117321
      3.51948     0.333304   0.00113290
      3.52090     0.339771   0.00113560
      3.52231     0.343539   0.00116541
      3.52372     0.346019   0.00112330
      3.52514     0.347606   0.00115275
      3.52655     0.347833   0.00112784
      3.52796     0.345493   0.00112465
      3.52937     0.347235   0.00113535
      3.53079     0.346087   0.00118611
      3.53220     0.351116   0.00119520
      3.53361     0.355948   0.00114691
      3.53502     0.355895   0.00116407
      3.53644     0.358286   0.00115456
      3.53785     0.367797   0.00119262
      3.53926     0.363541   0.00120278
      3.54067     0.359670   0.00118419
      3.54208     0.356291   0.00123339
      3.54350     0.357483   0.00117963
      3.54491     0.358237   0.00115485
      3.54632     0.356355   0.00119282
      3.54773     0.365910   0.00117765
      3.54914     0.369169   0.00112060
      3.55055     0.364708   0.00119111
      3.55197     0.378707   0.00115795
      3.55338     0.379392   0.00117582
      3.55479     0.383101   0.00116080
      3.55620     0.383014   0.00115383
      3.55761     0.384995   0.00114351
      3.55902     0.386136   0.00110993
      3.56043     0.389598   0.00114078
      3.56185     0.389911   0.00113998
      3.56326     0.392146   0.00116057
      3.56467     0.396400   0.00114388
      3.56608     0.397856   0.00120811
      3.56749     0.401929   0.00117393
      3.56890     0.396516   0.00121841
      3.57031     0.394208   0.00122545
      3.57172     0.395797   0.00120928
      3.57313     0.395962   0.00118528
      3.57454     0.403301   0.00126148
      3.57595     0.408746   0.00116898
      3.57736     0.413533   0.00117753
      3.57877     0.419338   0.00117953
      3.58018     0.418787   0.00107086
      3.58159     0.413769   0.00118032
      3.58300     0.415702   0.00120433
      3.58441     0.424561   0.00118370
      3.58582     0.427233   0.00115936
      3.58723     0.432220   0.00114908
      3.58864     0.427337   0.00119103
      3.59005     0.431544   0.00111092
      3.59146     0.433402   0.00113471
      3.59287     0.432009   0.00117590
      3.59428     0.430321   0.00117686
      3.59569     0.428693   0.00112751
      3.59710     0.433474   0.00115971
      3.59851     0.437190   0.00117810
      3.59992     0.436789   0.00119252
      3.60133     0.439757   0.00117265
      3.60274     0.442865   0.00116623
      3.60414     0.443777   0.00115731
      3.60555     0.445823   0.00119393
      3.60696     0.452292   0.00124181
      3.60837     0.452823   0.00119532
      3.60978     0.457999   0.00119237
      3.61119     0.456518   0.00124106
      3.61260     0.455508   0.00122954
      3.61401     0.458075   0.00115738
      3.61541     0.455798   0.00116216
      3.61682     0.458004   0.00118172
      3.61823     0.465256   0.00118459
      3.61964     0.467938   0.00112785
      3.62105     0.464711   0.00117656
      3.62246     0.466714   0.00119714
      3.62386     0.471494   0.00115264
      3.62527     0.470593   0.00118353
      3.62668     0.475235   0.00114423
      3.62809     0.476035   0.00121179
      3.62950     0.471483   0.00117628
      3.63090     0.463914   0.00113789
      3.63231     0.468004   0.00114612
      3.63372     0.472947   0.00121260
      3.63513     0.479575   0.00118850
      3.63653     0.480610   0.00116125
      3.63794     0.473672   0.00115110
      3.63935     0.481566   0.00116343
      3.64076     0.504138   0.00117492
      3.64216     0.492975   0.00114232
      3.64357     0.495614   0.00116349
      3.64498     0.515055   0.00129608
      3.64639     0.493202   0.00118667
      3.64779     0.493765   0.00120934
      3.64920     0.495964   0.00116474
      3.65061     0.497564   0.00112254
      3.65202     0.500071   0.00113336
      3.65342     0.499217   0.00111328
      3.65483     0.503414   0.00112032
      3.65624     0.505413   0.00113269
      3.65764     0.509787   0.00110559
      3.65905     0.507646   0.00112069
      3.66046     0.506581   0.00107621
      3.66186     0.508659   0.00114712
      3.66327     0.522024   0.00115943
      3.66468     0.520959   0.00110837
      3.66608     0.522151   0.00121744
      3.66749     0.525103   0.00123130
      3.66890     0.529737   0.00122307
      3.67030     0.520718   0.00119199
      3.67171     0.515332   0.00112122
      3.67312     0.525225   0.00122684
      3.67452     0.525888   0.00128415
      3.67593     0.524581   0.00122283
      3.67733     0.529072   0.00118867
      3.67874     0.533068   0.00120903
      3.68015     0.532485   0.00117468
      3.68155     0.535720   0.00116379
      3.68296     0.540634   0.00121598
      3.68436     0.539401   0.00118112
      3.68577     0.544359   0.00115744
      3.68718     0.546527   0.00114549
      3.68858     0.543607   0.00117091
      3.68999     0.544644   0.00119055
      3.69139     0.545934   0.00113652
      3.69280     0.544929   0.00117455
      3.69421     0.548393   0.00117918
      3.69561     0.552361   0.00117231
      3.69702     0.553057   0.00113590
      3.69842     0.552029   0.00115362
      3.69983     0.552781   0.00116851
      3.70123     0.560801   0.00122073
      3.70264     0.567452   0.00116801
      3.70405     0.561730   0.00122857
      3.70545     0.568107   0.00121679
      3.70686     0.565392   0.00121224
      3.70826     0.565853   0.00117387
      3.70967     0.563490   0.00122560
      3.71107     0.567712   0.00124280
      3.71248     0.572781   0.00121262
      3.71388     0.569649   0.00125151
      3.71529     0.566919   0.00114203
      3.71670     0.572494   0.00117916
      3.71810     0.574496   0.00118282
      3.71951     0.572895   0.00117849
      3.72091     0.577416   0.00110669
      3.72232     0.576253   0.00125621
      3.72372     0.575792   0.00125239
      3.72513     0.580518   0.00118983
      3.72653     0.592015   0.00122442
      3.72794     0.594018   0.00118194
      3.72934     0.597899   0.00120263
      3.73075     0.594690   0.00122679
      3.73215     0.587157   0.00123395
      3.73356     0.597124   0.00125576
      3.73496     0.593351   0.00124377
      3.73637     0.609844   0.00119565
      3.73777     0.615635   0.00120407
      3.73918     0.630707   0.00125773
      3.74058     0.635015   0.00127524
      3.74199     0.630711   0.00119663
      3.74339     0.619383   0.00124333
      3.74480     0.615080   0.00124355
      3.74620     0.618324   0.00119855
      3.74761     0.636148   0.00123474
      3.74901     0.622180   0.00115500
      3.75042     0.617049   0.00117632
      3.75182     0.615566   0.00121287
      3.75323     0.610664   0.00118288
      3.75463     0.616086   0.00120710
      3.75604     0.617049   0.00120714
      3.75744     0.617778   0.00114445
      3.75885     0.623875   0.00120011
      3.76025     0.618814   0.00115983
      3.76166     0.613864   0.00128288
      3.76306     0.613485   0.00117118
      3.76447     0.618708   0.00118747
      3.76587     0.621085   0.00114044
      3.76728     0.621601   0.00125088
      3.76868     0.620719   0.00121947
      3.77009     0.632434   0.00121820
      3.77150     0.635135   0.00117103
      3.77290     0.629362   0.00118651
      3.77431     0.640118   0.00125828
      3.77571     0.642951   0.00121922
      3.77712     0.641699   0.00118943
      3.77852     0.639549   0.00123512
      3.77993     0.641433   0.00121236
      3.78133     0.665364   0.00128359
      3.78274     0.679202   0.00127887
      3.78414     0.662629   0.00124002
      3.78555     0.647829   0.00130375
      3.78695     0.642528   0.00129416
      3.78836     0.654300   0.00127837
      3.78976     0.658726   0.00128469
      3.79117     0.656380   0.00122669
      3.79257     0.657117   0.00126247
      3.79398     0.662977   0.00130096
      3.79538     0.659274   0.00124959
      3.79679     0.663716   0.00123907
      3.79820     0.663341   0.00124195
      3.79960     0.659616   0.00130376
      3.80101     0.660810   0.00131573
      3.80241     0.666832   0.00128079
      3.80382     0.663878   0.00121149
      3.80522     0.662657   0.00135446
      3.80663     0.663796   0.00125233
      3.80804     0.664074   0.00130542
      3.80944     0.661902   0.00140386
      3.81085     0.670762   0.00125911
      3.81225     0.675307   0.00142534
      3.81366     0.679486   0.00127472
      3.81507     0.683788   0.00132341
      3.81647     0.683458   0.00131939
      3.81788     0.683658   0.00130902
      3.81928     0.681597   0.00132126
      3.82069     0.694144   0.00122418
      3.82210     0.692437   0.00128040
      3.82350     0.684209   0.00134754
      3.82491     0.685821   0.00139254
      3.82631     0.685292   0.00129053
      3.82772     0.686710   0.00132246
      3.82913     0.698060   0.00136083
      3.83053     0.695469   0.00138893
      3.83194     0.687535   0.00133930
      3.83335     0.701247   0.00139865
      3.83475     0.701102   0.00135484
      3.83616     0.708039   0.00137427
      3.83757     0.703095   0.00128984
      3.83897     0.695157   0.00132742
      3.84038     0.694790   0.00131848
      3.84179     0.699712   0.00139201
      3.84320     0.698703   0.00132465
      3.84460     0.700473   0.00133719
      3.84601     0.695132   0.00127586
      3.84742     0.701163   0.00136686
      3.84883     0.700751   0.00143308
      3.85023     0.702449   0.00135028
      3.85164     0.707611   0.00122471
      3.85305     0.712060   0.00136626
      3.85446     0.711428   0.00127978
      3.85586     0.711574   0.00131665
      3.85727     0.710902   0.00127311
      3.85868     0.725265   0.00128165
      3.86009     0.730061   0.00137105
      3.86150     0.726117   0.00140379
      3.86290     0.716993   0.00133175
      3.86431     0.715195   0.00137111
      3.86572     0.720552   0.00134333
      3.86713     0.723888   0.00136153
      3.86854     0.725094   0.00147011
      3.86995     0.750215   0.00143893
      3.87135     0.741988   0.00145392
      3.87276     0.725624   0.00141391
      3.87417     0.725382   0.00140205
      3.87558     0.731435   0.00151662
      3.87699     0.733906   0.00147954
      3.87840     0.731531   0.00141151
      3.87981     0.733319   0.00153669
      3.88122     0.741085   0.00144586
      3.88263     0.737163   0.00140357
      3.88404     0.740321   0.00147595
      3.88545     0.734534   0.00143702
      3.88686     0.734806   0.00147406
      3.88827     0.736669   0.00143507
      3.88968     0.736009   0.00138075
      3.89109     0.749787   0.00142407
      3.89250     0.744674   0.00143410
      3.89391     0.745625   0.00145225
      3.89532     0.748104   0.00141821
      3.89673     0.755672   0.00141315
      3.89814     0.760976   0.00128599
      3.89955     0.760215   0.00128871
      3.90096     0.761296   0.00145349
      3.90237     0.769468   0.00149478
      3.90379     0.764413   0.00156253
      3.90520     0.779721   0.00158136
      3.90661     0.768352   0.00156191
      3.90802     0.767630   0.00167129
      3.90943     0.751677   0.00157313
      3.91084     0.756526   0.00156397
      3.91226     0.765475   0.00157733
      3.91367     0.767306   0.00169887
      3.91508     0.764645   0.00164832
      3.91649     0.773696   0.00151460
      3.91791     0.777825   0.00178538
      3.91932     0.776323   0.00162239
      3.92073     0.780635   0.00151056
      3.92214     0.774619   0.00169670
      3.92356     0.770067   0.00152268
      3.92497     0.777182   0.00147291
      3.92639     0.778364   0.00162453
      3.92780     0.778086   0.00171918
      3.92921     0.767553   0.00148229
      3.93063     0.779086   0.00157422
      3.93204     0.780854   0.00162997
      3.93346     0.786195   0.00148702
      3.93487     0.789868   0.00131405
      3.93628     0.783121   0.00146003
      3.93770     0.779531   0.00141063
      3.93911     0.732243   0.00162932
      3.94053     0.748141   0.00158183
      3.94194     0.785343   0.00168820
      3.94336     0.796752   0.00152506
      3.94478     0.796090   0.00145644
      3.94619     0.796913   0.00159300
      3.94761     0.789426   0.00151533
      3.94902     0.788488   0.00149101
      3.95044     0.793357   0.00154981
      3.95186     0.796838   0.00152610
      3.95327     0.797901   0.00150675
      3.95469     0.798472   0.00151972
      3.95611     0.803930   0.00150198
      3.95753     0.806462   0.00148994
      3.95894     0.806451   0.00152325
      3.96036     0.806952   0.00149876
      3.96178     0.803406   0.00150714
      3.96320     0.801877   0.00154893
      3.96461     0.811703   0.00153018
      3.96603     0.802358   0.00137262
      3.96745     0.834279   0.00163490
      3.96887     0.799180   0.00148614
      3.97029     0.813800   0.00140593
      3.97171     0.814167   0.00145940
      3.97313     0.806837   0.00142642
      3.97455     0.802199   0.00136786
      3.97597     0.802100   0.00137534
      3.97739     0.807709   0.00153149
      3.97881     0.807489   0.00151873
      3.98023     0.805453   0.00150580
      3.98165     0.808192   0.00144140
      3.98307     0.810394   0.00145247
      3.98449     0.823596   0.00132466
      3.98591     0.814660   0.00141087
      3.98734     0.800893   0.00149768
      3.98876     0.815039   0.00151677
      3.99018     0.817229   0.00144213
      3.99160     0.823614   0.00146842
      3.99303     0.831001   0.00148738
      3.99445     0.818466   0.00144842
      3.99587     0.812572   0.00147737
      3.99729     0.822478   0.00146630
      3.99872     0.817753   0.00149020
      4.00014     0.821006   0.00156575
      4.00157     0.827717   0.00143137
      4.00299     0.812827   0.00157639
      4.00441     0.809591   0.00148999
      4.00584     0.807728   0.00147706
      4.00726     0.817623   0.00162760
      4.00869     0.826970   0.00162369
      4.01012     0.826409   0.00160963
      4.01154     0.833944   0.00154310
      4.01297     0.829725   0.00150996
      4.01439     0.828324   0.00151821
      4.01582     0.829197   0.00150390
      4.01725     0.833608   0.00158824
      4.01867     0.835917   0.00154584
      4.02010     0.839191   0.00146362
      4.02153     0.843293   0.00166127
      4.02296     0.835808   0.00162960
      4.02439     0.836847   0.00172776
      4.02581     0.840564   0.00165726
      4.02724     0.854129   0.00162119
      4.02867     0.845558   0.00172405
      4.03010     0.843533   0.00173306
      4.03153     0.839139   0.00177436
      4.03296     0.847982   0.00168467
      4.03439     0.843686   0.00187988
      4.03582     0.869830   0.00183753
      4.03725     0.880664   0.00194148
      4.03868     0.870805   0.00187727
      4.04011     0.873809   0.00194501
      4.04155     0.878035   0.00196153
      4.04298     0.854202   0.00192672
      4.04441     0.852387   0.00192160
      4.04584     0.844058   0.00187558
      4.04728     0.866060   0.00194445
      4.04871     0.900985   0.00195990
      4.05014     0.901571   0.00184758
      4.05158     0.916071   0.00183034
      4.05301     0.926156   0.00196236
      4.05445     0.905374   0.00204270
      4.05588     0.904989   0.00199813
      4.05732     0.889424   0.00188642
      4.05875     0.881606   0.00190851
      4.06019     0.863512   0.00200439
      4.06162     0.850679   0.00213049
      4.06306     0.858516   0.00191382
      4.06450     0.852634   0.00200478
      4.06593     0.859181   0.00208209
      4.06737     0.855104   0.00191187
      4.06881     0.856106   0.00208318
      4.07025     0.854262   0.00191797
      4.07169     0.865223   0.00182956
      4.07312     0.854705   0.00191787
      4.07456     0.857684   0.00217068
      4.07600     0.853178   0.00179829
      4.07744     0.858058   0.00206258
      4.07888     0.856853   0.00186907
      4.08032     0.880621   0.00226086
      4.08176     0.866655   0.00183280
      4.08321     0.824288   0.00195547
      4.08465     0.829202   0.00188069
      4.08609     0.837353   0.00214767
      4.08753     0.906637   0.00214871
      4.08897     0.886917   0.00224868
      4.09042     0.871529   0.00194214
      4.09186     0.856348   0.00200388
      4.09331     0.849016   0.00210995
      4.09475     0.854061   0.00219641
      4.09619     0.858186   0.00220989
      4.09764     0.863459   0.00204519
      4.09908     0.874644   0.00203010
      4.10053     0.871210   0.00227426
      4.10198     0.867261   0.00218452
      4.10342     0.864824   0.00211529
      4.10487     0.871111   0.00207214
      4.10632     0.882768   0.00224233
      4.10777     0.894111   0.00211678
      4.10921     0.883100   0.00213382
      4.11066     0.880458   0.00215934
      4.11211     0.880248   0.00199447
      4.11356     0.879871   0.00229717
      4.11501     0.866820   0.00182862
      4.11646     0.891993   0.00232959
      4.11791     0.907592   0.00224982
      4.11936     0.906392   0.00218759
      4.12081     0.888530   0.00226743
      4.12227     0.857412   0.00229927
      4.12372     0.913113   0.00223029
      4.12517     0.902983   0.00231840
      4.12663     0.906284   0.00202265
      4.12808     0.905439   0.00218336
      4.12953     0.889790   0.00222058
      4.13099     0.886997   0.00229041
      4.13244     0.867356   0.00235686
      4.13390     0.882578   0.00247579
      4.13535     0.888699   0.00251614
      4.13681     0.873914   0.00238474
      4.13827     0.875349   0.00247673
      4.13972     0.880718   0.00272271
      4.14118     0.875035   0.00242791
      4.14264     0.882394   0.00241454
      4.14410     0.892972   0.00269508
      4.14556     0.896900   0.00263685
      4.14702     0.870900   0.00265072
      4.14848     0.896155   0.00271474
      4.14994     0.910519   0.00258355
      4.15140     0.896533   0.00252654
      4.15286     0.900942   0.00266229
      4.15432     0.910071   0.00283692
      4.15578     0.899722   0.00242141
      4.15725     0.893748   0.00294064
      4.15871     0.875849   0.00233499
      4.16017     0.902436   0.00276647
      4.16164     0.898396   0.00299694
      4.16310     0.947208   0.00285137
      4.16457     0.904015   0.00304755
      4.16603     0.898817   0.00313592
      4.16750     0.899642   0.00292319
      4.16897     0.895453   0.00286829
      4.17043     0.899480   0.00328910
      4.17190     0.898917   0.00348474
      4.17337     0.908080   0.00329708
      4.17484     0.895344   0.00339001
      4.17631     0.889622   0.00342700
      4.17778     0.887349   0.00375268
      4.17925     0.887993   0.00377980
      4.18072     0.881393   0.00419254
      4.18219     0.888760   0.00433276
      4.18366     0.879234   0.00472727
      4.18514     0.870168   0.00434391
      4.18661     0.882042   0.00644992
      4.18808     0.868841   0.00651914
      4.18956     0.848855   0.00712461
      4.19103     0.847555   0.00984185
      4.19251     0.845384    0.0128945
      4.19398     0.818173    0.0200206
      4.19546     0.714187    0.0310361
      4.19694     0.685424    0.0650904
      4.19841      1.40991     0.162853
      4.19989     0.860683     0.265262
      4.20137     0.427187     0.343141
      4.20285     -2.62349      1.74512
      4.20433     -3.60254      2.45488
      4.20581    -0.849627      1.48328
      4.20729    -0.553717      3.51233
      4.20877     -6.00460      2.49174
      4.21025     -3.53967      69.0127
      4.21173     -4.89990      1.29304
      4.21322     -22.1199      23.1127
      4.21470     0.874427      2.75832
      4.21619     0.461318      3.37088
      4.21767    -0.153329      1.26076
      4.21916     -2.20508      3.16127
      4.22064     0.879024      1.57116
      4.22213     -5.92833      3.93082
      4.22362     -17.6501      32.3193
      4.22510     -5.21391      2.51934
      4.22659      2.63277      2.30856
      4.22808      0.00000      1.86321
