SOURCE  = NGC 3576 B                    / Source name
STANDARD= BS 4773                       / Standard name
OBSDATE = 06-05-2002                    / Date of observation
SPOS    = 11:11:54.9  -61:18:39.8       / Source position RA,DEC,J2000
STPOS   = 12:32:28.1  -72:08:31.8       / Standard position RA,DEC,J2000
STSPT   = B5V                           / Standard spectral type
STTEFF  = 16400                         / Standard effective temperature [K]
STMAG   = 4.36                          / Standard magnitude (adopted)
WAVEZP  = 3.55                          / Wavelength zero point [micron]
FLUXZP  = 290                           / Flux zero point [Jy]
SAIRM   = 1.253                         / Source mean airmass
STAIRM  = 1.482                         / Standard mean airmass
AIRMCORR= 1.01                          / Optimal (adopted) airmass correction
SPECRES = ~1200                         / Spectral resolution

Created by K. M. Pontoppidan             Mon May 12 21:20:19 2003

Wavelength [micron] Flux [Jy] Statistical Error [Jy]

      2.81430      0.00000    0.0849287
      2.81577     0.306720    0.0652604
      2.81725     0.702992    0.0338196
      2.81872     0.865513    0.0267344
      2.82020     0.589759    0.0265807
      2.82167     0.680708    0.0219870
      2.82314     0.905435    0.0148483
      2.82462     0.843406    0.0145892
      2.82609     0.798486    0.0258443
      2.82756     0.509508    0.0656207
      2.82903     0.122037     0.140260
      2.83050     0.339008     0.119318
      2.83197     0.455250    0.0978054
      2.83344     0.592853    0.0397805
      2.83490     0.750760    0.0216078
      2.83637     0.846914    0.0158101
      2.83784     0.772600    0.0107839
      2.83930     0.732183   0.00811270
      2.84077     0.731769   0.00984824
      2.84223     0.731324    0.0167330
      2.84369     0.689163    0.0281346
      2.84516     0.656942    0.0181243
      2.84662     0.746896    0.0138060
      2.84808     0.784047    0.0201624
      2.84954     0.752264    0.0470898
      2.85100     0.843887    0.0401271
      2.85246     0.878931    0.0165243
      2.85392     0.816246    0.0115291
      2.85538     0.740521    0.0112666
      2.85683     0.725979    0.0109259
      2.85829     0.745939   0.00776039
      2.85975     0.748525   0.00637451
      2.86120     0.776501   0.00662772
      2.86266     0.795753   0.00801649
      2.86411     0.808219   0.00951309
      2.86557     0.824792   0.00941568
      2.86702     0.786302    0.0103269
      2.86847     0.794394    0.0136187
      2.86992     0.809997    0.0102811
      2.87137     0.805943   0.00572641
      2.87283     0.789419   0.00517645
      2.87428     0.770624   0.00549404
      2.87573     0.770138   0.00634617
      2.87717     0.797714   0.00569760
      2.87862     0.781813   0.00534134
      2.88007     0.741534   0.00525116
      2.88152     0.779517   0.00618717
      2.88296     0.812563   0.00535043
      2.88441     0.746591   0.00638702
      2.88586     0.741033   0.00787214
      2.88730     0.722926   0.00792423
      2.88874     0.747508   0.00596517
      2.89019     0.739573   0.00534787
      2.89163     0.729104   0.00475609
      2.89307     0.739839   0.00374097
      2.89452     0.748019   0.00353996
      2.89596     0.755306   0.00355963
      2.89740     0.721642   0.00495788
      2.89884     0.694911   0.00827723
      2.90028     0.720725   0.00910106
      2.90172     0.698687   0.00809659
      2.90316     0.652002   0.00760280
      2.90460     0.719953   0.00712546
      2.90603     0.734708   0.00584964
      2.90747     0.717306   0.00456610
      2.90891     0.741413   0.00422766
      2.91035     0.753457   0.00345675
      2.91178     0.736121   0.00433444
      2.91322     0.736173   0.00431241
      2.91465     0.745010   0.00434037
      2.91609     0.737190   0.00416485
      2.91752     0.757523   0.00372240
      2.91895     0.754521   0.00381644
      2.92039     0.752883   0.00514935
      2.92182     0.719119   0.00805380
      2.92325     0.671297    0.0105907
      2.92468     0.731628   0.00687447
      2.92611     0.771871   0.00437164
      2.92754     0.759362   0.00391304
      2.92897     0.743650   0.00352892
      2.93040     0.747454   0.00332959
      2.93183     0.746077   0.00310450
      2.93326     0.744298   0.00350819
      2.93469     0.766137   0.00328968
      2.93612     0.775352   0.00335027
      2.93755     0.777007   0.00408036
      2.93897     0.779799   0.00456331
      2.94040     0.775855   0.00421683
      2.94183     0.773118   0.00463916
      2.94325     0.725144   0.00462432
      2.94468     0.732787   0.00473568
      2.94610     0.779633   0.00458683
      2.94753     0.771044   0.00506423
      2.94895     0.732527   0.00446566
      2.95037     0.718157   0.00396802
      2.95180     0.733270   0.00352756
      2.95322     0.768068   0.00415909
      2.95464     0.764163   0.00490231
      2.95607     0.769470   0.00444200
      2.95749     0.791333   0.00399450
      2.95891     0.787824   0.00378400
      2.96033     0.786732   0.00358859
      2.96175     0.756895   0.00368377
      2.96317     0.768044   0.00346742
      2.96459     0.756569   0.00338674
      2.96601     0.771964   0.00312282
      2.96743     0.787180   0.00363808
      2.96885     0.807123   0.00497259
      2.97026     0.803682   0.00645679
      2.97168     0.797898   0.00787363
      2.97310     0.788994   0.00748019
      2.97452     0.737554   0.00668993
      2.97593     0.771227   0.00584197
      2.97735     0.823404   0.00520119
      2.97877     0.818326   0.00476108
      2.98018     0.771179   0.00508584
      2.98160     0.772623   0.00466739
      2.98301     0.793047   0.00394355
      2.98443     0.795009   0.00350083
      2.98584     0.796448   0.00330904
      2.98726     0.803660   0.00301252
      2.98867     0.802361   0.00299407
      2.99008     0.800653   0.00307248
      2.99150     0.781905   0.00291805
      2.99291     0.796430   0.00306927
      2.99432     0.816163   0.00318535
      2.99573     0.816104   0.00341468
      2.99715     0.801675   0.00369382
      2.99856     0.793467   0.00418499
      2.99997     0.773667   0.00378609
      3.00138     0.801181   0.00316066
      3.00279     0.829790   0.00301329
      3.00420     0.788779   0.00291907
      3.00561     0.790110   0.00358160
      3.00702     0.802653   0.00442842
      3.00843     0.825809   0.00439080
      3.00984     0.826803   0.00392394
      3.01125     0.829710   0.00328082
      3.01266     0.835143   0.00325176
      3.01407     0.814660   0.00287196
      3.01547     0.816404   0.00321251
      3.01688     0.813446   0.00298746
      3.01829     0.811337   0.00388697
      3.01970     0.823714   0.00419216
      3.02110     0.835039   0.00434208
      3.02251     0.838968   0.00481039
      3.02392     0.816939   0.00466432
      3.02532     0.821935   0.00368815
      3.02673     0.839136   0.00280941
      3.02813     0.838083   0.00308057
      3.02954     0.840452   0.00341873
      3.03095     0.861793   0.00328631
      3.03235     0.854621   0.00382192
      3.03376     0.867823   0.00413317
      3.03516     0.868045   0.00376460
      3.03656     0.852370   0.00452823
      3.03797     0.856112   0.00543845
      3.03937     0.888859   0.00575061
      3.04078     0.906277   0.00528193
      3.04218     0.897290   0.00385871
      3.04358     0.873671   0.00393819
      3.04499     0.870581   0.00372565
      3.04639     0.872152   0.00406233
      3.04779     0.863498   0.00404829
      3.04919     0.860611   0.00410808
      3.05060     0.861749   0.00462397
      3.05200     0.867113   0.00490871
      3.05340     0.873652   0.00534012
      3.05480     0.887169   0.00634647
      3.05620     0.865000   0.00593852
      3.05760     0.860271   0.00502105
      3.05900     0.851327   0.00423064
      3.06041     0.835398   0.00326875
      3.06181     0.863631   0.00331696
      3.06321     0.862056   0.00366307
      3.06461     0.863611   0.00360820
      3.06601     0.868413   0.00349041
      3.06741     0.875977   0.00353809
      3.06881     0.881632   0.00386685
      3.07021     0.889389   0.00385671
      3.07160     0.878088   0.00423531
      3.07300     0.859163   0.00412295
      3.07440     0.854184   0.00391375
      3.07580     0.860925   0.00333779
      3.07720     0.859866   0.00300661
      3.07860     0.862647   0.00298155
      3.08000     0.867609   0.00308886
      3.08140     0.859360   0.00384486
      3.08279     0.857480   0.00444164
      3.08419     0.875187   0.00408084
      3.08559     0.885979   0.00394183
      3.08699     0.882778   0.00385186
      3.08838     0.887637   0.00359269
      3.08978     0.884512   0.00352302
      3.09118     0.894661   0.00365858
      3.09258     0.901167   0.00379004
      3.09397     0.900544   0.00392209
      3.09537     0.898117   0.00453222
      3.09677     0.898021   0.00456114
      3.09816     0.892205   0.00445125
      3.09956     0.892314   0.00394282
      3.10096     0.874142   0.00357145
      3.10235     0.883616   0.00307270
      3.10375     0.863747   0.00343677
      3.10515     0.851298   0.00445899
      3.10654     0.875358   0.00513160
      3.10794     0.877497   0.00518514
      3.10933     0.910712   0.00448331
      3.11073     0.902627   0.00448277
      3.11212     0.899550   0.00441630
      3.11352     0.901898   0.00419543
      3.11491     0.930376   0.00395519
      3.11631     0.881379   0.00363830
      3.11770     0.861508   0.00357933
      3.11910     0.869200   0.00288545
      3.12049     0.867659   0.00257899
      3.12189     0.863540   0.00246817
      3.12328     0.899000   0.00250146
      3.12468     0.898017   0.00295318
      3.12607     0.900500   0.00348965
      3.12747     0.899716   0.00452375
      3.12886     0.866340   0.00518978
      3.13026     0.878865   0.00403293
      3.13165     0.891458   0.00301331
      3.13305     0.890157   0.00261037
      3.13444     0.895129   0.00249336
      3.13583     0.888936   0.00229182
      3.13723     0.887232   0.00236156
      3.13862     0.875342   0.00275579
      3.14002     0.884055   0.00344080
      3.14141     0.886036   0.00376857
      3.14280     0.910857   0.00332804
      3.14420     0.924399   0.00275097
      3.14559     0.906524   0.00315134
      3.14698     0.885511   0.00353878
      3.14838     0.897923   0.00369154
      3.14977     0.907357   0.00333428
      3.15116     0.902642   0.00273697
      3.15256     0.907549   0.00253723
      3.15395     0.919588   0.00268277
      3.15534     0.908465   0.00293451
      3.15674     0.900188   0.00335801
      3.15813     0.903497   0.00322932
      3.15952     0.910034   0.00274228
      3.16092     0.913611   0.00268113
      3.16231     0.905556   0.00270046
      3.16370     0.899255   0.00248512
      3.16510     0.900971   0.00260007
      3.16649     0.905104   0.00259126
      3.16788     0.911885   0.00271220
      3.16928     0.917497   0.00266852
      3.17067     0.912934   0.00248419
      3.17206     0.917391   0.00266279
      3.17346     0.918557   0.00275293
      3.17485     0.912928   0.00291947
      3.17624     0.915912   0.00275003
      3.17763     0.927408   0.00268502
      3.17903     0.933889   0.00246948
      3.18042     0.932770   0.00281407
      3.18181     0.915183   0.00308011
      3.18321     0.922342   0.00309171
      3.18460     0.919369   0.00332455
      3.18599     0.910318   0.00305768
      3.18739     0.917587   0.00273882
      3.18878     0.933506   0.00274503
      3.19017     0.921639   0.00339061
      3.19156     0.920817   0.00472031
      3.19296     0.939280   0.00461166
      3.19435     0.943344   0.00387153
      3.19574     0.933884   0.00369910
      3.19714     0.932686   0.00414881
      3.19853     0.946438   0.00501676
      3.19992     0.957599   0.00544381
      3.20132     0.986486   0.00573464
      3.20271     0.943552   0.00601975
      3.20410     0.969345   0.00562254
      3.20550     0.993499   0.00544389
      3.20689     0.990130   0.00615592
      3.20828     0.984816   0.00679526
      3.20967      1.00641   0.00814418
      3.21107     0.989650   0.00853931
      3.21246     0.964082   0.00720411
      3.21385     0.958434   0.00615920
      3.21525     0.931765   0.00520305
      3.21664     0.937321   0.00479069
      3.21803     0.997090   0.00443708
      3.21943      1.03394   0.00476316
      3.22082     0.989145   0.00572145
      3.22222     0.989832   0.00849842
      3.22361      1.01249   0.00860039
      3.22500     0.961240   0.00776672
      3.22640     0.938578   0.00510873
      3.22779     0.978759   0.00560053
      3.22918     0.980725   0.00699567
      3.23058     0.942328   0.00759528
      3.23197     0.958954   0.00491505
      3.23337      1.01368   0.00348374
      3.23476      1.02964   0.00306544
      3.23615      1.01882   0.00320959
      3.23755      1.01334   0.00361981
      3.23894     0.999203   0.00469343
      3.24034      1.01407   0.00464762
      3.24173      1.04042   0.00468388
      3.24312      1.04568   0.00506423
      3.24452      1.03696   0.00626688
      3.24591      1.02926   0.00697272
      3.24731      1.03281   0.00723878
      3.24870      1.03166   0.00675564
      3.25010      1.03216   0.00470220
      3.25149      1.04146   0.00347176
      3.25289      1.03777   0.00297224
      3.25428      1.03725   0.00275635
      3.25568      1.03018   0.00295789
      3.25707      1.03067   0.00375755
      3.25847      1.03215   0.00504509
      3.25986      1.03330   0.00655847
      3.26126      1.07113   0.00674430
      3.26265      1.05781   0.00487385
      3.26405      1.08226   0.00365353
      3.26544      1.09548   0.00369787
      3.26684      1.07323   0.00426785
      3.26823      1.04813   0.00566861
      3.26963      1.03390   0.00681819
      3.27103      1.03579   0.00687749
      3.27242      1.08464   0.00423139
      3.27382      1.10855   0.00324517
      3.27521      1.10406   0.00302455
      3.27661      1.09990   0.00328511
      3.27801      1.08511   0.00436563
      3.27940      1.06304   0.00483325
      3.28080      1.09693   0.00400008
      3.28220      1.12529   0.00301833
      3.28359      1.13113   0.00275395
      3.28499      1.12151   0.00288301
      3.28639      1.11399   0.00273209
      3.28778      1.11722   0.00283127
      3.28918      1.12614   0.00323419
      3.29058      1.14794   0.00400444
      3.29197      1.17523   0.00430456
      3.29337      1.19978   0.00470536
      3.29477      1.21434   0.00560312
      3.29617      1.22723   0.00609465
      3.29756      1.19064   0.00654596
      3.29896      1.15647   0.00630228
      3.30036      1.14475   0.00538813
      3.30176      1.13833   0.00418899
      3.30316      1.12621   0.00412045
      3.30455      1.11377   0.00393013
      3.30595      1.12172   0.00373602
      3.30735      1.12755   0.00413141
      3.30875      1.13205   0.00460264
      3.31015      1.13420   0.00579884
      3.31155      1.08192   0.00820092
      3.31295     0.947799    0.0202816
      3.31435     0.921937    0.0694669
      3.31575     0.947031    0.0716194
      3.31714      1.14577    0.0438817
      3.31854      1.18987    0.0239561
      3.31994      1.14750    0.0143811
      3.32134      1.13824   0.00803376
      3.32274      1.05771   0.00652708
      3.32414      1.09605   0.00501721
      3.32554      1.13067   0.00435785
      3.32694      1.10799   0.00462030
      3.32834      1.10358   0.00387918
      3.32974      1.10793   0.00334709
      3.33114      1.10838   0.00298535
      3.33254      1.11311   0.00287424
      3.33395      1.10998   0.00295568
      3.33535      1.12450   0.00277408
      3.33675      1.13639   0.00345362
      3.33815      1.12440   0.00347180
      3.33955      1.13359   0.00352865
      3.34095      1.13899   0.00343485
      3.34235      1.13290   0.00349258
      3.34375      1.10432   0.00399092
      3.34516      1.10167   0.00421047
      3.34656      1.11698   0.00372223
      3.34796      1.12069   0.00314079
      3.34936      1.11931   0.00285405
      3.35077      1.07939   0.00269131
      3.35217      1.10394   0.00324863
      3.35357      1.08274   0.00386408
      3.35497      1.04876   0.00489332
      3.35638      1.09516   0.00489336
      3.35778      1.12366   0.00361015
      3.35918      1.09844   0.00333911
      3.36059      1.07148   0.00333633
      3.36199      1.09816   0.00341508
      3.36339      1.08625   0.00282971
      3.36480      1.07102   0.00308566
      3.36620      1.04434   0.00401585
      3.36760      1.07494   0.00423635
      3.36901      1.11864   0.00393633
      3.37041      1.08062   0.00317782
      3.37182      1.10133   0.00286165
      3.37322      1.04677   0.00271329
      3.37463      1.04960   0.00281182
      3.37603      1.08843   0.00298102
      3.37744      1.08233   0.00381036
      3.37884      1.06160   0.00449940
      3.38025      1.03215   0.00427910
      3.38165      1.07090   0.00360149
      3.38306      1.09800   0.00333509
      3.38447      1.04904   0.00306692
      3.38587      1.02078   0.00277701
      3.38728      1.04716   0.00276887
      3.38868      1.05081   0.00326037
      3.39009      1.05304   0.00413952
      3.39150      1.08805   0.00454093
      3.39290      1.10502   0.00337787
      3.39431      1.08748   0.00304459
      3.39572      1.10924   0.00276217
      3.39712      1.13008   0.00270025
      3.39853      1.13044   0.00287098
      3.39994      1.07437   0.00285278
      3.40135      1.01930   0.00384504
      3.40276      1.04886   0.00509293
      3.40416      1.14120   0.00502157
      3.40557      1.16045   0.00396237
      3.40698      1.14400   0.00301973
      3.40839      1.15214   0.00352662
      3.40980      1.11668   0.00277850
      3.41121      1.10128   0.00339987
      3.41261      1.14206   0.00378345
      3.41402      1.12304   0.00484282
      3.41543      1.11987   0.00451336
      3.41684      1.15142   0.00341525
      3.41825      1.14537   0.00265440
      3.41966      1.15257   0.00254091
      3.42107      1.15378   0.00256981
      3.42248      1.16369   0.00321199
      3.42389      1.16668   0.00362245
      3.42530      1.16723   0.00382569
      3.42671      1.14835   0.00460500
      3.42812      1.14187   0.00411319
      3.42953      1.16581   0.00325771
      3.43094      1.16865   0.00272927
      3.43236      1.16170   0.00280451
      3.43377      1.16707   0.00294207
      3.43518      1.17368   0.00299031
      3.43659      1.17455   0.00280894
      3.43800      1.16446   0.00360070
      3.43941      1.16384   0.00406175
      3.44083      1.18209   0.00346735
      3.44224      1.20015   0.00277243
      3.44365      1.19911   0.00298519
      3.44506      1.18974   0.00272386
      3.44648      1.18997   0.00308651
      3.44789      1.19129   0.00307314
      3.44930      1.19659   0.00294143
      3.45071      1.19693   0.00322498
      3.45213      1.19115   0.00339766
      3.45354      1.19722   0.00333171
      3.45496      1.20342   0.00287100
      3.45637      1.21156   0.00240082
      3.45778      1.21010   0.00243668
      3.45920      1.19524   0.00256391
      3.46061      1.19381   0.00280545
      3.46203      1.19734   0.00280477
      3.46344      1.20401   0.00294916
      3.46486      1.20379   0.00328059
      3.46627      1.20360   0.00332916
      3.46769      1.20295   0.00268404
      3.46910      1.20483   0.00250633
      3.47052      1.20318   0.00249684
      3.47193      1.21185   0.00284358
      3.47335      1.20683   0.00270365
      3.47476      1.20359   0.00262904
      3.47618      1.20314   0.00293612
      3.47760      1.20448   0.00281824
      3.47901      1.21575   0.00307760
      3.48043      1.21822   0.00318482
      3.48185      1.21603   0.00294286
      3.48326      1.21179   0.00280862
      3.48468      1.21652   0.00270329
      3.48610      1.21663   0.00284561
      3.48751      1.22102   0.00313371
      3.48893      1.21825   0.00329698
      3.49035      1.22380   0.00305463
      3.49177      1.24008   0.00300434
      3.49318      1.22759   0.00284883
      3.49460      1.21486   0.00284483
      3.49602      1.23406   0.00262441
      3.49744      1.23977   0.00284739
      3.49886      1.22978   0.00282685
      3.50028      1.21898   0.00273247
      3.50170      1.22058   0.00272160
      3.50311      1.23963   0.00281856
      3.50453      1.24544   0.00272643
      3.50595      1.23959   0.00264055
      3.50737      1.25223   0.00263124
      3.50879      1.25915   0.00266729
      3.51021      1.24555   0.00287477
      3.51163      1.24060   0.00265743
      3.51305      1.24044   0.00276166
      3.51447      1.24695   0.00266403
      3.51589      1.24713   0.00281836
      3.51731      1.26231   0.00261358
      3.51873      1.29121   0.00269452
      3.52015      1.29409   0.00271707
      3.52158      1.27621   0.00270122
      3.52300      1.26309   0.00260810
      3.52442      1.26203   0.00255992
      3.52584      1.24274   0.00276707
      3.52726      1.25554   0.00237711
      3.52868      1.26486   0.00257776
      3.53010      1.26888   0.00270353
      3.53153      1.26931   0.00254654
      3.53295      1.25960   0.00247703
      3.53437      1.26492   0.00296449
      3.53579      1.28152   0.00319727
      3.53722      1.29847   0.00298022
      3.53864      1.30804   0.00301130
      3.54006      1.29360   0.00303103
      3.54148      1.29225   0.00317385
      3.54291      1.29896   0.00283331
      3.54433      1.30312   0.00307348
      3.54575      1.30550   0.00289247
      3.54718      1.30021   0.00319404
      3.54860      1.28794   0.00292834
      3.55002      1.29705   0.00261126
      3.55145      1.30289   0.00264625
      3.55287      1.29686   0.00273541
      3.55430      1.30172   0.00285544
      3.55572      1.31345   0.00304946
      3.55715      1.31798   0.00294671
      3.55857      1.31501   0.00295105
      3.56000      1.30502   0.00265150
      3.56142      1.29635   0.00277795
      3.56284      1.29488   0.00297604
      3.56427      1.30094   0.00262716
      3.56570      1.30869   0.00310312
      3.56712      1.31809   0.00284140
      3.56855      1.30079   0.00282283
      3.56997      1.31500   0.00281016
      3.57140      1.33329   0.00307810
      3.57282      1.34296   0.00295302
      3.57425      1.32969   0.00308032
      3.57568      1.33140   0.00351591
      3.57710      1.33931   0.00298441
      3.57853      1.33998   0.00292008
      3.57996      1.32511   0.00304026
      3.58138      1.27872   0.00287244
      3.58281      1.24936   0.00295094
      3.58424      1.25937   0.00287232
      3.58566      1.26870   0.00298742
      3.58709      1.25614   0.00301823
      3.58852      1.26908   0.00277690
      3.58994      1.34098   0.00284666
      3.59137      1.36646   0.00270580
      3.59280      1.31799   0.00281202
      3.59423      1.29047   0.00294319
      3.59565      1.28199   0.00293857
      3.59708      1.28766   0.00285542
      3.59851      1.27050   0.00276809
      3.59994      1.31224   0.00260857
      3.60137      1.35038   0.00268855
      3.60280      1.31019   0.00276915
      3.60422      1.29090   0.00278367
      3.60565      1.33658   0.00302027
      3.60708      1.33537   0.00295645
      3.60851      1.35138   0.00320102
      3.60994      1.30958   0.00301092
      3.61137      1.30396   0.00293676
      3.61280      1.32174   0.00300204
      3.61423      1.34343   0.00306760
      3.61565      1.37771   0.00309464
      3.61708      1.38244   0.00276204
      3.61851      1.37129   0.00277802
      3.61994      1.35518   0.00274534
      3.62137      1.30328   0.00275829
      3.62280      1.33660   0.00288042
      3.62423      1.35746   0.00305853
      3.62566      1.37172   0.00304238
      3.62709      1.36954   0.00315811
      3.62852      1.36169   0.00323290
      3.62995      1.35973   0.00303026
      3.63138      1.35561   0.00296733
      3.63281      1.34650   0.00312209
      3.63424      1.36443   0.00256100
      3.63567      1.37909   0.00298764
      3.63710      1.38644   0.00291828
      3.63854      1.38100   0.00274729
      3.63997      1.38555   0.00250056
      3.64140      1.39144   0.00289372
      3.64283      1.37620   0.00277838
      3.64426      1.36577   0.00262342
      3.64569      1.38798   0.00294933
      3.64712      1.38941   0.00282360
      3.64855      1.38437   0.00328471
      3.64998      1.39342   0.00297769
      3.65141      1.39609   0.00278094
      3.65285      1.39525   0.00278450
      3.65428      1.38767   0.00283489
      3.65571      1.39158   0.00260940
      3.65714      1.40792   0.00286131
      3.65857      1.40929   0.00269410
      3.66000      1.40305   0.00308032
      3.66144      1.41577   0.00302849
      3.66287      1.42826   0.00297701
      3.66430      1.42589   0.00304235
      3.66573      1.40895   0.00294836
      3.66716      1.40966   0.00304212
      3.66860      1.40779   0.00288928
      3.67003      1.40130   0.00311972
      3.67146      1.40392   0.00284836
      3.67289      1.40297   0.00308828
      3.67432      1.40594   0.00269443
      3.67576      1.39424   0.00298192
      3.67719      1.39461   0.00281293
      3.67862      1.41532   0.00296053
      3.68005      1.41550   0.00260073
      3.68149      1.41560   0.00290003
      3.68292      1.41623   0.00277880
      3.68435      1.42002   0.00297127
      3.68578      1.40982   0.00271567
      3.68722      1.41924   0.00302629
      3.68865      1.41994   0.00309052
      3.69008      1.41037   0.00322475
      3.69151      1.42171   0.00273095
      3.69295      1.43054   0.00276681
      3.69438      1.43162   0.00270505
      3.69581      1.44223   0.00287817
      3.69725      1.45831   0.00284940
      3.69868      1.46491   0.00294169
      3.70011      1.45357   0.00322069
      3.70154      1.44846   0.00287089
      3.70298      1.44434   0.00288991
      3.70441      1.44616   0.00291587
      3.70584      1.45094   0.00297629
      3.70728      1.46177   0.00292084
      3.70871      1.44971   0.00288526
      3.71014      1.44817   0.00305265
      3.71157      1.46139   0.00339576
      3.71301      1.45218   0.00319769
      3.71444      1.43088   0.00291996
      3.71587      1.43372   0.00286260
      3.71731      1.45735   0.00300132
      3.71874      1.45123   0.00316084
      3.72017      1.44992   0.00282460
      3.72161      1.45259   0.00276569
      3.72304      1.46078   0.00308404
      3.72447      1.45123   0.00306622
      3.72590      1.43158   0.00318122
      3.72734      1.44642   0.00304898
      3.72877      1.45186   0.00308549
      3.73020      1.45792   0.00332583
      3.73164      1.47791   0.00321188
      3.73307      1.50317   0.00326110
      3.73450      1.54132   0.00308735
      3.73593      1.56433   0.00298777
      3.73737      1.57898   0.00303812
      3.73880      1.61660   0.00299633
      3.74023      1.62440   0.00320898
      3.74167      1.60802   0.00312494
      3.74310      1.57661   0.00311462
      3.74453      1.56049   0.00307928
      3.74596      1.53814   0.00296250
      3.74740      1.52376   0.00314801
      3.74883      1.50478   0.00311607
      3.75026      1.50778   0.00318646
      3.75169      1.50692   0.00291940
      3.75313      1.49617   0.00320277
      3.75456      1.48148   0.00302055
      3.75599      1.48141   0.00311867
      3.75742      1.48375   0.00310332
      3.75885      1.49144   0.00307238
      3.76029      1.49663   0.00280692
      3.76172      1.48625   0.00297774
      3.76315      1.48472   0.00316297
      3.76458      1.48168   0.00290067
      3.76601      1.48258   0.00318176
      3.76745      1.48027   0.00311045
      3.76888      1.49890   0.00322214
      3.77031      1.51156   0.00320669
      3.77174      1.51472   0.00323671
      3.77317      1.51651   0.00330846
      3.77460      1.50476   0.00354132
      3.77604      1.49593   0.00339292
      3.77747      1.49117   0.00323238
      3.77890      1.50344   0.00306974
      3.78033      1.52004   0.00335990
      3.78176      1.53022   0.00308347
      3.78319      1.53052   0.00328433
      3.78462      1.52046   0.00319122
      3.78605      1.51072   0.00298354
      3.78748      1.51423   0.00340739
      3.78891      1.53213   0.00335978
      3.79035      1.51927   0.00322558
      3.79178      1.50650   0.00322476
      3.79321      1.51778   0.00315381
      3.79464      1.53028   0.00339199
      3.79607      1.54132   0.00334650
      3.79750      1.54054   0.00340853
      3.79893      1.52706   0.00344075
      3.80036      1.53925   0.00341932
      3.80179      1.53828   0.00328497
      3.80322      1.54196   0.00323052
      3.80465      1.55028   0.00342749
      3.80607      1.54907   0.00355341
      3.80750      1.55445   0.00344106
      3.80893      1.55059   0.00324285
      3.81036      1.57736   0.00332156
      3.81179      1.59026   0.00351560
      3.81322      1.57569   0.00346986
      3.81465      1.57887   0.00345696
      3.81608      1.57010   0.00309389
      3.81750      1.56430   0.00341206
      3.81893      1.56236   0.00313568
      3.82036      1.55601   0.00341505
      3.82179      1.55993   0.00295728
      3.82322      1.56477   0.00322617
      3.82464      1.56676   0.00340450
      3.82607      1.56298   0.00382574
      3.82750      1.56144   0.00338360
      3.82893      1.50567   0.00366350
      3.83035      1.47895   0.00340727
      3.83178      1.48046   0.00330737
      3.83321      1.48253   0.00345812
      3.83463      1.53980   0.00371840
      3.83606      1.55768   0.00351302
      3.83748      1.55460   0.00368122
      3.83891      1.56246   0.00354251
      3.84034      1.56537   0.00339758
      3.84176      1.57962   0.00338793
      3.84319      1.51472   0.00360580
      3.84461      1.47468   0.00335464
      3.84604      1.47638   0.00412562
      3.84746      1.55224   0.00353327
      3.84889      1.59917   0.00355247
      3.85031      1.52932   0.00316323
      3.85173      1.49813   0.00364259
      3.85316      1.56286   0.00330633
      3.85458      1.59622   0.00335290
      3.85601      1.59749   0.00347973
      3.85743      1.59113   0.00360582
      3.85885      1.57834   0.00363758
      3.86028      1.56599   0.00391075
      3.86170      1.59090   0.00418353
      3.86312      1.60843   0.00378904
      3.86454      1.62038   0.00383626
      3.86596      1.62827   0.00378077
      3.86739      1.62854   0.00432721
      3.86881      1.61727   0.00379545
      3.87023      1.60851   0.00453812
      3.87165      1.61799   0.00438349
      3.87307      1.63064   0.00407122
      3.87449      1.62809   0.00458411
      3.87591      1.63024   0.00493562
      3.87733      1.64181   0.00443087
      3.87875      1.63272   0.00483803
      3.88017      1.63607   0.00470557
      3.88159      1.63146   0.00499630
      3.88301      1.63353   0.00457269
      3.88443      1.64111   0.00408051
      3.88585      1.65864   0.00447232
      3.88727      1.67764   0.00447817
      3.88868      1.69123   0.00442014
      3.89010      1.68455   0.00446394
      3.89152      1.67034   0.00434139
      3.89294      1.65285   0.00448697
      3.89435      1.63633   0.00464214
      3.89577      1.65617   0.00433689
      3.89719      1.65743   0.00438302
      3.89860      1.65807   0.00420190
      3.90002      1.62982   0.00419799
      3.90144      1.65048   0.00431440
      3.90285      1.67502   0.00412518
      3.90427      1.66343   0.00459005
      3.90568      1.67391   0.00489201
      3.90709      1.66801   0.00476006
      3.90851      1.67028   0.00455369
      3.90992      1.68009   0.00545004
      3.91134      1.69250   0.00440470
      3.91275      1.67201   0.00476727
      3.91416      1.66720   0.00467789
      3.91557      1.68770   0.00465551
      3.91699      1.67388   0.00534087
      3.91840      1.65198   0.00498320
      3.91981      1.66533   0.00479337
      3.92122      1.67051   0.00438535
      3.92263      1.66246   0.00474056
      3.92404      1.64888   0.00444155
      3.92545      1.65652   0.00444294
      3.92686      1.66238   0.00443599
      3.92827      1.62530   0.00447768
      3.92968      1.64792   0.00434265
      3.93109      1.69064   0.00422280
      3.93250      1.68483   0.00469643
      3.93391      1.68544   0.00418762
      3.93531      1.67268   0.00406123
      3.93672      1.68334   0.00430472
      3.93813      1.67890   0.00466427
      3.93954      1.68541   0.00454439
      3.94094      1.70023   0.00426012
      3.94235      1.69777   0.00425887
      3.94375      1.67796   0.00415646
      3.94516      1.69891   0.00461770
      3.94656      1.68701   0.00410018
      3.94797      1.67670   0.00403869
      3.94937      1.67944   0.00426428
      3.95077      1.69497   0.00429921
      3.95218      1.68599   0.00451708
      3.95358      1.68108   0.00457687
      3.95498      1.69812   0.00415492
      3.95638      1.68838   0.00382825
      3.95779      1.68344   0.00413424
      3.95919      1.67737   0.00449599
      3.96059      1.67014   0.00414922
      3.96199      1.68314   0.00410665
      3.96339      1.69282   0.00400101
      3.96479      1.70335   0.00406716
      3.96618      1.71586   0.00439440
      3.96758      1.71095   0.00416242
      3.96898      1.67426   0.00413313
      3.97038      1.67338   0.00416089
      3.97178      1.69877   0.00413738
      3.97317      1.69816   0.00432896
      3.97457      1.71056   0.00395475
      3.97596      1.69795   0.00413216
      3.97736      1.72262   0.00395519
      3.97875      1.74637   0.00439477
      3.98015      1.70072   0.00443302
      3.98154      1.69942   0.00420593
      3.98294      1.71743   0.00449038
      3.98433      1.71974   0.00392549
      3.98572      1.71366   0.00425453
      3.98711      1.70565   0.00386494
      3.98851      1.69451   0.00433748
      3.98990      1.70026   0.00432526
      3.99129      1.70462   0.00453698
      3.99268      1.71542   0.00482329
      3.99407      1.70864   0.00426094
      3.99546      1.70657   0.00434249
      3.99684      1.72519   0.00446468
      3.99823      1.71110   0.00446462
      3.99962      1.74216   0.00487998
      4.00101      1.75630   0.00464685
      4.00239      1.75156   0.00396706
      4.00378      1.75730   0.00514485
      4.00516      1.74382   0.00451174
      4.00655      1.74727   0.00450428
      4.00793      1.76058   0.00454541
      4.00932      1.79613   0.00457590
      4.01070      1.80670   0.00481835
      4.01208      1.80200   0.00499104
      4.01347      1.79943   0.00459542
      4.01485      1.80606   0.00478588
      4.01623      1.80496   0.00433098
      4.01761      1.79337   0.00489791
      4.01899      1.77140   0.00473169
      4.02037      1.77473   0.00482013
      4.02175      1.79592   0.00495895
      4.02312      1.81761   0.00485855
      4.02450      1.80635   0.00522291
      4.02588      1.80827   0.00487468
      4.02726      1.81711   0.00538450
      4.02863      1.82113   0.00543407
      4.03001      1.82530   0.00488334
      4.03138      1.82729   0.00495003
      4.03276      1.83237   0.00536669
      4.03413      1.84168   0.00534018
      4.03550      1.82957   0.00522903
      4.03687      1.81788   0.00531165
      4.03825      1.82707   0.00543413
      4.03962      1.82139   0.00509637
      4.04099      1.81291   0.00532391
      4.04236      1.81911   0.00557793
      4.04373      1.85102   0.00551208
      4.04509      1.87799   0.00564608
      4.04646      1.92023   0.00570931
      4.04783      1.92692   0.00561546
      4.04920      2.18890   0.00550267
      4.05056      2.26448   0.00533349
      4.05193      2.36238   0.00507112
      4.05329      2.13853   0.00529544
      4.05466      1.86613   0.00491810
      4.05602      1.91428   0.00534909
      4.05738      1.86521   0.00563108
      4.05874      1.80174   0.00502260
      4.06011      1.79661   0.00469772
      4.06147      1.83932   0.00561830
      4.06283      1.86334   0.00563886
      4.06419      1.78820   0.00520403
      4.06554      1.84448   0.00610724
      4.06690      1.88007   0.00572749
      4.06826      1.76974   0.00512687
      4.06962      1.71779   0.00516068
      4.07097      1.80621   0.00540950
      4.07233      1.83481   0.00639772
      4.07368      1.85566   0.00602227
      4.07503      1.87633   0.00632760
      4.07639      1.79078   0.00515838
      4.07774      1.76434   0.00559081
      4.07909      1.78357   0.00517839
      4.08044      1.77662   0.00536069
      4.08179      1.79145   0.00566297
      4.08314      1.90228   0.00639002
      4.08449      1.88023   0.00555286
      4.08584      1.83734   0.00645659
      4.08718      1.80728   0.00543405
      4.08853      1.79815   0.00553686
      4.08987      1.81215   0.00592288
      4.09122      1.76630   0.00604465
      4.09256      1.76460   0.00595175
      4.09391      1.77516   0.00596421
      4.09525      1.79790   0.00613521
      4.09659      1.81789   0.00625475
      4.09793      1.80147   0.00728159
      4.09927      1.80881   0.00621760
      4.10061      1.81271   0.00582192
      4.10195      1.79982   0.00667097
      4.10329      1.79965   0.00608041
      4.10462      1.80851   0.00587856
      4.10596      1.81824   0.00670370
      4.10729      1.82661   0.00627663
      4.10863      1.79208   0.00632395
      4.10996      1.79441   0.00781935
      4.11129      1.89434   0.00667767
      4.11263      1.88085   0.00663477
      4.11396      1.82084   0.00662127
      4.11529      1.81502   0.00654244
      4.11662      1.78328   0.00670826
      4.11794      1.90432   0.00767804
      4.11927      1.84189   0.00713862
      4.12060      1.79152   0.00586090
      4.12192      1.78285   0.00655343
      4.12325      1.81566   0.00717489
      4.12457      1.82961   0.00662021
      4.12590      1.85038   0.00666952
      4.12722      1.86351   0.00683436
      4.12854      1.84298   0.00688408
      4.12986      1.82267   0.00720215
      4.13118      1.84500   0.00741524
      4.13250      1.81210   0.00741072
      4.13382      1.78664   0.00779960
      4.13513      1.82584   0.00705168
      4.13645      1.86625   0.00692374
      4.13777      1.85414   0.00726571
      4.13908      1.94395   0.00813271
      4.14039      1.98067   0.00810896
      4.14171      1.90996   0.00763874
      4.14302      1.86521   0.00722732
      4.14433      1.85942   0.00799203
      4.14564      1.97699   0.00904352
      4.14695      1.99811   0.00833509
      4.14825      1.88956   0.00776659
      4.14956      1.84950   0.00802431
      4.15087      1.84286   0.00869680
      4.15217      1.87004   0.00883950
      4.15347      1.88706   0.00920133
      4.15478      1.89642   0.00939645
      4.15608      1.89637   0.00817293
      4.15738      1.90683   0.00858882
      4.15868      1.90020   0.00944332
      4.15998      1.90397   0.00940334
      4.16128      1.92215   0.00904700
      4.16257      1.95173    0.0109184
      4.16387      1.95532    0.0102164
      4.16516      1.96191    0.0125250
      4.16646      2.03463    0.0132642
      4.16775      1.98785    0.0122324
      4.16904      1.93113    0.0130886
      4.17033      2.08646    0.0137953
      4.17162      2.09807    0.0185098
      4.17291      2.09875    0.0159639
      4.17420      2.13219    0.0181154
      4.17549      2.14388    0.0208836
      4.17677      2.12905    0.0244066
      4.17806      1.89188    0.0237074
      4.17934      1.73369    0.0297097
      4.18062      2.11569    0.0512528
      4.18190      2.61919    0.0852779
      4.18318      3.22442     0.183451
      4.18446      3.81906     0.297865
      4.18574     0.617653     0.528956
      4.18702      3.60775      2.30097
      4.18829     -37.9050      3.16419
      4.18957     -15.3027      2.30273
      4.19084      38.4832      3.95199
      4.19211      15.8806      1.00153
      4.19339      3.37123      2.07301
      4.19466     -61.1568      9.65667
      4.19593     -27.8933     0.971173
      4.19719     -1.53626      14.2703
      4.19846    -0.732243      1.28259
      4.19973      1.23664      1.22059
      4.20099      1.24462      1.13619
      4.20225     0.718300      1.94399
      4.20352     -10.5180      4.39226
      4.20478     -55.9384      8.48315
      4.20604     -24.3516      4.22043
      4.20730     0.379941      1.11750
      4.20856      2.62671      7.65578
      4.20981     -22.5443      8.67761
      4.21107     -12.4489      1.88515
      4.21232     -5.75654      1.85370
      4.21357     -2.25843     0.609859
      4.21483    -0.464224      1.46829
      4.21608      1.47343      3.75299
      4.21733     -3.75698      5.03911
      4.21857     -2.49247      7.77111
      4.21982     -16.5449      1.45467
      4.22107     -7.87287      1.24845
      4.22231     -16.4212      9.41108
      4.22355      26.3120      5.86453
      4.22480      13.8768     0.877821
      4.22604      13.2605      11.8910
      4.22728      5.88979      1.85905
      4.22852    -0.392251     0.611215
      4.22975     0.468418      2.32885
      4.23099     0.858501      2.92221
      4.23222      1.15593      1.51630
      4.23346     0.486595     0.696125
      4.23469     -1.17872      1.57091
      4.23592     -24.7869      60.8907
      4.23715     -15.3905      3.04862
      4.23838     -2.22408      2.50915
      4.23960    -0.186372      2.53074
      4.24083     -5.85888      8.52592
      4.24205     -2.73064      10.9419
      4.24328     0.492389      2.74666
      4.24450      0.00000      1.20595
