SOURCE  = NGC 3576 A                    / Source name
STANDARD= BS 4773                       / Standard name
OBSDATE = 06-05-2002                    / Date of observation
SPOS    = 11:11:54.9  -61:18:39.8       / Source position RA,DEC,J2000
STPOS   = 12:32:28.1  -72:08:31.8       / Standard position RA,DEC,J2000
STSPT   = B5V                           / Standard spectral type
STTEFF  = 16400                         / Standard effective temperature [K]
STMAG   = 4.36                          / Standard magnitude (adopted)
WAVEZP  = 3.55                          / Wavelength zero point [micron]
FLUXZP  = 290                           / Flux zero point [Jy]
SAIRM   = 1.253                         / Source mean airmass
STAIRM  = 1.482                         / Standard mean airmass
AIRMCORR= 1.01                          / Optimal (adopted) airmass correction
SPECRES = ~1200                         / Spectral resolution

Created by K. M. Pontoppidan             Mon May 12 19:36:09 2003

Wavelength [micron] Flux [Jy] Statistical Error [Jy]

      2.81430      0.00000    0.0888378
      2.81577    0.0459476    0.0659720
      2.81725    0.0376154    0.0344435
      2.81872    0.0799235    0.0273197
      2.82020     0.106941    0.0272763
      2.82167     0.127690    0.0227110
      2.82314    0.0456048    0.0155883
      2.82462    0.0228212    0.0153646
      2.82609    0.0768257    0.0265129
      2.82756     0.151899    0.0659601
      2.82903    0.0431877     0.141048
      2.83050   -0.0463080     0.120006
      2.83197    0.0902897    0.0983249
      2.83344   0.00303437    0.0404782
      2.83490    0.0368179    0.0223882
      2.83637     0.122403    0.0164985
      2.83784     0.141020    0.0115679
      2.83930     0.143493   0.00901461
      2.84077     0.102094    0.0107308
      2.84223    0.0263146    0.0175636
      2.84369    0.0200661    0.0288442
      2.84516    0.0908393    0.0189938
      2.84662    0.0936211    0.0147192
      2.84808   0.00134308    0.0209897
      2.84954   -0.0207157    0.0474141
      2.85100    0.0362021    0.0403595
      2.85246    0.0531966    0.0172803
      2.85392    0.0979274    0.0123692
      2.85538     0.141682    0.0120998
      2.85683     0.123715    0.0117111
      2.85829     0.125753   0.00859477
      2.85975     0.121238   0.00723366
      2.86120     0.121119   0.00747911
      2.86266     0.132631   0.00883051
      2.86411     0.134526    0.0103243
      2.86557     0.109521    0.0102434
      2.86702     0.130754    0.0111394
      2.86847    0.0864568    0.0144124
      2.86992     0.101720    0.0111211
      2.87137     0.120561   0.00659623
      2.87283     0.111316   0.00596643
      2.87428     0.105586   0.00634356
      2.87573     0.130649   0.00713666
      2.87717     0.146827   0.00648204
      2.87862     0.133633   0.00613582
      2.88007     0.119961   0.00609328
      2.88152     0.122883   0.00698245
      2.88296     0.121114   0.00619507
      2.88441     0.120291   0.00717239
      2.88586     0.118730   0.00869818
      2.88730     0.105650   0.00869558
      2.88874     0.113321   0.00675667
      2.89019     0.127958   0.00612434
      2.89163     0.123116   0.00552251
      2.89307     0.120081   0.00453523
      2.89452     0.129258   0.00431124
      2.89596     0.124892   0.00436136
      2.89740     0.107523   0.00574272
      2.89884    0.0968021   0.00899505
      2.90028     0.130928   0.00985935
      2.90172     0.102824   0.00887452
      2.90316    0.0963847   0.00838463
      2.90460     0.118495   0.00785589
      2.90603     0.116310   0.00658188
      2.90747     0.120421   0.00535245
      2.90891     0.126044   0.00496389
      2.91035     0.115477   0.00426734
      2.91178     0.111137   0.00505691
      2.91322     0.115498   0.00509217
      2.91465     0.119482   0.00510413
      2.91609     0.114491   0.00491488
      2.91752     0.102101   0.00449560
      2.91895     0.113844   0.00458156
      2.92039     0.126038   0.00588160
      2.92182     0.130554   0.00879866
      2.92325     0.124669    0.0112890
      2.92468     0.123717   0.00757634
      2.92611     0.111728   0.00509167
      2.92754     0.116473   0.00459970
      2.92897     0.118507   0.00425566
      2.93040     0.115098   0.00408409
      2.93183     0.118623   0.00387212
      2.93326     0.119488   0.00420947
      2.93469     0.115683   0.00401993
      2.93612     0.110816   0.00409175
      2.93755    0.0618514   0.00479270
      2.93897    0.0946833   0.00528070
      2.94040     0.113177   0.00494395
      2.94183     0.123311   0.00529789
      2.94325     0.126822   0.00537739
      2.94468     0.116801   0.00543726
      2.94610     0.115575   0.00529260
      2.94753     0.105617   0.00579368
      2.94895     0.124684   0.00517766
      2.95037     0.147513   0.00462417
      2.95180    0.0863245   0.00422611
      2.95322     0.102356   0.00487339
      2.95464     0.119223   0.00564539
      2.95607     0.124095   0.00519314
      2.95749     0.130835   0.00469450
      2.95891     0.123194   0.00446921
      2.96033     0.113494   0.00428456
      2.96175     0.118893   0.00435134
      2.96317     0.122042   0.00414715
      2.96459     0.121143   0.00405743
      2.96601     0.120239   0.00384306
      2.96743     0.122283   0.00433250
      2.96885     0.126595   0.00561060
      2.97026     0.134524   0.00710726
      2.97168     0.136475   0.00851753
      2.97310     0.151967   0.00814902
      2.97452     0.152751   0.00737220
      2.97593     0.137277   0.00651432
      2.97735     0.131397   0.00584246
      2.97877     0.135039   0.00543131
      2.98018     0.126453   0.00573164
      2.98160     0.125205   0.00533053
      2.98301     0.139241   0.00462622
      2.98443     0.105000   0.00416553
      2.98584     0.127440   0.00395865
      2.98726     0.127618   0.00368895
      2.98867     0.126458   0.00365069
      2.99008     0.129692   0.00370620
      2.99150     0.131243   0.00358383
      2.99291     0.130924   0.00373609
      2.99432     0.143754   0.00386176
      2.99573     0.144722   0.00407605
      2.99715     0.139037   0.00435505
      2.99856     0.132160   0.00480022
      2.99997     0.142630   0.00442288
      3.00138     0.142292   0.00381874
      3.00279     0.137687   0.00365151
      3.00420     0.137741   0.00360552
      3.00561     0.134943   0.00424702
      3.00702     0.130041   0.00504879
      3.00843     0.138115   0.00503025
      3.00984     0.145205   0.00455941
      3.01125     0.148174   0.00392923
      3.01266     0.144193   0.00386006
      3.01407     0.147124   0.00354075
      3.01547     0.143342   0.00382988
      3.01688     0.142723   0.00366352
      3.01829     0.152405   0.00448665
      3.01970     0.151882   0.00483204
      3.02110     0.136257   0.00501703
      3.02251     0.133856   0.00544631
      3.02392     0.142430   0.00528091
      3.02532     0.141893   0.00432067
      3.02673     0.140790   0.00349450
      3.02813     0.145270   0.00370360
      3.02954     0.153277   0.00399963
      3.03095     0.139972   0.00390776
      3.03235     0.142477   0.00441534
      3.03376     0.150569   0.00473913
      3.03516     0.150972   0.00444149
      3.03656     0.145736   0.00514078
      3.03797     0.150742   0.00602787
      3.03937     0.158956   0.00631664
      3.04078     0.153036   0.00584887
      3.04218     0.152062   0.00452270
      3.04358     0.156118   0.00452960
      3.04499     0.148644   0.00432765
      3.04639     0.151880   0.00464002
      3.04779     0.152067   0.00464675
      3.04919     0.151364   0.00471020
      3.05060     0.156574   0.00519577
      3.05200     0.156186   0.00549211
      3.05340     0.139913   0.00594271
      3.05480     0.153951   0.00693214
      3.05620     0.167165   0.00652407
      3.05760     0.168198   0.00561029
      3.05900     0.153856   0.00479805
      3.06041     0.153093   0.00388897
      3.06181     0.159418   0.00391579
      3.06321     0.152601   0.00425344
      3.06461     0.153100   0.00422273
      3.06601     0.149925   0.00410511
      3.06741     0.151270   0.00414833
      3.06881     0.151762   0.00444120
      3.07021     0.147893   0.00446401
      3.07160     0.159095   0.00482049
      3.07300     0.154855   0.00474391
      3.07440     0.151154   0.00452065
      3.07580     0.156997   0.00394597
      3.07720     0.152782   0.00358653
      3.07860     0.149976   0.00355362
      3.08000     0.158573   0.00368994
      3.08140     0.155663   0.00444550
      3.08279     0.160895   0.00504316
      3.08419     0.152976   0.00470937
      3.08559     0.156302   0.00452618
      3.08699     0.152368   0.00442086
      3.08838     0.149979   0.00418984
      3.08978     0.152310   0.00413353
      3.09118     0.160752   0.00424694
      3.09258     0.155460   0.00437363
      3.09397     0.146812   0.00451120
      3.09537     0.160832   0.00509374
      3.09677     0.171171   0.00512622
      3.09816     0.173894   0.00502100
      3.09956     0.165896   0.00451772
      3.10096     0.166729   0.00415562
      3.10235     0.170482   0.00367948
      3.10375     0.172454   0.00401927
      3.10515     0.170847   0.00501454
      3.10654     0.171049   0.00568313
      3.10794     0.126099   0.00569881
      3.10933     0.162240   0.00503038
      3.11073     0.180578   0.00501596
      3.11212     0.169816   0.00497791
      3.11352     0.183378   0.00475594
      3.11491     0.186721   0.00451335
      3.11631     0.184948   0.00424416
      3.11770     0.174888   0.00415494
      3.11910     0.180128   0.00347780
      3.12049     0.183796   0.00317146
      3.12189     0.182076   0.00306504
      3.12328     0.182777   0.00310051
      3.12468     0.185595   0.00353086
      3.12607     0.193183   0.00407601
      3.12747     0.196041   0.00506626
      3.12886     0.195357   0.00570887
      3.13026     0.198274   0.00459062
      3.13165     0.195284   0.00359446
      3.13305     0.196066   0.00318827
      3.13444     0.192574   0.00306877
      3.13583     0.196812   0.00289537
      3.13723     0.200710   0.00296325
      3.13862     0.213038   0.00334102
      3.14002     0.218763   0.00399383
      3.14141     0.211059   0.00429743
      3.14280     0.207070   0.00386965
      3.14420     0.205529   0.00335464
      3.14559     0.214112   0.00373419
      3.14698     0.222872   0.00412080
      3.14838     0.220971   0.00424759
      3.14977     0.222431   0.00386710
      3.15116     0.223025   0.00329971
      3.15256     0.225717   0.00310951
      3.15395     0.230347   0.00323645
      3.15534     0.227066   0.00347446
      3.15674     0.234827   0.00385955
      3.15813     0.243637   0.00374032
      3.15952     0.250156   0.00330291
      3.16092     0.247823   0.00322075
      3.16231     0.243409   0.00321092
      3.16370     0.247805   0.00301831
      3.16510     0.251011   0.00311797
      3.16649     0.260601   0.00312672
      3.16788     0.260961   0.00323402
      3.16928     0.264112   0.00318862
      3.17067     0.266971   0.00302509
      3.17206     0.265683   0.00318881
      3.17346     0.266115   0.00329490
      3.17485     0.273568   0.00345334
      3.17624     0.269145   0.00330383
      3.17763     0.265441   0.00322190
      3.17903     0.269729   0.00301757
      3.18042     0.279942   0.00331523
      3.18181     0.288220   0.00357569
      3.18321     0.290993   0.00362176
      3.18460     0.287315   0.00382696
      3.18599     0.288799   0.00356872
      3.18739     0.293590   0.00325970
      3.18878     0.292348   0.00328000
      3.19017     0.295435   0.00390917
      3.19156     0.309590   0.00519878
      3.19296     0.314456   0.00513054
      3.19435     0.311398   0.00439407
      3.19574     0.311753   0.00420151
      3.19714     0.311556   0.00466076
      3.19853     0.314729   0.00552245
      3.19992     0.327594   0.00594078
      3.20132     0.339429   0.00617603
      3.20271     0.342854   0.00646981
      3.20410     0.352689   0.00607565
      3.20550     0.349085   0.00588729
      3.20689     0.349092   0.00658849
      3.20828     0.378173   0.00728691
      3.20967     0.361270   0.00855388
      3.21107     0.353233   0.00890210
      3.21246     0.336111   0.00765539
      3.21385     0.348815   0.00661086
      3.21525     0.348038   0.00567885
      3.21664     0.349663   0.00527780
      3.21803     0.348234   0.00490361
      3.21943     0.358930   0.00521546
      3.22082     0.366754   0.00620629
      3.22222     0.348232   0.00887777
      3.22361     0.356448   0.00895038
      3.22500     0.361758   0.00818708
      3.22640     0.356909   0.00563723
      3.22779     0.350170   0.00608731
      3.22918     0.323770   0.00742255
      3.23058     0.344762   0.00802347
      3.23197     0.364824   0.00538573
      3.23337     0.363155   0.00394173
      3.23476     0.359008   0.00351471
      3.23615     0.363480   0.00365728
      3.23755     0.362997   0.00406757
      3.23894     0.365701   0.00510932
      3.24034     0.363334   0.00507516
      3.24173     0.369404   0.00509783
      3.24312     0.365431   0.00545563
      3.24452     0.386570   0.00662041
      3.24591     0.406566   0.00731578
      3.24731     0.398708   0.00757410
      3.24870     0.396690   0.00709910
      3.25010     0.389812   0.00509145
      3.25149     0.386746   0.00389490
      3.25289     0.379854   0.00340871
      3.25428     0.380906   0.00320869
      3.25568     0.388393   0.00340135
      3.25707     0.390199   0.00416489
      3.25847     0.386089   0.00542749
      3.25986     0.398222   0.00688887
      3.26126     0.423994   0.00705922
      3.26265     0.420938   0.00530406
      3.26405     0.423370   0.00410491
      3.26544     0.420874   0.00411514
      3.26684     0.430845   0.00467046
      3.26823     0.441187   0.00602117
      3.26963     0.431616   0.00713237
      3.27103     0.416369   0.00716616
      3.27242     0.438924   0.00461936
      3.27382     0.447508   0.00365635
      3.27521     0.448363   0.00344633
      3.27661     0.443222   0.00369522
      3.27801     0.437680   0.00472078
      3.27940     0.437030   0.00517776
      3.28080     0.451675   0.00436688
      3.28220     0.454305   0.00340984
      3.28359     0.456999   0.00316072
      3.28499     0.458445   0.00326818
      3.28639     0.468896   0.00313394
      3.28778     0.478811   0.00322919
      3.28918     0.485030   0.00361252
      3.29058     0.492026   0.00433210
      3.29197     0.514151   0.00461385
      3.29337     0.525186   0.00499889
      3.29477     0.543538   0.00585754
      3.29617     0.542390   0.00634869
      3.29756     0.548673   0.00677798
      3.29896     0.549680   0.00656339
      3.30036     0.561056   0.00569986
      3.30176     0.548024   0.00456438
      3.30316     0.524811   0.00446847
      3.30455     0.525178   0.00429137
      3.30595     0.541000   0.00410410
      3.30735     0.540681   0.00448178
      3.30875     0.528268   0.00495841
      3.31015     0.566214   0.00610772
      3.31155     0.589456   0.00850952
      3.31295     0.642493    0.0201276
      3.31435     0.463628    0.0674183
      3.31575     0.522349    0.0712105
      3.31714     0.680604    0.0432796
      3.31854     0.619027    0.0235036
      3.31994     0.618810    0.0144448
      3.32134     0.659243   0.00828257
      3.32274     0.632797   0.00691137
      3.32414     0.614118   0.00541247
      3.32554     0.613556   0.00473707
      3.32694     0.610833   0.00496512
      3.32834     0.608816   0.00425084
      3.32974     0.612825   0.00373120
      3.33114     0.608936   0.00337103
      3.33254     0.606335   0.00327837
      3.33395     0.615561   0.00335097
      3.33535     0.625377   0.00319333
      3.33675     0.619908   0.00380277
      3.33815     0.625847   0.00384434
      3.33955     0.631272   0.00389773
      3.34095     0.649085   0.00380493
      3.34235     0.660590   0.00386988
      3.34375     0.651609   0.00435081
      3.34516     0.659621   0.00455002
      3.34656     0.668138   0.00407724
      3.34796     0.679764   0.00351583
      3.34936     0.668417   0.00324168
      3.35077     0.666381   0.00310556
      3.35217     0.676689   0.00361860
      3.35357     0.678464   0.00422359
      3.35497     0.691964   0.00527170
      3.35638     0.695388   0.00523112
      3.35778     0.703069   0.00398191
      3.35918     0.712185   0.00374461
      3.36059     0.712973   0.00375825
      3.36199     0.714384   0.00379920
      3.36339     0.717292   0.00325821
      3.36480     0.727520   0.00348438
      3.36620     0.727377   0.00435741
      3.36760     0.719490   0.00456999
      3.36901     0.735224   0.00427369
      3.37041     0.744112   0.00355783
      3.37182     0.739359   0.00324648
      3.37322     0.748117   0.00314711
      3.37463     0.752611   0.00325543
      3.37603     0.755449   0.00343690
      3.37744     0.764094   0.00418646
      3.37884     0.759266   0.00483035
      3.38025     0.763036   0.00467323
      3.38165     0.779621   0.00401450
      3.38306     0.780856   0.00375375
      3.38447     0.792558   0.00351017
      3.38587     0.797864   0.00322002
      3.38728     0.798469   0.00321521
      3.38868     0.808004   0.00369885
      3.39009     0.806790   0.00456953
      3.39150     0.806124   0.00493194
      3.39290     0.824302   0.00379259
      3.39431     0.821603   0.00344964
      3.39572     0.811734   0.00318539
      3.39712     0.814301   0.00313318
      3.39853     0.845798   0.00332161
      3.39994     0.847508   0.00332013
      3.40135     0.840071   0.00428504
      3.40276     0.838574   0.00549616
      3.40416     0.861898   0.00534971
      3.40557     0.872371   0.00430074
      3.40698     0.858259   0.00342000
      3.40839     0.862845   0.00386872
      3.40980     0.874055   0.00323379
      3.41121     0.879492   0.00379334
      3.41261     0.879186   0.00414870
      3.41402     0.883676   0.00514271
      3.41543     0.883503   0.00481161
      3.41684     0.893832   0.00376225
      3.41825     0.905324   0.00306221
      3.41966     0.907646   0.00294809
      3.42107     0.906961   0.00297911
      3.42248     0.916774   0.00355921
      3.42389     0.933946   0.00395794
      3.42530     0.943426   0.00417886
      3.42671     0.924484   0.00492165
      3.42812     0.930290   0.00443058
      3.42953     0.938899   0.00360803
      3.43094     0.939418   0.00310613
      3.43236     0.936663   0.00316414
      3.43377     0.938364   0.00328616
      3.43518     0.958180   0.00333241
      3.43659     0.963125   0.00317908
      3.43800     0.967608   0.00391367
      3.43941     0.960967   0.00435506
      3.44083     0.977768   0.00379008
      3.44224     0.988098   0.00313385
      3.44365     0.993307   0.00330908
      3.44506     0.991328   0.00308319
      3.44648      1.00089   0.00341424
      3.44789      1.00112   0.00339152
      3.44930      1.00709   0.00328536
      3.45071      1.00640   0.00355762
      3.45213      1.01182   0.00372251
      3.45354      1.02114   0.00365131
      3.45496      1.02353   0.00321624
      3.45637      1.02295   0.00279238
      3.45778      1.01978   0.00280533
      3.45920      1.02575   0.00291451
      3.46061      1.03166   0.00313411
      3.46203      1.04723   0.00314652
      3.46344      1.05611   0.00329252
      3.46486      1.05674   0.00360531
      3.46627      1.06683   0.00364548
      3.46769      1.06881   0.00303326
      3.46910      1.07191   0.00286764
      3.47052      1.06983   0.00287042
      3.47193      1.08344   0.00317588
      3.47335      1.08313   0.00304814
      3.47476      1.08987   0.00298861
      3.47618      1.10371   0.00326648
      3.47760      1.10621   0.00315558
      3.47901      1.11507   0.00337658
      3.48043      1.13231   0.00346329
      3.48185      1.12771   0.00324608
      3.48326      1.12067   0.00312454
      3.48468      1.13101   0.00303248
      3.48610      1.14357   0.00316971
      3.48751      1.13363   0.00342519
      3.48893      1.13443   0.00357924
      3.49035      1.15046   0.00336557
      3.49177      1.16684   0.00331005
      3.49318      1.16719   0.00316050
      3.49460      1.16417   0.00316246
      3.49602      1.17865   0.00295781
      3.49744      1.18404   0.00315262
      3.49886      1.19114   0.00314732
      3.50028      1.19447   0.00305350
      3.50170      1.19932   0.00303283
      3.50311      1.19599   0.00313179
      3.50453      1.21061   0.00305907
      3.50595      1.22080   0.00297376
      3.50737      1.23201   0.00296402
      3.50879      1.24380   0.00301013
      3.51021      1.24924   0.00318952
      3.51163      1.24793   0.00299069
      3.51305      1.27761   0.00308289
      3.51447      1.27458   0.00299985
      3.51589      1.27629   0.00313326
      3.51731      1.28789   0.00294787
      3.51873      1.31161   0.00301376
      3.52015      1.32567   0.00303108
      3.52158      1.32340   0.00301877
      3.52300      1.31669   0.00292418
      3.52442      1.32655   0.00288592
      3.52584      1.33801   0.00308094
      3.52726      1.34702   0.00273440
      3.52868      1.35815   0.00291566
      3.53010      1.36933   0.00302026
      3.53153      1.38152   0.00288218
      3.53295      1.39754   0.00283214
      3.53437      1.39896   0.00327148
      3.53579      1.39965   0.00347954
      3.53722      1.41704   0.00328743
      3.53864      1.43676   0.00331146
      3.54006      1.44185   0.00333317
      3.54148      1.44844   0.00345903
      3.54291      1.45977   0.00315116
      3.54433      1.47496   0.00336951
      3.54575      1.47984   0.00319934
      3.54718      1.48280   0.00347496
      3.54860      1.48698   0.00323068
      3.55002      1.48298   0.00294059
      3.55145      1.48540   0.00296674
      3.55287      1.50229   0.00305170
      3.55430      1.51426   0.00316261
      3.55572      1.52970   0.00333918
      3.55715      1.54277   0.00324966
      3.55857      1.54679   0.00325780
      3.56000      1.55445   0.00298123
      3.56142      1.55674   0.00309280
      3.56284      1.56219   0.00326951
      3.56427      1.57191   0.00295403
      3.56570      1.59706   0.00339158
      3.56712      1.62359   0.00316017
      3.56855      1.62038   0.00314288
      3.56997      1.61748   0.00311945
      3.57140      1.61834   0.00335386
      3.57282      1.61505   0.00323834
      3.57425      1.62440   0.00336224
      3.57568      1.64666   0.00377702
      3.57710      1.68853   0.00328100
      3.57853      1.68660   0.00321998
      3.57996      1.67795   0.00332434
      3.58138      1.67751   0.00325069
      3.58281      1.69179   0.00334391
      3.58424      1.70427   0.00327180
      3.58566      1.71753   0.00336994
      3.58709      1.71792   0.00339667
      3.58852      1.72286   0.00318044
      3.58994      1.74418   0.00319465
      3.59137      1.77226   0.00303026
      3.59280      1.78208   0.00319303
      3.59423      1.77824   0.00333202
      3.59565      1.77924   0.00331936
      3.59708      1.77702   0.00324641
      3.59851      1.78214   0.00316455
      3.59994      1.79822   0.00297319
      3.60137      1.81150   0.00300678
      3.60280      1.81112   0.00314633
      3.60422      1.83390   0.00317668
      3.60565      1.87369   0.00335543
      3.60708      1.86741   0.00326161
      3.60851      1.87201   0.00348856
      3.60994      1.87624   0.00338906
      3.61137      1.89760   0.00328655
      3.61280      1.86912   0.00329057
      3.61423      1.89589   0.00335069
      3.61565      1.94022   0.00338206
      3.61708      1.96217   0.00308158
      3.61851      1.95586   0.00309316
      3.61994      1.93530   0.00306417
      3.62137      1.93549   0.00314507
      3.62280      1.94809   0.00321802
      3.62423      1.96283   0.00334325
      3.62566      1.97387   0.00332312
      3.62709      1.98480   0.00343341
      3.62852      1.98238   0.00351330
      3.62995      1.98605   0.00333131
      3.63138      1.99213   0.00327043
      3.63281      2.00055   0.00340957
      3.63424      2.00729   0.00289981
      3.63567      2.02743   0.00327941
      3.63710      2.04232   0.00321869
      3.63854      2.04366   0.00306616
      3.63997      2.05556   0.00285164
      3.64140      2.07932   0.00320275
      3.64283      2.08545   0.00310338
      3.64426      2.07247   0.00295797
      3.64569      2.10469   0.00323909
      3.64712      2.12765   0.00313240
      3.64855      2.12812   0.00355560
      3.64998      2.13169   0.00327751
      3.65141      2.14219   0.00309259
      3.65285      2.14532   0.00308647
      3.65428      2.15513   0.00314072
      3.65571      2.17690   0.00293967
      3.65714      2.19259   0.00316447
      3.65857      2.19005   0.00301734
      3.66000      2.19249   0.00335943
      3.66144      2.21072   0.00330105
      3.66287      2.25698   0.00326736
      3.66430      2.25790   0.00332919
      3.66573      2.20671   0.00323374
      3.66716      2.22697   0.00332685
      3.66860      2.26542   0.00320106
      3.67003      2.26994   0.00341602
      3.67146      2.27577   0.00316588
      3.67289      2.28990   0.00337608
      3.67432      2.30932   0.00302819
      3.67576      2.31228   0.00329434
      3.67719      2.31556   0.00314058
      3.67862      2.36467   0.00328618
      3.68005      2.35763   0.00295403
      3.68149      2.35038   0.00320730
      3.68292      2.35993   0.00310483
      3.68435      2.36590   0.00327615
      3.68578      2.40099   0.00305667
      3.68722      2.42796   0.00333889
      3.68865      2.43465   0.00340691
      3.69008      2.43304   0.00352611
      3.69151      2.44570   0.00307502
      3.69295      2.45792   0.00309952
      3.69438      2.47204   0.00304790
      3.69581      2.49440   0.00320154
      3.69725      2.52210   0.00318077
      3.69868      2.55252   0.00326854
      3.70011      2.53952   0.00352599
      3.70154      2.51917   0.00319936
      3.70298      2.52562   0.00321152
      3.70441      2.54178   0.00323914
      3.70584      2.54847   0.00329692
      3.70728      2.56420   0.00324693
      3.70871      2.58155   0.00322633
      3.71014      2.58693   0.00337883
      3.71157      2.59273   0.00368860
      3.71301      2.61150   0.00351013
      3.71444      2.59688   0.00325635
      3.71587      2.57196   0.00319877
      3.71731      2.63452   0.00333170
      3.71874      2.66748   0.00348428
      3.72017      2.65397   0.00317517
      3.72161      2.63096   0.00311312
      3.72304      2.63817   0.00339663
      3.72447      2.67658   0.00339921
      3.72590      2.77870   0.00352360
      3.72734      2.75516   0.00340116
      3.72877      2.74878   0.00343579
      3.73020      2.76220   0.00364839
      3.73164      2.78073   0.00354483
      3.73307      2.82821   0.00359632
      3.73450      2.86249   0.00344066
      3.73593      2.88233   0.00334749
      3.73737      2.90890   0.00339327
      3.73880      2.93205   0.00335652
      3.74023      2.99438   0.00356677
      3.74167      3.03390   0.00350465
      3.74310      3.05763   0.00350619
      3.74453      3.01669   0.00346941
      3.74596      2.98613   0.00334534
      3.74740      2.96664   0.00351775
      3.74883      2.96196   0.00349086
      3.75026      2.97559   0.00356527
      3.75169      2.96960   0.00332323
      3.75313      2.96012   0.00357810
      3.75456      2.95344   0.00340475
      3.75599      2.95926   0.00350162
      3.75742      2.96793   0.00347999
      3.75885      2.97301   0.00345997
      3.76029      3.00192   0.00322830
      3.76172      3.02620   0.00338415
      3.76315      3.03311   0.00355107
      3.76458      3.02110   0.00331446
      3.76601      3.00325   0.00359674
      3.76745      3.00954   0.00353224
      3.76888      3.06941   0.00364386
      3.77031      3.11102   0.00363720
      3.77174      3.10937   0.00365054
      3.77317      3.10192   0.00370956
      3.77460      3.10432   0.00391635
      3.77604      3.11049   0.00378196
      3.77747      3.10555   0.00363305
      3.77890      3.10516   0.00349467
      3.78033      3.15378   0.00375055
      3.78176      3.14458   0.00351707
      3.78319      3.15727   0.00369118
      3.78462      3.18623   0.00360937
      3.78605      3.21483   0.00344233
      3.78748      3.24748   0.00382377
      3.78891      3.21881   0.00376322
      3.79035      3.22993   0.00366365
      3.79178      3.24867   0.00368068
      3.79321      3.25186   0.00361145
      3.79464      3.27183   0.00382387
      3.79607      3.31413   0.00379773
      3.79750      3.33735   0.00385468
      3.79893      3.30853   0.00386611
      3.80036      3.29848   0.00384359
      3.80179      3.32396   0.00372913
      3.80322      3.32839   0.00367633
      3.80465      3.35412   0.00386218
      3.80607      3.39458   0.00400443
      3.80750      3.45526   0.00390507
      3.80893      3.45145   0.00372607
      3.81036      3.44954   0.00381298
      3.81179      3.49404   0.00399743
      3.81322      3.48659   0.00396393
      3.81465      3.44773   0.00392561
      3.81608      3.40441   0.00359770
      3.81750      3.41342   0.00388868
      3.81893      3.41273   0.00361281
      3.82036      3.45842   0.00389126
      3.82179      3.47549   0.00351243
      3.82322      3.47814   0.00374473
      3.82464      3.52627   0.00392695
      3.82607      3.54898   0.00430285
      3.82750      3.49504   0.00386785
      3.82893      3.53534   0.00413063
      3.83035      3.57796   0.00392215
      3.83178      3.57885   0.00386703
      3.83321      3.59558   0.00403158
      3.83463      3.63436   0.00426883
      3.83606      3.61666   0.00407901
      3.83748      3.61695   0.00425677
      3.83891      3.66620   0.00413546
      3.84034      3.65332   0.00396603
      3.84176      3.65502   0.00395691
      3.84319      3.67541   0.00418275
      3.84461      3.68892   0.00405250
      3.84604      3.70662   0.00474584
      3.84746      3.72118   0.00414936
      3.84889      3.73507   0.00417583
      3.85031      3.73159   0.00382056
      3.85173      3.73460   0.00428464
      3.85316      3.69873   0.00394401
      3.85458      3.74644   0.00399505
      3.85601      3.78486   0.00417071
      3.85743      3.81259   0.00428710
      3.85885      3.83398   0.00431924
      3.86028      3.78746   0.00457823
      3.86170      3.84274   0.00483209
      3.86312      3.89179   0.00455729
      3.86454      3.93865   0.00463103
      3.86596      3.95798   0.00453703
      3.86739      3.95280   0.00499069
      3.86881      3.96969   0.00458691
      3.87023      4.01533   0.00529299
      3.87165      4.01857   0.00513922
      3.87307      4.04980   0.00491078
      3.87449      4.05169   0.00538353
      3.87591      4.07311   0.00574233
      3.87733      4.06818   0.00526377
      3.87875      4.05273   0.00558768
      3.88017      4.08054   0.00563004
      3.88159      4.05236   0.00579931
      3.88301      4.06350   0.00544346
      3.88443      4.12273   0.00503146
      3.88585      4.17790   0.00539073
      3.88727      4.20440   0.00537709
      3.88868      4.21627   0.00527452
      3.89010      4.25068   0.00536630
      3.89152      4.19758   0.00522427
      3.89294      4.21115   0.00537835
      3.89435      4.18501   0.00543977
      3.89577      4.24187   0.00520838
      3.89719      4.26548   0.00526048
      3.89860      4.28615   0.00506102
      3.90002      4.29055   0.00516037
      3.90144      4.27886   0.00521340
      3.90285      4.33586   0.00509027
      3.90427      4.34946   0.00556770
      3.90568      4.37941   0.00587358
      3.90709      4.37320   0.00567552
      3.90851      4.38780   0.00560028
      3.90992      4.38990   0.00629592
      3.91134      4.40489   0.00539604
      3.91275      4.45236   0.00568821
      3.91416      4.40885   0.00558394
      3.91557      4.43057   0.00557632
      3.91699      4.48854   0.00628412
      3.91840      4.50887   0.00600145
      3.91981      4.50598   0.00584427
      3.92122      4.48355   0.00556299
      3.92263      4.48738   0.00570305
      3.92404      4.50317   0.00543286
      3.92545      4.46316   0.00556932
      3.92686      4.49927   0.00556950
      3.92827      4.49652   0.00545211
      3.92968      4.49995   0.00536398
      3.93109      4.50783   0.00520275
      3.93250      4.50626   0.00564236
      3.93391      4.53681   0.00520732
      3.93531      4.53596   0.00509382
      3.93672      4.48370   0.00528622
      3.93813      4.48859   0.00568374
      3.93954      4.55268   0.00550884
      3.94094      4.54852   0.00521487
      3.94235      4.58934   0.00526467
      3.94375      4.61103   0.00533495
      3.94516      4.61560   0.00572461
      3.94656      4.61925   0.00519045
      3.94797      4.61593   0.00505936
      3.94937      4.61607   0.00531379
      3.95077      4.65784   0.00548072
      3.95218      4.66396   0.00563088
      3.95358      4.65294   0.00569607
      3.95498      4.69435   0.00530347
      3.95638      4.67290   0.00500025
      3.95779      4.72204   0.00515608
      3.95919      4.74205   0.00559160
      3.96059      4.76790   0.00540122
      3.96199      4.72288   0.00519566
      3.96339      4.74434   0.00509644
      3.96479      4.75198   0.00523130
      3.96618      4.75571   0.00553989
      3.96758      4.68066   0.00517916
      3.96898      4.64406   0.00513126
      3.97038      4.71053   0.00522433
      3.97178      4.78711   0.00521016
      3.97317      4.81899   0.00534809
      3.97457      4.84762   0.00501616
      3.97596      4.85934   0.00523139
      3.97736      4.86667   0.00523749
      3.97875      4.89238   0.00555503
      3.98015      4.89533   0.00559730
      3.98154      4.89788   0.00539764
      3.98294      4.89835   0.00563778
      3.98433      4.89144   0.00525041
      3.98572      4.89278   0.00552795
      3.98711      4.88698   0.00521988
      3.98851      4.99556   0.00558753
      3.98990      4.98374   0.00561945
      3.99129      4.95799   0.00586901
      3.99268      4.96959   0.00617434
      3.99407      4.95406   0.00567618
      3.99546      4.94439   0.00565718
      3.99684      4.98836   0.00565018
      3.99823      5.01708   0.00570533
      3.99962      5.08142   0.00619211
      4.00101      5.05597   0.00596821
      4.00239      5.07555   0.00532474
      4.00378      5.04052   0.00621281
      4.00516      5.07780   0.00587086
      4.00655      5.11179   0.00579862
      4.00793      5.13669   0.00590937
      4.00932      5.21746   0.00604201
      4.01070      5.26205   0.00630578
      4.01208      5.23397   0.00647655
      4.01347      5.26270   0.00623203
      4.01485      5.35130   0.00634325
      4.01623      5.28575   0.00570166
      4.01761      5.19451   0.00635159
      4.01899      5.19881   0.00631369
      4.02037      5.24704   0.00639124
      4.02175      5.32378   0.00661150
      4.02312      5.33108   0.00664513
      4.02450      5.35614   0.00702191
      4.02588      5.39618   0.00663682
      4.02726      5.43288   0.00682262
      4.02863      5.48216   0.00731751
      4.03001      5.45993   0.00659956
      4.03138      5.52360   0.00661425
      4.03276      5.53619   0.00717126
      4.03413      5.48327   0.00700616
      4.03550      5.48089   0.00671736
      4.03687      5.47308   0.00696335
      4.03825      5.52224   0.00713328
      4.03962      5.52603   0.00673182
      4.04099      5.47029   0.00688132
      4.04236      5.48099   0.00739969
      4.04373      5.54244   0.00750999
      4.04509      5.57885   0.00745969
      4.04646      5.69429   0.00756447
      4.04783      5.78403   0.00735901
      4.04920      5.90960   0.00655010
      4.05056      6.01830   0.00662719
      4.05193      6.17789   0.00630042
      4.05329      6.19388   0.00636733
      4.05466      6.18027   0.00626720
      4.05602      6.11955   0.00694530
      4.05738      6.04404   0.00777389
      4.05874      5.98198   0.00821686
      4.06011      5.88426   0.00795428
      4.06147      5.93612   0.00835226
      4.06283      5.93850   0.00826111
      4.06419      5.84725   0.00775232
      4.06554      5.84424   0.00833608
      4.06690      5.87302   0.00808152
      4.06826      5.89937   0.00775488
      4.06962      5.90339   0.00804542
      4.07097      5.91394   0.00826052
      4.07233      5.95671   0.00876666
      4.07368      5.98307   0.00846361
      4.07503      5.99326   0.00870704
      4.07639      6.00454   0.00836352
      4.07774      6.11357   0.00907037
      4.07909      6.09297   0.00857759
      4.08044      6.08775   0.00910216
      4.08179      6.11917   0.00935932
      4.08314      6.09233   0.00936640
      4.08449      6.19594   0.00969523
      4.08584      6.21647   0.00976594
      4.08718      6.22733   0.00912265
      4.08853      6.21304   0.00925530
      4.08987      6.30817   0.00999814
      4.09122      6.24403   0.00986970
      4.09256      6.21441   0.00997010
      4.09391      6.26902   0.00968488
      4.09525      6.37368   0.00999272
      4.09659      6.37001   0.00994764
      4.09793      6.36325    0.0109785
      4.09927      6.36130    0.0103857
      4.10061      6.35465   0.00988501
      4.10195      6.34667    0.0103242
      4.10329      6.39825    0.0102373
      4.10462      6.45104   0.00966884
      4.10596      6.48592    0.0108196
      4.10729      6.47115    0.0111302
      4.10863      6.47253    0.0110089
      4.10996      6.44852    0.0120232
      4.11129      6.48747    0.0113735
      4.11263      6.52600    0.0111863
      4.11396      6.54560    0.0110498
      4.11529      6.52249    0.0108451
      4.11662      6.42382    0.0109494
      4.11794      6.46580    0.0115746
      4.11927      6.63511    0.0114734
      4.12060      6.59845    0.0111333
      4.12192      6.52100    0.0115338
      4.12325      6.56012    0.0116077
      4.12457      6.63497    0.0108538
      4.12590      6.70959    0.0117062
      4.12722      6.77581    0.0126329
      4.12854      6.83173    0.0122226
      4.12986      6.74390    0.0119344
      4.13118      6.71288    0.0121417
      4.13250      6.69038    0.0115448
      4.13382      6.68571    0.0123717
      4.13513      6.77395    0.0124369
      4.13645      6.85041    0.0129662
      4.13777      6.87329    0.0127240
      4.13908      6.87739    0.0125310
      4.14039      6.84365    0.0125631
      4.14171      6.84409    0.0135376
      4.14302      6.91088    0.0135439
      4.14433      6.94577    0.0144996
      4.14564      6.90249    0.0144592
      4.14695      6.97584    0.0135492
      4.14825      7.01601    0.0135476
      4.14956      6.98377    0.0136321
      4.15087      7.09338    0.0145098
      4.15217      7.18125    0.0154399
      4.15347      7.24393    0.0158759
      4.15478      7.30551    0.0157271
      4.15608      7.30081    0.0154755
      4.15738      7.28367    0.0161586
      4.15868      7.33144    0.0166111
      4.15998      7.30079    0.0171917
      4.16128      7.33128    0.0177274
      4.16257      7.48911    0.0200334
      4.16387      7.49585    0.0192030
      4.16516      7.58047    0.0208410
      4.16646      7.58181    0.0208818
      4.16775      7.57473    0.0210930
      4.16904      7.51311    0.0227124
      4.17033      7.56500    0.0230213
      4.17162      7.54660    0.0265884
      4.17291      7.43273    0.0239589
      4.17420      7.67574    0.0271258
      4.17549      7.88145    0.0331223
      4.17677      8.04793    0.0399790
      4.17806      8.15989    0.0453510
      4.17934      8.31435    0.0586286
      4.18062      8.44853    0.0857738
      4.18190      8.73637     0.132495
      4.18318      9.06268     0.274410
      4.18446      8.69007     0.501809
      4.18574      5.24655     0.865451
      4.18702      8.02077      4.21118
      4.18829      26.7392      7.19154
      4.18957      9.78898      1.95491
      4.19084      409.425      4.04586
      4.19211      172.154     0.955003
      4.19339      7.56181      3.09583
      4.19466      12.5873      5.91680
      4.19593      4.06224     0.935270
      4.19719     -1.52358      15.4853
      4.19846     -1.19521      1.28703
      4.19973      1.11237      1.20481
      4.20099      3.84456      1.23641
      4.20225      1.65414      1.95783
      4.20352     -12.2106      5.30397
      4.20478     -10.9299      8.68380
      4.20604    -0.877151      4.30217
      4.20730     0.416620      1.11689
      4.20856     -3.99692      8.32652
      4.20981      35.1470      10.3863
      4.21107      17.0863      1.89155
      4.21232     -42.0613      2.03005
      4.21357     -18.7304     0.619142
      4.21483     -5.91213      2.44181
      4.21608     -9.71186      7.81304
      4.21733      14.1329      10.2918
      4.21857     0.502128      30.7477
      4.21982     -45.6551      1.58791
      4.22107     -16.4506      1.25626
      4.22231     -19.2252      16.9037
      4.22355     -25.3193      5.54669
      4.22480     -7.96398     0.875508
      4.22604      11.7669      11.1008
      4.22728      5.58160      1.83375
      4.22852     0.181835     0.610861
      4.22975      2.02149      2.44041
      4.23099      1.55281      3.04690
      4.23222     0.564549      1.47959
      4.23346    -0.183362     0.695753
      4.23469    -0.583591      1.56591
      4.23592     -16.7809      56.8515
      4.23715     -4.96817      2.74323
      4.23838    -0.336402      2.64068
      4.23960    0.0299299      2.53084
      4.24083      6.67309      8.86634
      4.24205      1.43530      9.31649
      4.24328     -1.29980      2.78074
      4.24450      0.00000      1.22288
