SOURCE  = R CrA IRS 5A                  / Source name
STANDARD= BS7348                        / Standard name
OBSDATE = 07-05-2002                    / Date of observation
SPOS    = 19:01:46.3  -36:57:42.0       / Source position RA,DEC,J2000
STPOS   = 19 23 53.18 -40 36 57.4       / Standard position RA,DEC,J2000
STSPT   = B8V                           / Standard spectral type
STTEFF  = 13400                         / Standard effective temperature [K]
STMAG   = 4.17                          / Standard magnitude (adopted)
WAVEZP  = 3.45                          / Wavelength zero point [micron]
FLUXZP  = 290                           / Flux zero point [Jy]
SAIRM   = 1.108                         / Source mean airmass
STAIRM  = 1.041                         / Standard mean airmass
AIRMCORR= 1.13                          / Optimal (adopted) airmass correction
SPECRES = ~1200                         / Spectral resolution

Created by K. M. Pontoppidan             Sat May 10 22:00:05 2003

Wavelength [micron] Flux [Jy] Statistical Error [Jy]

      2.81464      0.00000    0.0158568
      2.81612     0.163267    0.0152957
      2.81761     0.155339    0.0141766
      2.81910     0.179874    0.0147719
      2.82058     0.159701    0.0103375
      2.82207     0.135013   0.00707507
      2.82355     0.118039   0.00811421
      2.82503     0.114590    0.0229050
      2.82651    0.0196806    0.0835812
      2.82800     0.235589     0.144082
      2.82948     0.462859     0.136186
      2.83096     0.284395    0.0910330
      2.83244     0.187821    0.0209187
      2.83391     0.132984    0.0131029
      2.83539     0.125797    0.0101159
      2.83687     0.113018   0.00559323
      2.83835    0.0950090   0.00478496
      2.83982    0.0784812   0.00844525
      2.84130    0.0680557    0.0163363
      2.84277    0.0885356    0.0238588
      2.84424     0.112253    0.0111472
      2.84572     0.110638   0.00983601
      2.84719    0.0985975    0.0206112
      2.84866    0.0984251    0.0522949
      2.85013     0.108186    0.0213919
      2.85160     0.102118   0.00846443
      2.85307    0.0861885   0.00680974
      2.85454    0.0794082   0.00837630
      2.85601    0.0848512   0.00654288
      2.85747    0.0854695   0.00434149
      2.85894    0.0795930   0.00414679
      2.86041    0.0804908   0.00458503
      2.86187    0.0721162   0.00590160
      2.86334    0.0846415   0.00676626
      2.86480     0.114659   0.00648741
      2.86627    0.0820850   0.00789497
      2.86773    0.0744671    0.0106952
      2.86919    0.0881275   0.00576857
      2.87065    0.0775877   0.00321148
      2.87211    0.0695537   0.00333150
      2.87357    0.0619492   0.00404422
      2.87503    0.0675291   0.00381001
      2.87649    0.0672491   0.00352886
      2.87795    0.0676157   0.00360196
      2.87941    0.0651302   0.00389909
      2.88087    0.0616017   0.00406733
      2.88232    0.0682438   0.00376761
      2.88378    0.0653507   0.00435143
      2.88524    0.0626311   0.00598339
      2.88669    0.0701130   0.00426666
      2.88814    0.0669602   0.00342116
      2.88960    0.0582251   0.00341019
      2.89105    0.0535589   0.00290844
      2.89250    0.0530515   0.00243088
      2.89396    0.0529185   0.00237642
      2.89541    0.0512182   0.00259423
      2.89686    0.0481769   0.00393013
      2.89831    0.0470638   0.00697345
      2.89976    0.0554191   0.00520719
      2.90121    0.0637037   0.00484177
      2.90266    0.0597226   0.00542758
      2.90411    0.0516347   0.00427592
      2.90555    0.0586891   0.00347859
      2.90700    0.0610337   0.00312096
      2.90845    0.0502590   0.00257667
      2.90989    0.0444816   0.00243972
      2.91134    0.0386772   0.00301065
      2.91278    0.0410012   0.00319423
      2.91423    0.0469222   0.00283506
      2.91567    0.0470518   0.00279626
      2.91711    0.0528778   0.00240520
      2.91856    0.0602238   0.00268846
      2.92000    0.0497687   0.00435033
      2.92144    0.0383554   0.00817591
      2.92288    0.0329821   0.00618715
      2.92432    0.0271140   0.00312246
      2.92576    0.0328323   0.00243134
      2.92720    0.0375077   0.00229464
      2.92864    0.0392382   0.00245575
      2.93008    0.0355818   0.00225779
      2.93152    0.0333647   0.00221105
      2.93296    0.0341288   0.00230507
      2.93440    0.0328418   0.00229237
      2.93583    0.0363667   0.00240242
      2.93727    0.0405760   0.00295642
      2.93871    0.0425543   0.00308419
      2.94014    0.0424084   0.00273231
      2.94158    0.0375269   0.00292442
      2.94301    0.0328218   0.00334150
      2.94444    0.0306389   0.00278154
      2.94588    0.0350292   0.00302182
      2.94731    0.0375603   0.00337651
      2.94874    0.0377100   0.00248077
      2.95018    0.0330912   0.00217309
      2.95161    0.0283960   0.00237682
      2.95304    0.0272726   0.00323136
      2.95447    0.0249765   0.00362989
      2.95590    0.0260664   0.00278591
      2.95733    0.0260396   0.00240777
      2.95876    0.0275288   0.00242456
      2.96019    0.0300909   0.00232751
      2.96162    0.0288566   0.00233650
      2.96305    0.0287104   0.00227553
      2.96448    0.0282918   0.00217985
      2.96590    0.0260875   0.00222691
      2.96733    0.0274016   0.00265486
      2.96876    0.0289653   0.00364350
      2.97018    0.0350201   0.00486951
      2.97161    0.0401177   0.00572619
      2.97304    0.0363709   0.00490215
      2.97446    0.0311736   0.00439569
      2.97589    0.0246354   0.00368908
      2.97731    0.0216126   0.00286460
      2.97873    0.0205409   0.00297831
      2.98016    0.0188790   0.00332464
      2.98158    0.0196637   0.00295837
      2.98300    0.0220950   0.00236952
      2.98443    0.0231404   0.00222046
      2.98585    0.0248735   0.00202605
      2.98727    0.0255965   0.00200025
      2.98869    0.0257549   0.00196775
      2.99011    0.0254305   0.00199200
      2.99153    0.0246324   0.00197850
      2.99295    0.0262080   0.00216603
      2.99437    0.0249042   0.00222667
      2.99579    0.0227493   0.00241182
      2.99721    0.0248080   0.00260212
      2.99863    0.0238335   0.00268116
      3.00005    0.0206069   0.00226409
      3.00147    0.0194613   0.00195630
      3.00289    0.0218338   0.00194651
      3.00430    0.0211326   0.00213091
      3.00572    0.0204547   0.00279787
      3.00714    0.0263098   0.00286943
      3.00856    0.0284332   0.00276249
      3.00997    0.0232749   0.00233998
      3.01139    0.0218259   0.00201277
      3.01280    0.0220229   0.00194313
      3.01422    0.0202703   0.00205173
      3.01563    0.0200754   0.00196743
      3.01705    0.0195792   0.00208425
      3.01846    0.0220401   0.00259056
      3.01988    0.0259779   0.00282327
      3.02129    0.0260182   0.00308580
      3.02271    0.0235276   0.00332751
      3.02412    0.0235050   0.00261996
      3.02553    0.0209659   0.00199540
      3.02694    0.0188216   0.00190404
      3.02836    0.0200663   0.00194433
      3.02977    0.0203003   0.00196741
      3.03118    0.0214315   0.00207813
      3.03259    0.0191632   0.00253119
      3.03400    0.0158704   0.00266156
      3.03541    0.0194839   0.00247442
      3.03682    0.0212708   0.00298480
      3.03824    0.0158588   0.00366848
      3.03965    0.0192829   0.00314047
      3.04106    0.0248491   0.00282637
      3.04246    0.0214284   0.00240213
      3.04387    0.0204823   0.00208889
      3.04528    0.0190340   0.00222126
      3.04669    0.0173085   0.00244368
      3.04810    0.0160625   0.00236022
      3.04951    0.0125240   0.00253834
      3.05092    0.0167029   0.00278941
      3.05233    0.0189563   0.00306333
      3.05373    0.0158878   0.00381873
      3.05514    0.0171138   0.00399272
      3.05655    0.0179620   0.00346875
      3.05795    0.0182777   0.00256259
      3.05936    0.0166588   0.00216513
      3.06077    0.0186971   0.00189696
      3.06217    0.0206435   0.00212300
      3.06358    0.0219464   0.00231862
      3.06499    0.0211496   0.00225436
      3.06639    0.0190983   0.00222548
      3.06780    0.0194137   0.00229005
      3.06920    0.0196044   0.00226564
      3.07061    0.0185035   0.00237945
      3.07201    0.0173541   0.00266483
      3.07342    0.0184911   0.00268039
      3.07482    0.0203015   0.00230685
      3.07623    0.0218743   0.00187466
      3.07763    0.0209125   0.00177953
      3.07903    0.0199763   0.00181015
      3.08044    0.0195294   0.00200805
      3.08184    0.0139444   0.00263874
      3.08324    0.0177810   0.00302346
      3.08465    0.0223721   0.00257344
      3.08605    0.0168856   0.00235274
      3.08745    0.0178669   0.00220903
      3.08885    0.0199044   0.00210193
      3.09026    0.0194679   0.00228322
      3.09166    0.0188959   0.00219056
      3.09306    0.0211547   0.00227925
      3.09446    0.0226234   0.00265975
      3.09586    0.0201559   0.00285836
      3.09726    0.0211145   0.00279470
      3.09867    0.0245348   0.00254034
      3.10007    0.0230911   0.00234729
      3.10147    0.0208695   0.00192296
      3.10287    0.0228240   0.00188090
      3.10427    0.0265095   0.00220127
      3.10567    0.0269345   0.00304956
      3.10707    0.0255655   0.00341522
      3.10847    0.0244644   0.00251826
      3.10987    0.0224815   0.00246018
      3.11127    0.0205017   0.00271022
      3.11267    0.0212398   0.00275051
      3.11407    0.0251190   0.00229054
      3.11547    0.0275117   0.00252861
      3.11687    0.0249415   0.00231081
      3.11827    0.0200271   0.00188401
      3.11967    0.0203506   0.00166026
      3.12107    0.0220549   0.00162176
      3.12246    0.0235832   0.00162961
      3.12386    0.0233513   0.00171935
      3.12526    0.0230022   0.00207284
      3.12666    0.0233794   0.00258696
      3.12806    0.0266772   0.00337838
      3.12946    0.0291803   0.00295951
      3.13085    0.0267068   0.00205545
      3.13225    0.0270067   0.00175550
      3.13365    0.0271892   0.00162421
      3.13505    0.0262619   0.00157921
      3.13645    0.0281648   0.00154916
      3.13784    0.0291444   0.00162104
      3.13924    0.0285273   0.00204847
      3.14064    0.0290266   0.00232867
      3.14204    0.0300102   0.00210124
      3.14343    0.0307492   0.00184983
      3.14483    0.0308165   0.00187477
      3.14623    0.0279728   0.00241601
      3.14762    0.0242077   0.00254632
      3.14902    0.0289939   0.00209009
      3.15042    0.0337095   0.00171855
      3.15181    0.0329984   0.00168977
      3.15321    0.0332698   0.00161517
      3.15461    0.0315926   0.00176258
      3.15600    0.0337277   0.00196682
      3.15740    0.0369179   0.00202113
      3.15879    0.0346685   0.00180106
      3.16019    0.0347125   0.00173621
      3.16159    0.0350819   0.00162407
      3.16298    0.0351161   0.00155520
      3.16438    0.0374421   0.00147790
      3.16577    0.0380901   0.00153319
      3.16717    0.0354311   0.00161268
      3.16857    0.0352836   0.00156175
      3.16996    0.0385089   0.00150710
      3.17136    0.0392039   0.00152862
      3.17275    0.0390064   0.00164376
      3.17415    0.0418191   0.00175430
      3.17554    0.0416349   0.00174905
      3.17694    0.0395067   0.00165890
      3.17833    0.0406408   0.00157089
      3.17973    0.0391617   0.00151725
      3.18113    0.0376089   0.00167575
      3.18252    0.0405010   0.00179793
      3.18392    0.0444438   0.00190153
      3.18531    0.0446542   0.00177463
      3.18671    0.0455849   0.00163769
      3.18810    0.0479424   0.00160556
      3.18950    0.0483783   0.00169521
      3.19089    0.0474089   0.00227925
      3.19229    0.0448450   0.00296001
      3.19368    0.0476552   0.00235757
      3.19508    0.0537255   0.00192153
      3.19647    0.0550390   0.00207130
      3.19787    0.0503293   0.00290172
      3.19926    0.0462467   0.00316394
      3.20065    0.0467148   0.00284546
      3.20205    0.0513581   0.00344838
      3.20344    0.0568437   0.00311739
      3.20484    0.0594245   0.00283934
      3.20623    0.0528099   0.00355294
      3.20763    0.0506465   0.00398507
      3.20902    0.0513130   0.00510389
      3.21042    0.0564144   0.00528665
      3.21181    0.0656462   0.00465869
      3.21321    0.0652576   0.00365997
      3.21460    0.0662871   0.00306573
      3.21600    0.0627613   0.00286354
      3.21739    0.0624576   0.00274572
      3.21879    0.0635914   0.00236997
      3.22018    0.0648005   0.00272630
      3.22158    0.0693569   0.00376882
      3.22297    0.0773319   0.00494620
      3.22436    0.0766325   0.00546645
      3.22576    0.0691734   0.00377010
      3.22715    0.0693407   0.00286926
      3.22855    0.0650887   0.00354813
      3.22994    0.0548869   0.00503671
      3.23134    0.0566509   0.00355068
      3.23273    0.0695446   0.00226862
      3.23413    0.0728413   0.00171829
      3.23552    0.0700765   0.00168630
      3.23692    0.0692187   0.00175816
      3.23831    0.0693820   0.00216180
      3.23971    0.0716993   0.00238863
      3.24110    0.0748999   0.00226781
      3.24250    0.0763753   0.00226219
      3.24389    0.0788768   0.00312987
      3.24529    0.0769620   0.00374615
      3.24668    0.0717433   0.00422312
      3.24808    0.0728329   0.00384973
      3.24947    0.0767252   0.00277739
      3.25087    0.0808326   0.00197353
      3.25226    0.0782310   0.00167931
      3.25366    0.0769372   0.00161171
      3.25505    0.0787039   0.00156644
      3.25645    0.0777430   0.00172811
      3.25784    0.0767014   0.00201773
      3.25924    0.0770612   0.00304201
      3.26063    0.0829730   0.00430797
      3.26203    0.0913530   0.00370692
      3.26342    0.0933299   0.00240348
      3.26482    0.0901134   0.00197177
      3.26621    0.0855926   0.00203530
      3.26761    0.0851296   0.00233601
      3.26900    0.0827053   0.00327557
      3.27040    0.0820798   0.00436234
      3.27180    0.0883726   0.00282889
      3.27319    0.0898252   0.00200638
      3.27459    0.0887855   0.00160748
      3.27598    0.0896829   0.00160651
      3.27738    0.0935237   0.00198543
      3.27878    0.0918008   0.00260881
      3.28017    0.0903964   0.00226457
      3.28157    0.0945815   0.00173091
      3.28296    0.0946772   0.00158074
      3.28436    0.0934222   0.00157401
      3.28576    0.0944621   0.00149819
      3.28715    0.0957346   0.00150667
      3.28855    0.0969367   0.00164665
      3.28994    0.0981180   0.00174132
      3.29134     0.103726   0.00197145
      3.29274     0.111574   0.00225777
      3.29413     0.116797   0.00269361
      3.29553     0.125919   0.00328008
      3.29693     0.110449   0.00383549
      3.29833    0.0943458   0.00414184
      3.29972     0.106278   0.00301174
      3.30112     0.114900   0.00228347
      3.30252     0.112533   0.00204515
      3.30391     0.104638   0.00210600
      3.30531     0.107876   0.00199300
      3.30671     0.112709   0.00206905
      3.30811     0.111298   0.00223635
      3.30950     0.118019   0.00238031
      3.31090     0.133123   0.00299594
      3.31230     0.130551   0.00599877
      3.31370     0.128802    0.0195203
      3.31509     0.145265    0.0296338
      3.31649     0.150513    0.0210937
      3.31789     0.126679    0.0122114
      3.31929     0.108759   0.00704534
      3.32069     0.111811   0.00441792
      3.32208     0.111937   0.00316467
      3.32348     0.118182   0.00242558
      3.32488     0.122834   0.00198339
      3.32628     0.117893   0.00226491
      3.32768     0.114303   0.00237838
      3.32908     0.119566   0.00193829
      3.33048     0.124201   0.00157235
      3.33188     0.124835   0.00159144
      3.33327     0.122768   0.00169342
      3.33467     0.125773   0.00161930
      3.33607     0.131130   0.00174887
      3.33747     0.130994   0.00189350
      3.33887     0.128140   0.00213301
      3.34027     0.127737   0.00204443
      3.34167     0.129963   0.00193643
      3.34307     0.134961   0.00201165
      3.34447     0.132667   0.00237819
      3.34587     0.129588   0.00231590
      3.34727     0.133514   0.00176318
      3.34867     0.134090   0.00162054
      3.35007     0.136131   0.00167911
      3.35147     0.140761   0.00166754
      3.35287     0.143537   0.00184481
      3.35427     0.142550   0.00233541
      3.35567     0.138472   0.00264528
      3.35707     0.137187   0.00218455
      3.35847     0.143229   0.00181571
      3.35988     0.146616   0.00186636
      3.36128     0.145530   0.00194158
      3.36268     0.144840   0.00191745
      3.36408     0.145771   0.00167755
      3.36548     0.147481   0.00185525
      3.36688     0.144157   0.00219080
      3.36828     0.144202   0.00216781
      3.36969     0.149522   0.00188847
      3.37109     0.148497   0.00169696
      3.37249     0.150050   0.00158298
      3.37389     0.152029   0.00162332
      3.37530     0.154189   0.00160703
      3.37670     0.161980   0.00192338
      3.37810     0.160103   0.00222875
      3.37950     0.153179   0.00235891
      3.38091     0.156941   0.00207463
      3.38231     0.162870   0.00197047
      3.38371     0.159997   0.00179528
      3.38512     0.158729   0.00162368
      3.38652     0.161397   0.00157402
      3.38792     0.161833   0.00163119
      3.38933     0.157863   0.00197825
      3.39073     0.153458   0.00231567
      3.39213     0.162453   0.00197927
      3.39354     0.167931   0.00167162
      3.39494     0.162801   0.00153173
      3.39635     0.159499   0.00154626
      3.39775     0.162366   0.00143297
      3.39916     0.168056   0.00153363
      3.40056     0.168248   0.00175708
      3.40196     0.160653   0.00223666
      3.40337     0.161302   0.00242668
      3.40477     0.170480   0.00200576
      3.40618     0.169570   0.00193819
      3.40759     0.169002   0.00192974
      3.40899     0.172402   0.00172677
      3.41040     0.171499   0.00157459
      3.41180     0.170299   0.00172274
      3.41321     0.166891   0.00202549
      3.41461     0.165803   0.00222703
      3.41602     0.173425   0.00185360
      3.41743     0.175588   0.00167517
      3.41883     0.172594   0.00153188
      3.42024     0.173435   0.00161402
      3.42165     0.175453   0.00154539
      3.42305     0.174988   0.00161800
      3.42446     0.174714   0.00176877
      3.42587     0.172880   0.00204155
      3.42727     0.177102   0.00192855
      3.42868     0.185220   0.00172419
      3.43009     0.181389   0.00155715
      3.43150     0.175602   0.00147836
      3.43290     0.176095   0.00151076
      3.43431     0.178087   0.00145370
      3.43572     0.178925   0.00150615
      3.43713     0.180190   0.00156469
      3.43854     0.181582   0.00176235
      3.43995     0.181783   0.00181820
      3.44135     0.184681   0.00158416
      3.44276     0.187314   0.00149089
      3.44417     0.186238   0.00146039
      3.44558     0.182338   0.00148499
      3.44699     0.179142   0.00141855
      3.44840     0.179658   0.00147133
      3.44981     0.181131   0.00154932
      3.45122     0.180244   0.00167663
      3.45263     0.182357   0.00164266
      3.45404     0.184700   0.00158340
      3.45545     0.185068   0.00149005
      3.45686     0.185640   0.00142709
      3.45827     0.184271   0.00147143
      3.45968     0.181708   0.00142999
      3.46109     0.181908   0.00147980
      3.46250     0.183961   0.00158001
      3.46391     0.184589   0.00159405
      3.46532     0.188053   0.00165813
      3.46673     0.191766   0.00152438
      3.46815     0.190385   0.00140958
      3.46956     0.187129   0.00137382
      3.47097     0.187870   0.00141967
      3.47238     0.190094   0.00142368
      3.47379     0.189386   0.00142894
      3.47520     0.190630   0.00145872
      3.47662     0.191725   0.00149157
      3.47803     0.193844   0.00148780
      3.47944     0.198392   0.00146321
      3.48085     0.196721   0.00144010
      3.48227     0.192866   0.00142876
      3.48368     0.194315   0.00141017
      3.48509     0.198109   0.00139847
      3.48651     0.200280   0.00148830
      3.48792     0.198331   0.00143627
      3.48933     0.197789   0.00146804
      3.49075     0.200488   0.00145246
      3.49216     0.201482   0.00142954
      3.49357     0.202374   0.00141475
      3.49499     0.203158   0.00138461
      3.49640     0.202243   0.00144329
      3.49782     0.203236   0.00138368
      3.49923     0.207901   0.00149490
      3.50065     0.209553   0.00151587
      3.50206     0.208690   0.00144319
      3.50348     0.208614   0.00141096
      3.50489     0.207011   0.00139138
      3.50631     0.205160   0.00150862
      3.50772     0.207770   0.00147933
      3.50914     0.212680   0.00139443
      3.51055     0.219527   0.00151949
      3.51197     0.221330   0.00152417
      3.51339     0.217462   0.00144664
      3.51480     0.218402   0.00135740
      3.51622     0.218150   0.00142170
      3.51763     0.216548   0.00144142
      3.51905     0.216609   0.00137963
      3.52047     0.216344   0.00135652
      3.52188     0.216306   0.00135736
      3.52330     0.217761   0.00140780
      3.52472     0.219448   0.00135681
      3.52614     0.220235   0.00149312
      3.52755     0.221870   0.00141760
      3.52897     0.225557   0.00141722
      3.53039     0.228621   0.00145328
      3.53181     0.225841   0.00150074
      3.53323     0.222631   0.00145091
      3.53464     0.221502   0.00149898
      3.53606     0.223176   0.00153822
      3.53748     0.228299   0.00149487
      3.53890     0.228748   0.00160475
      3.54032     0.225216   0.00156412
      3.54174     0.223705   0.00157899
      3.54316     0.226983   0.00149032
      3.54457     0.233414   0.00155743
      3.54599     0.234912   0.00155310
      3.54741     0.235798   0.00158875
      3.54883     0.236992   0.00149564
      3.55025     0.237733   0.00149961
      3.55167     0.241403   0.00151872
      3.55309     0.244758   0.00161563
      3.55451     0.244880   0.00162037
      3.55593     0.239779   0.00149339
      3.55735     0.236655   0.00148414
      3.55877     0.239219   0.00153923
      3.56019     0.242444   0.00148342
      3.56161     0.246271   0.00150465
      3.56304     0.247039   0.00148995
      3.56446     0.243383   0.00156719
      3.56588     0.241960   0.00161581
      3.56730     0.244134   0.00153631
      3.56872     0.246636   0.00153211
      3.57014     0.249880   0.00153732
      3.57156     0.251208   0.00156298
      3.57299     0.251173   0.00159656
      3.57441     0.253015   0.00148635
      3.57583     0.255286   0.00159677
      3.57725     0.257729   0.00149664
      3.57867     0.261440   0.00147124
      3.58010     0.264895   0.00160231
      3.58152     0.262850   0.00157018
      3.58294     0.259710   0.00152101
      3.58436     0.262227   0.00152584
      3.58579     0.262407   0.00147951
      3.58721     0.257637   0.00153209
      3.58863     0.260841   0.00159089
      3.59006     0.267083   0.00152565
      3.59148     0.265286   0.00149811
      3.59290     0.264816   0.00151608
      3.59433     0.268563   0.00152987
      3.59575     0.271483   0.00156676
      3.59718     0.273126   0.00151893
      3.59860     0.272838   0.00157537
      3.60002     0.271159   0.00141929
      3.60145     0.272016   0.00141931
      3.60287     0.274869   0.00154515
      3.60430     0.275893   0.00146506
      3.60572     0.271627   0.00143573
      3.60715     0.270290   0.00148209
      3.60857     0.276134   0.00150391
      3.61000     0.283456   0.00153818
      3.61142     0.291869   0.00160061
      3.61285     0.291375   0.00157241
      3.61427     0.283204   0.00147190
      3.61570     0.277974   0.00146208
      3.61712     0.278311   0.00144240
      3.61855     0.280328   0.00148872
      3.61997     0.280544   0.00148693
      3.62140     0.280993   0.00143068
      3.62283     0.285055   0.00142327
      3.62425     0.288504   0.00150115
      3.62568     0.286999   0.00158188
      3.62710     0.288164   0.00155571
      3.62853     0.290528   0.00162378
      3.62996     0.290278   0.00158055
      3.63138     0.291082   0.00150542
      3.63281     0.291074   0.00150457
      3.63424     0.292460   0.00151804
      3.63566     0.293633   0.00152559
      3.63709     0.290401   0.00157554
      3.63852     0.290703   0.00140418
      3.63995     0.292758   0.00143855
      3.64137     0.292275   0.00139214
      3.64280     0.292572   0.00145889
      3.64423     0.293349   0.00140639
      3.64566     0.293330   0.00148906
      3.64708     0.292625   0.00146427
      3.64851     0.293565   0.00158258
      3.64994     0.295518   0.00159750
      3.65137     0.296871   0.00139982
      3.65280     0.297595   0.00139798
      3.65422     0.299276   0.00147030
      3.65565     0.300077   0.00139924
      3.65708     0.299731   0.00138950
      3.65851     0.303106   0.00151263
      3.65994     0.303445   0.00154337
      3.66137     0.299519   0.00144959
      3.66279     0.296810   0.00144687
      3.66422     0.298819   0.00147178
      3.66565     0.300522   0.00154179
      3.66708     0.302245   0.00147308
      3.66851     0.306305   0.00159141
      3.66994     0.308184   0.00147887
      3.67137     0.311712   0.00148935
      3.67280     0.313194   0.00148419
      3.67423     0.311065   0.00149784
      3.67565     0.312202   0.00158231
      3.67708     0.313599   0.00159125
      3.67851     0.313750   0.00148103
      3.67994     0.311824   0.00143998
      3.68137     0.307545   0.00149356
      3.68280     0.308933   0.00155152
      3.68423     0.314221   0.00143053
      3.68566     0.320077   0.00145146
      3.68709     0.322569   0.00148119
      3.68852     0.321717   0.00143099
      3.68995     0.324141   0.00142335
      3.69138     0.325298   0.00143466
      3.69281     0.322072   0.00153779
      3.69424     0.321333   0.00143780
      3.69567     0.319779   0.00145787
      3.69710     0.318382   0.00137672
      3.69853     0.319259   0.00139906
      3.69996     0.319590   0.00142341
      3.70139     0.322711   0.00144742
      3.70282     0.327558   0.00143076
      3.70425     0.328495   0.00141401
      3.70569     0.324530   0.00145351
      3.70712     0.323344   0.00148269
      3.70855     0.328172   0.00142052
      3.70998     0.330779   0.00146749
      3.71141     0.329345   0.00146040
      3.71284     0.328347   0.00141476
      3.71427     0.328275   0.00144580
      3.71570     0.333709   0.00144386
      3.71713     0.336909   0.00136177
      3.71856     0.331715   0.00146218
      3.71999     0.327832   0.00141095
      3.72142     0.328211   0.00141399
      3.72286     0.325626   0.00145276
      3.72429     0.331239   0.00138322
      3.72572     0.340199   0.00135939
      3.72715     0.342354   0.00146458
      3.72858     0.343138   0.00141455
      3.73001     0.343110   0.00141442
      3.73144     0.343362   0.00145489
      3.73287     0.346344   0.00137287
      3.73430     0.351912   0.00141373
      3.73574     0.361213   0.00158418
      3.73717     0.373390   0.00140051
      3.73860     0.382732   0.00158881
      3.74003     0.384857   0.00163319
      3.74146     0.376407   0.00154650
      3.74289     0.365885   0.00152680
      3.74432     0.362318   0.00146913
      3.74576     0.360344   0.00146062
      3.74719     0.357316   0.00144451
      3.74862     0.356541   0.00148964
      3.75005     0.356275   0.00147817
      3.75148     0.353814   0.00148645
      3.75291     0.349071   0.00155092
      3.75434     0.350287   0.00149009
      3.75577     0.357514   0.00154064
      3.75721     0.359880   0.00152017
      3.75864     0.354650   0.00136720
      3.76007     0.350943   0.00159142
      3.76150     0.352093   0.00161963
      3.76293     0.352679   0.00153166
      3.76436     0.350477   0.00145276
      3.76579     0.347693   0.00157113
      3.76723     0.350898   0.00164086
      3.76866     0.353777   0.00160018
      3.77009     0.352130   0.00155669
      3.77152     0.355007   0.00150638
      3.77295     0.358227   0.00160336
      3.77438     0.357305   0.00160206
      3.77581     0.356953   0.00155850
      3.77724     0.354726   0.00141995
      3.77868     0.350164   0.00146742
      3.78011     0.348781   0.00145188
      3.78154     0.352421   0.00163986
      3.78297     0.356402   0.00155895
      3.78440     0.356530   0.00158612
      3.78583     0.357897   0.00154413
      3.78726     0.357483   0.00161260
      3.78869     0.355312   0.00148259
      3.79012     0.354078   0.00163524
      3.79155     0.358500   0.00153320
      3.79298     0.362610   0.00163214
      3.79442     0.357558   0.00153988
      3.79585     0.356727   0.00158432
      3.79728     0.360724   0.00156442
      3.79871     0.360244   0.00147420
      3.80014     0.362666   0.00155821
      3.80157     0.362824   0.00156791
      3.80300     0.357031   0.00149048
      3.80443     0.356697   0.00164767
      3.80586     0.359532   0.00152489
      3.80729     0.358244   0.00157416
      3.80872     0.359499   0.00155246
      3.81015     0.361946   0.00162124
      3.81158     0.363201   0.00151728
      3.81301     0.364716   0.00145014
      3.81444     0.369821   0.00159116
      3.81587     0.371941   0.00165018
      3.81730     0.368343   0.00156864
      3.81873     0.369117   0.00149982
      3.82016     0.371276   0.00151051
      3.82159     0.371368   0.00157767
      3.82302     0.368694   0.00150091
      3.82445     0.366564   0.00156146
      3.82588     0.368463   0.00153618
      3.82730     0.366266   0.00160971
      3.82873     0.364315   0.00155557
      3.83016     0.366969   0.00151356
      3.83159     0.367837   0.00164693
      3.83302     0.365406   0.00159659
      3.83445     0.367767   0.00166618
      3.83588     0.373020   0.00162410
      3.83731     0.372206   0.00167868
      3.83873     0.368152   0.00144649
      3.84016     0.364695   0.00150625
      3.84159     0.367949   0.00156018
      3.84302     0.374242   0.00155028
      3.84445     0.375572   0.00159474
      3.84587     0.377279   0.00152945
      3.84730     0.379520   0.00169258
      3.84873     0.376805   0.00157847
      3.85016     0.373055   0.00161731
      3.85158     0.372235   0.00158950
      3.85301     0.376598   0.00160298
      3.85444     0.379840   0.00160372
      3.85587     0.386057   0.00166384
      3.85729     0.394059   0.00161555
      3.85872     0.390933   0.00162642
      3.86015     0.398113   0.00169896
      3.86157     0.395980   0.00170084
      3.86300     0.377337   0.00179791
      3.86442     0.375007   0.00167623
      3.86585     0.378883   0.00186471
      3.86728     0.380389   0.00172794
      3.86870     0.377056   0.00169285
      3.87013     0.374423   0.00166400
      3.87155     0.377539   0.00170693
      3.87298     0.381628   0.00175307
      3.87440     0.384393   0.00183799
      3.87583     0.385788   0.00175146
      3.87725     0.388225   0.00185682
      3.87868     0.388981   0.00181368
      3.88010     0.387219   0.00188072
      3.88153     0.386917   0.00159371
      3.88295     0.388854   0.00175089
      3.88437     0.390003   0.00181064
      3.88580     0.392152   0.00184132
      3.88722     0.395206   0.00178986
      3.88864     0.392412   0.00171531
      3.89007     0.393527   0.00179207
      3.89149     0.398679   0.00192022
      3.89291     0.399762   0.00170220
      3.89433     0.396661   0.00176677
      3.89576     0.396302   0.00173258
      3.89718     0.395964   0.00173649
      3.89860     0.394576   0.00178176
      3.90002     0.400291   0.00177127
      3.90144     0.405442   0.00176988
      3.90287     0.401417   0.00193317
      3.90429     0.396898   0.00181549
      3.90571     0.396823   0.00188014
      3.90713     0.398624   0.00192653
      3.90855     0.403922   0.00206692
      3.90997     0.404821   0.00175976
      3.91139     0.401618   0.00176542
      3.91281     0.403753   0.00182220
      3.91423     0.405426   0.00183394
      3.91565     0.404647   0.00177525
      3.91707     0.401366   0.00184520
      3.91849     0.405270   0.00183177
      3.91991     0.412610   0.00194843
      3.92132     0.413011   0.00187237
      3.92274     0.414088   0.00197012
      3.92416     0.408429   0.00188652
      3.92558     0.406976   0.00175569
      3.92700     0.413389   0.00172188
      3.92841     0.412030   0.00170701
      3.92983     0.407908   0.00173844
      3.93125     0.407214   0.00178177
      3.93266     0.406486   0.00175469
      3.93408     0.405342   0.00164974
      3.93550     0.401120   0.00161343
      3.93691     0.396628   0.00182065
      3.93833     0.399287   0.00172677
      3.93974     0.403787   0.00189162
      3.94116     0.403641   0.00178338
      3.94257     0.405965   0.00176315
      3.94399     0.409151   0.00169020
      3.94540     0.407752   0.00170624
      3.94681     0.407753   0.00180995
      3.94823     0.405757   0.00179839
      3.94964     0.407832   0.00172081
      3.95105     0.409439   0.00180617
      3.95247     0.407452   0.00175038
      3.95388     0.405315   0.00167060
      3.95529     0.402170   0.00172844
      3.95670     0.402683   0.00192590
      3.95811     0.402801   0.00174656
      3.95952     0.403682   0.00184061
      3.96094     0.406843   0.00172076
      3.96235     0.407719   0.00173140
      3.96376     0.407065   0.00170449
      3.96517     0.405738   0.00163611
      3.96658     0.411244   0.00176099
      3.96798     0.415953   0.00178738
      3.96939     0.412167   0.00177029
      3.97080     0.414034   0.00177198
      3.97221     0.417479   0.00188776
      3.97362     0.413298   0.00175486
      3.97503     0.407036   0.00171804
      3.97643     0.410925   0.00166813
      3.97784     0.413049   0.00179215
      3.97925     0.410034   0.00175631
      3.98065     0.410315   0.00174262
      3.98206     0.413740   0.00182134
      3.98346     0.417419   0.00199697
      3.98487     0.413329   0.00181209
      3.98627     0.412935   0.00173683
      3.98768     0.411093   0.00186192
      3.98908     0.406367   0.00182287
      3.99049     0.409211   0.00180047
      3.99189     0.417345   0.00177824
      3.99329     0.419981   0.00188322
      3.99470     0.412523   0.00186441
      3.99610     0.407354   0.00184088
      3.99750     0.412623   0.00175936
      3.99890     0.419546   0.00184526
      4.00030     0.421764   0.00184687
      4.00170     0.420969   0.00178187
      4.00310     0.422055   0.00189223
      4.00450     0.424499   0.00180678
      4.00590     0.422378   0.00179421
      4.00730     0.420095   0.00181282
      4.00870     0.420624   0.00203965
      4.01010     0.423728   0.00180674
      4.01150     0.430465   0.00180273
      4.01289     0.437171   0.00187340
      4.01429     0.430620   0.00193618
      4.01569     0.425798   0.00195440
      4.01708     0.427017   0.00187263
      4.01848     0.426804   0.00193634
      4.01987     0.428367   0.00197464
      4.02127     0.428578   0.00188115
      4.02266     0.429825   0.00189254
      4.02406     0.429208   0.00197210
      4.02545     0.429468   0.00212355
      4.02684     0.434726   0.00187182
      4.02824     0.437555   0.00195408
      4.02963     0.434296   0.00196168
      4.03102     0.430264   0.00193367
      4.03241     0.430834   0.00203039
      4.03380     0.433980   0.00205396
      4.03519     0.428269   0.00192908
      4.03658     0.426046   0.00191942
      4.03797     0.438073   0.00196380
      4.03936     0.444154   0.00205995
      4.04075     0.438618   0.00185969
      4.04214     0.430972   0.00224328
      4.04352     0.427859   0.00208024
      4.04491     0.433774   0.00209836
      4.04630     0.442115   0.00220500
      4.04768     0.448573   0.00213064
      4.04907     0.456435   0.00205341
      4.05045     0.473332   0.00205121
      4.05184     0.510950   0.00219343
      4.05322     0.544730   0.00229220
      4.05461     0.540605   0.00219558
      4.05599     0.502882   0.00214011
      4.05737     0.464595   0.00237382
      4.05875     0.454013   0.00198803
      4.06013     0.456382   0.00231527
      4.06151     0.450238   0.00236729
      4.06290     0.441340   0.00195452
      4.06427     0.435710   0.00226406
      4.06565     0.438409   0.00206109
      4.06703     0.435445   0.00224627
      4.06841     0.423860   0.00204151
      4.06979     0.424802   0.00210788
      4.07117     0.428941   0.00205717
      4.07254     0.424050   0.00202824
      4.07392     0.422883   0.00205768
      4.07529     0.426202   0.00221690
      4.07667     0.427546   0.00214318
      4.07804     0.430177   0.00211773
      4.07942     0.435595   0.00210654
      4.08079     0.438260   0.00230422
      4.08216     0.435850   0.00245867
      4.08353     0.432266   0.00209883
      4.08491     0.432521   0.00223407
      4.08628     0.433387   0.00217277
      4.08765     0.434082   0.00229918
      4.08902     0.432362   0.00232628
      4.09038     0.430163   0.00243752
      4.09175     0.431857   0.00238854
      4.09312     0.426781   0.00224849
      4.09449     0.424174   0.00220426
      4.09585     0.429519   0.00228479
      4.09722     0.430680   0.00232641
      4.09859     0.427396   0.00231914
      4.09995     0.433062   0.00258182
      4.10132     0.443980   0.00230432
      4.10268     0.453064   0.00254540
      4.10404     0.454443   0.00227284
      4.10540     0.448827   0.00229743
      4.10676     0.441840   0.00242797
      4.10813     0.438686   0.00259957
      4.10949     0.439059   0.00248451
      4.11085     0.438468   0.00217264
      4.11220     0.441754   0.00228759
      4.11356     0.437386   0.00250227
      4.11492     0.429525   0.00230095
      4.11628     0.432691   0.00231536
      4.11763     0.434858   0.00258837
      4.11899     0.441154   0.00291502
      4.12034     0.446173   0.00221934
      4.12170     0.446851   0.00233792
      4.12305     0.446985   0.00246992
      4.12440     0.445149   0.00266170
      4.12576     0.440490   0.00238640
      4.12711     0.435957   0.00248876
      4.12846     0.442569   0.00254367
      4.12981     0.443419   0.00252839
      4.13116     0.442772   0.00243587
      4.13251     0.446868   0.00249792
      4.13386     0.444467   0.00241837
      4.13520     0.442837   0.00240082
      4.13655     0.444603   0.00262952
      4.13790     0.441334   0.00260041
      4.13924     0.437697   0.00269498
      4.14058     0.435591   0.00271655
      4.14193     0.438002   0.00238008
      4.14327     0.444081   0.00265514
      4.14461     0.440587   0.00267383
      4.14595     0.437867   0.00227710
      4.14730     0.444387   0.00269022
      4.14864     0.449873   0.00289712
      4.14997     0.450039   0.00317164
      4.15131     0.442941   0.00284257
      4.15265     0.441800   0.00250441
      4.15399     0.445264   0.00277570
      4.15532     0.441877   0.00250278
      4.15666     0.446566   0.00270345
      4.15799     0.452230   0.00302515
      4.15933     0.446373   0.00318472
      4.16066     0.438662   0.00292527
      4.16199     0.443316   0.00359171
      4.16332     0.451284   0.00327016
      4.16465     0.454895   0.00341777
      4.16598     0.455922   0.00333245
      4.16731     0.457412   0.00343460
      4.16864     0.455710   0.00366906
      4.16997     0.454494   0.00388191
      4.17129     0.466828   0.00350882
      4.17262     0.464243   0.00428692
      4.17394     0.458587   0.00436028
      4.17527     0.470169   0.00429666
      4.17659     0.462496   0.00447928
      4.17791     0.439622   0.00474985
      4.17923     0.421856   0.00470265
      4.18056     0.427119   0.00537119
      4.18187     0.424009   0.00641503
      4.18319     0.404812   0.00775317
      4.18451     0.395652    0.0109890
      4.18583     0.362645    0.0168369
      4.18715     0.321886    0.0237325
      4.18846     0.385968    0.0522337
      4.18977     0.574379     0.122482
      4.19109     0.670789     0.318486
      4.19240      1.09055     0.902961
      4.19371     -126.687      1.51264
      4.19502     -143.038      5.52087
      4.19633     -37.8019      5909.55
      4.19764     -28.1384      116.106
      4.19895      5.95637      2.22677
      4.20026     -42.2172      2.11444
      4.20157     -45.7830      2.16291
      4.20287      4.80063      6.81103
      4.20418      20.7101      3.62176
      4.20548      19.3495      2.84185
      4.20678      1.84470      1.76558
      4.20808    -0.414861      1.98025
      4.20938    -0.478523      1.78485
      4.21068      3.41980      2.19006
      4.21198      14.4287      10.6742
      4.21328      12.3957      7.05910
      4.21458      2.26929      2.02088
      4.21587     -22.4141      2.32155
      4.21717     -26.7461      26.0100
      4.21846      4.60165      2.65727
      4.21976      9.62571      32.2443
      4.22105      14.2176      11.7454
      4.22234      16.8554      56.1985
      4.22363     -15.1648      7.87372
      4.22492     -26.3453      3.45335
      4.22621     -5.51911      3.03271
      4.22749     -1.79328      94239.4
      4.22878     -2.67118      3.88571
      4.23007     -4.67137      14.9944
      4.23135    0.0441808      6.29130
      4.23263     -5.44180      1.03949
      4.23392      29.3966      11.9102
      4.23520      39.3985      10.6989
      4.23648      1.75574      1.14342
      4.23776      4.34838      7.74567
      4.23903     -8.14955      12.6351
      4.24031     -13.3270      2.65905
      4.24159    -0.127099      2.23282
      4.24286      2.16607      1.34957
      4.24414     -2.26420      10.5537
      4.24541     -26.0986      2.53229
      4.24668     -19.2563      11.6055
      4.24795      5.29638      3.25678
      4.24922     -137.970      2.74979
      4.25049     -148.739      2.57968
      4.25176      0.00000      1.75153
