SOURCE  = R CrA IRS 5B                  / Source name
STANDARD= BS7348                        / Standard name
OBSDATE = 07-05-2002                    / Date of observation
SPOS    = 19:01:46.3  -36:57:42.0       / Source position RA,DEC,J2000
STPOS   = 19 23 53.18 -40 36 57.4       / Standard position RA,DEC,J2000
STSPT   = B8V                           / Standard spectral type
STTEFF  = 13400                         / Standard effective temperature [K]
STMAG   = 4.17                          / Standard magnitude (adopted)
WAVEZP  = 3.45                          / Wavelength zero point [micron]
FLUXZP  = 290                           / Flux zero point [Jy]
SAIRM   = 1.108                         / Source mean airmass
STAIRM  = 1.041                         / Standard mean airmass
AIRMCORR= 1.12                          / Optimal (adopted) airmass correction
SPECRES = ~1200                         / Spectral resolution

Created by K. M. Pontoppidan             Sat May 10 22:04:24 2003

Wavelength [micron] Flux [Jy] Statistical Error [Jy]

      2.81464      0.00000    0.0158507
      2.81612    0.0262613    0.0152950
      2.81761    0.0290530    0.0141759
      2.81910    0.0639298    0.0147709
      2.82058    0.0648272    0.0103369
      2.82207    0.0473924   0.00707491
      2.82355    0.0408487   0.00811403
      2.82503    0.0723399    0.0229043
      2.82651     0.186754    0.0835863
      2.82800     0.194988     0.144082
      2.82948     0.128714     0.136160
      2.83096     0.132948    0.0910155
      2.83244    0.0884968    0.0209176
      2.83391    0.0395959    0.0131025
      2.83539    0.0559864    0.0101156
      2.83687    0.0553936   0.00559316
      2.83835    0.0454806   0.00478492
      2.83982    0.0397559   0.00844516
      2.84130    0.0432083    0.0163362
      2.84277    0.0443245    0.0238583
      2.84424    0.0353098    0.0111470
      2.84572    0.0209498   0.00983586
      2.84719    0.0384584    0.0206106
      2.84866    0.0465202    0.0522927
      2.85013    0.0504177    0.0213913
      2.85160    0.0388047   0.00846432
      2.85307    0.0272799   0.00680968
      2.85454    0.0171725   0.00837617
      2.85601    0.0219743   0.00654278
      2.85747    0.0263828   0.00434144
      2.85894    0.0265003   0.00414676
      2.86041    0.0274362   0.00458499
      2.86187    0.0215161   0.00590154
      2.86334    0.0240102   0.00676616
      2.86480    0.0232106   0.00648728
      2.86627    0.0219167   0.00789488
      2.86773    0.0427518    0.0106950
      2.86919    0.0374212   0.00576850
      2.87065    0.0289255   0.00321146
      2.87211    0.0250749   0.00333148
      2.87357    0.0174776   0.00404420
      2.87503    0.0250065   0.00380998
      2.87649    0.0267747   0.00352885
      2.87795    0.0190854   0.00360194
      2.87941    0.0108043   0.00389907
      2.88087    0.0170108   0.00406731
      2.88232    0.0258491   0.00376759
      2.88378    0.0236160   0.00435140
      2.88524    0.0216995   0.00598334
      2.88669    0.0173518   0.00426662
      2.88814    0.0215266   0.00342115
      2.88960    0.0223452   0.00341017
      2.89105    0.0196635   0.00290843
      2.89250    0.0205934   0.00243087
      2.89396    0.0190699   0.00237641
      2.89541    0.0163433   0.00259422
      2.89686    0.0105300   0.00393012
      2.89831    0.0116897   0.00697341
      2.89976    0.0177589   0.00520716
      2.90121   0.00568776   0.00484174
      2.90266  -0.00397792   0.00542755
      2.90411   0.00436841   0.00427590
      2.90555    0.0156923   0.00347858
      2.90700    0.0176087   0.00312094
      2.90845    0.0140970   0.00257666
      2.90989    0.0165887   0.00243972
      2.91134    0.0194122   0.00301064
      2.91278    0.0224726   0.00319422
      2.91423    0.0203716   0.00283505
      2.91567    0.0174339   0.00279625
      2.91711    0.0144667   0.00240520
      2.91856    0.0123884   0.00268846
      2.92000   0.00464400   0.00435031
      2.92144  -0.00946060   0.00817587
      2.92288  -0.00529452   0.00618713
      2.92432   0.00566644   0.00312246
      2.92576    0.0110609   0.00243134
      2.92720    0.0115033   0.00229464
      2.92864    0.0110862   0.00245574
      2.93008    0.0130631   0.00225778
      2.93152    0.0140017   0.00221105
      2.93296    0.0110313   0.00230507
      2.93440    0.0105600   0.00229237
      2.93583    0.0143573   0.00240242
      2.93727    0.0152948   0.00295641
      2.93871    0.0124423   0.00308418
      2.94014    0.0125273   0.00273231
      2.94158    0.0108607   0.00292442
      2.94301    0.0115184   0.00334149
      2.94444    0.0130058   0.00278154
      2.94588    0.0112459   0.00302182
      2.94731    0.0138390   0.00337650
      2.94874    0.0129163   0.00248077
      2.95018   0.00954371   0.00217309
      2.95161   0.00857991   0.00237682
      2.95304    0.0126004   0.00323136
      2.95447    0.0106155   0.00362988
      2.95590   0.00657435   0.00278591
      2.95733   0.00936677   0.00240777
      2.95876    0.0103220   0.00242456
      2.96019   0.00884175   0.00232750
      2.96162   0.00707032   0.00233649
      2.96305   0.00791877   0.00227553
      2.96448   0.00830680   0.00217985
      2.96590   0.00899748   0.00222691
      2.96733    0.0125199   0.00265486
      2.96876   0.00795119   0.00364349
      2.97018    0.0135972   0.00486950
      2.97161    0.0241739   0.00572618
      2.97304    0.0226402   0.00490215
      2.97446    0.0124871   0.00439568
      2.97589   0.00985727   0.00368908
      2.97731    0.0120995   0.00286459
      2.97873    0.0129243   0.00297830
      2.98016    0.0158579   0.00332464
      2.98158    0.0134825   0.00295837
      2.98300    0.0122084   0.00236952
      2.98443   0.00961537   0.00222045
      2.98585   0.00827166   0.00202604
      2.98727   0.00849825   0.00200025
      2.98869   0.00889784   0.00196775
      2.99011   0.00888134   0.00199200
      2.99153   0.00875675   0.00197850
      2.99295   0.00633394   0.00216603
      2.99437   0.00545206   0.00222667
      2.99579   0.00700175   0.00241182
      2.99721   0.00793431   0.00260212
      2.99863   0.00689516   0.00268116
      3.00005   0.00653708   0.00226409
      3.00147   0.00673764   0.00195630
      3.00289   0.00828770   0.00194651
      3.00430   0.00647619   0.00213091
      3.00572   0.00722115   0.00279787
      3.00714   0.00844101   0.00286943
      3.00856   0.00701100   0.00276249
      3.00997   0.00781929   0.00233998
      3.01139   0.00676614   0.00201277
      3.01280   0.00687089   0.00194313
      3.01422   0.00704146   0.00205173
      3.01563   0.00631128   0.00196743
      3.01705   0.00762969   0.00208425
      3.01846   0.00730433   0.00259056
      3.01988   0.00457728   0.00282326
      3.02129   0.00567946   0.00308579
      3.02271   0.00879878   0.00332751
      3.02412   0.00960218   0.00261996
      3.02553   0.00854005   0.00199540
      3.02694   0.00791292   0.00190404
      3.02836   0.00569953   0.00194433
      3.02977   0.00595285   0.00196740
      3.03118   0.00790951   0.00207813
      3.03259   0.00935082   0.00253119
      3.03400   0.00573323   0.00266156
      3.03541   0.00701466   0.00247442
      3.03682   0.00892904   0.00298480
      3.03824    0.0126544   0.00366848
      3.03965    0.0141456   0.00314047
      3.04106   0.00985512   0.00282636
      3.04246   0.00554642   0.00240213
      3.04387   0.00640397   0.00208889
      3.04528   0.00774365   0.00222126
      3.04669   0.00978848   0.00244368
      3.04810   0.00763178   0.00236022
      3.04951   0.00223227   0.00253834
      3.05092   0.00265996   0.00278941
      3.05233   0.00727617   0.00306333
      3.05373    0.0102171   0.00381873
      3.05514   0.00364482   0.00399271
      3.05655   0.00266141   0.00346874
      3.05795   0.00667997   0.00256259
      3.05936   0.00682157   0.00216513
      3.06077   0.00592434   0.00189696
      3.06217   0.00583683   0.00212299
      3.06358   0.00649645   0.00231862
      3.06499   0.00409869   0.00225436
      3.06639   0.00571986   0.00222548
      3.06780   0.00843849   0.00229005
      3.06920    0.0109234   0.00226564
      3.07061    0.0108247   0.00237945
      3.07201   0.00645902   0.00266483
      3.07342   0.00529047   0.00268039
      3.07482   0.00608229   0.00230685
      3.07623   0.00841635   0.00187466
      3.07763   0.00747323   0.00177953
      3.07903   0.00813513   0.00181015
      3.08044    0.0110352   0.00200805
      3.08184   0.00607497   0.00263874
      3.08324   0.00525812   0.00302346
      3.08465   0.00750789   0.00257344
      3.08605   0.00938324   0.00235274
      3.08745    0.0119097   0.00220903
      3.08885    0.0113920   0.00210193
      3.09026   0.00865678   0.00228321
      3.09166   0.00579051   0.00219056
      3.09306   0.00728921   0.00227925
      3.09446    0.0114998   0.00265975
      3.09586   0.00560302   0.00285836
      3.09726   0.00368668   0.00279470
      3.09867   0.00619896   0.00254034
      3.10007   0.00653449   0.00234729
      3.10147   0.00495055   0.00192296
      3.10287   0.00553355   0.00188090
      3.10427   0.00836598   0.00220127
      3.10567   0.00808286   0.00304956
      3.10707   0.00408354   0.00341522
      3.10847   0.00689681   0.00251826
      3.10987   0.00727090   0.00246018
      3.11127   0.00766280   0.00271022
      3.11267   0.00780399   0.00275051
      3.11407   0.00771438   0.00229054
      3.11547   0.00389331   0.00252860
      3.11687   0.00329934   0.00231080
      3.11827   0.00867558   0.00188401
      3.11967   0.00839088   0.00166026
      3.12107   0.00818827   0.00162176
      3.12246   0.00914576   0.00162961
      3.12386   0.00864407   0.00171935
      3.12526   0.00716568   0.00207284
      3.12666   0.00813345   0.00258695
      3.12806    0.0112446   0.00337837
      3.12946    0.0102465   0.00295951
      3.13085   0.00867270   0.00205544
      3.13225   0.00857417   0.00175549
      3.13365   0.00849473   0.00162421
      3.13505   0.00890079   0.00157921
      3.13645    0.0100826   0.00154915
      3.13784    0.0106559   0.00162104
      3.13924    0.0116903   0.00204847
      3.14064    0.0100398   0.00232867
      3.14204   0.00991854   0.00210124
      3.14343    0.0104874   0.00184983
      3.14483    0.0104643   0.00187477
      3.14623   0.00960674   0.00241601
      3.14762   0.00870637   0.00254631
      3.14902   0.00778271   0.00209008
      3.15042   0.00902948   0.00171855
      3.15181   0.00986913   0.00168977
      3.15321   0.00932636   0.00161517
      3.15461   0.00968782   0.00176258
      3.15600    0.0110016   0.00196682
      3.15740    0.0124946   0.00202113
      3.15879    0.0128289   0.00180105
      3.16019    0.0122339   0.00173621
      3.16159    0.0120127   0.00162407
      3.16298    0.0118885   0.00155520
      3.16438    0.0135509   0.00147790
      3.16577    0.0136933   0.00153318
      3.16717    0.0123038   0.00161267
      3.16857    0.0125960   0.00156175
      3.16996    0.0136785   0.00150710
      3.17136    0.0115031   0.00152862
      3.17275    0.0114652   0.00164376
      3.17415    0.0120290   0.00175429
      3.17554    0.0112505   0.00174905
      3.17694    0.0108456   0.00165890
      3.17833    0.0110447   0.00157089
      3.17973    0.0122883   0.00151725
      3.18113    0.0131168   0.00167575
      3.18252    0.0139422   0.00179793
      3.18392    0.0125886   0.00190153
      3.18531    0.0113248   0.00177463
      3.18671    0.0156981   0.00163768
      3.18810    0.0171714   0.00160555
      3.18950    0.0149381   0.00169520
      3.19089    0.0167072   0.00227924
      3.19229    0.0177637   0.00296000
      3.19368    0.0168603   0.00235756
      3.19508    0.0161224   0.00192152
      3.19647    0.0167895   0.00207129
      3.19787    0.0181973   0.00290170
      3.19926    0.0214609   0.00316393
      3.20065    0.0226147   0.00284545
      3.20205    0.0199843   0.00344836
      3.20344    0.0207620   0.00311736
      3.20484    0.0215870   0.00283932
      3.20623    0.0224562   0.00355292
      3.20763    0.0249915   0.00398505
      3.20902    0.0196201   0.00510387
      3.21042    0.0171280   0.00528661
      3.21181    0.0205754   0.00465864
      3.21321    0.0229500   0.00365995
      3.21460    0.0219782   0.00306571
      3.21600    0.0181397   0.00286352
      3.21739    0.0161604   0.00274570
      3.21879    0.0224948   0.00236995
      3.22018    0.0253779   0.00272628
      3.22158    0.0240472   0.00376878
      3.22297    0.0186442   0.00494612
      3.22436    0.0142805   0.00546636
      3.22576    0.0211094   0.00377006
      3.22715    0.0232405   0.00286923
      3.22855    0.0165497   0.00354810
      3.22994    0.0204285   0.00503665
      3.23134    0.0214246   0.00355065
      3.23273    0.0211482   0.00226860
      3.23413    0.0229407   0.00171827
      3.23552    0.0218534   0.00168629
      3.23692    0.0196264   0.00175814
      3.23831    0.0203614   0.00216178
      3.23971    0.0245775   0.00238860
      3.24110    0.0259571   0.00226779
      3.24250    0.0249360   0.00226217
      3.24389    0.0245794   0.00312983
      3.24529    0.0248501   0.00374609
      3.24668    0.0268926   0.00422307
      3.24808    0.0284007   0.00384968
      3.24947    0.0272072   0.00277734
      3.25087    0.0261473   0.00197350
      3.25226    0.0255523   0.00167929
      3.25366    0.0247703   0.00161170
      3.25505    0.0262409   0.00156642
      3.25645    0.0257614   0.00172810
      3.25784    0.0266833   0.00201771
      3.25924    0.0267059   0.00304196
      3.26063    0.0227094   0.00430789
      3.26203    0.0227521   0.00370684
      3.26342    0.0250356   0.00240344
      3.26482    0.0263920   0.00197174
      3.26621    0.0264838   0.00203527
      3.26761    0.0267004   0.00233597
      3.26900    0.0346668   0.00327553
      3.27040    0.0385176   0.00436226
      3.27180    0.0341179   0.00282884
      3.27319    0.0293023   0.00200636
      3.27459    0.0289975   0.00160746
      3.27598    0.0285710   0.00160649
      3.27738    0.0283159   0.00198540
      3.27878    0.0301191   0.00260873
      3.28017    0.0339851   0.00226453
      3.28157    0.0347197   0.00173089
      3.28296    0.0324390   0.00158072
      3.28436    0.0310858   0.00157399
      3.28576    0.0305296   0.00149817
      3.28715    0.0304529   0.00150665
      3.28855    0.0326706   0.00164663
      3.28994    0.0336455   0.00174128
      3.29134    0.0336980   0.00197141
      3.29274    0.0402381   0.00225771
      3.29413    0.0398046   0.00269352
      3.29553    0.0442163   0.00327998
      3.29693    0.0356847   0.00383534
      3.29833    0.0322244   0.00414171
      3.29972    0.0356671   0.00301167
      3.30112    0.0392806   0.00228342
      3.30252    0.0401551   0.00204510
      3.30391    0.0354970   0.00210595
      3.30531    0.0310402   0.00199295
      3.30671    0.0334360   0.00206900
      3.30811    0.0349598   0.00223629
      3.30950    0.0366468   0.00238026
      3.31090    0.0354307   0.00299585
      3.31230    0.0486632   0.00599843
      3.31370    0.0586646    0.0195188
      3.31509     0.109844    0.0296327
      3.31649    0.0979123    0.0210931
      3.31789    0.0327073    0.0122110
      3.31929    0.0263091   0.00704510
      3.32069    0.0341461   0.00441775
      3.32208    0.0329743   0.00316457
      3.32348    0.0335153   0.00242551
      3.32488    0.0391957   0.00198333
      3.32628    0.0435778   0.00226484
      3.32768    0.0437530   0.00237829
      3.32908    0.0414411   0.00193822
      3.33048    0.0394111   0.00157230
      3.33188    0.0388794   0.00159139
      3.33327    0.0396704   0.00169337
      3.33467    0.0384911   0.00161925
      3.33607    0.0392546   0.00174883
      3.33747    0.0386386   0.00189342
      3.33887    0.0403727   0.00213291
      3.34027    0.0401743   0.00204435
      3.34167    0.0400914   0.00193637
      3.34307    0.0428936   0.00201158
      3.34447    0.0440443   0.00237805
      3.34587    0.0429952   0.00231578
      3.34727    0.0423698   0.00176313
      3.34867    0.0418890   0.00162049
      3.35007    0.0427364   0.00167905
      3.35147    0.0448774   0.00166748
      3.35287    0.0438290   0.00184472
      3.35427    0.0413780   0.00233529
      3.35567    0.0408251   0.00264511
      3.35707    0.0421060   0.00218444
      3.35847    0.0434867   0.00181563
      3.35988    0.0431198   0.00186627
      3.36128    0.0437892   0.00194147
      3.36268    0.0446938   0.00191737
      3.36408    0.0457590   0.00167748
      3.36548    0.0467124   0.00185516
      3.36688    0.0463519   0.00219066
      3.36828    0.0454486   0.00216770
      3.36969    0.0451500   0.00188836
      3.37109    0.0455515   0.00169688
      3.37249    0.0476061   0.00158291
      3.37389    0.0471116   0.00162324
      3.37530    0.0443107   0.00160693
      3.37670    0.0466587   0.00192329
      3.37810    0.0470365   0.00222861
      3.37950    0.0462552   0.00235877
      3.38091    0.0497685   0.00207453
      3.38231    0.0479248   0.00197035
      3.38371    0.0451114   0.00179517
      3.38512    0.0478847   0.00162359
      3.38652    0.0503660   0.00157394
      3.38792    0.0509698   0.00163111
      3.38933    0.0511695   0.00197812
      3.39073    0.0481769   0.00231551
      3.39213    0.0501211   0.00197913
      3.39354    0.0501513   0.00167152
      3.39494    0.0490329   0.00153164
      3.39635    0.0476727   0.00154617
      3.39775    0.0473207   0.00143288
      3.39916    0.0500759   0.00153354
      3.40056    0.0519819   0.00175695
      3.40196    0.0495183   0.00223647
      3.40337    0.0499113   0.00242652
      3.40477    0.0536031   0.00200563
      3.40618    0.0519448   0.00193807
      3.40759    0.0503544   0.00192962
      3.40899    0.0511546   0.00172664
      3.41040    0.0509950   0.00157448
      3.41180    0.0498600   0.00172263
      3.41321    0.0479606   0.00202534
      3.41461    0.0483266   0.00222682
      3.41602    0.0505601   0.00185346
      3.41743    0.0503577   0.00167507
      3.41883    0.0509940   0.00153178
      3.42024    0.0536078   0.00161393
      3.42165    0.0524402   0.00154528
      3.42305    0.0526468   0.00161788
      3.42446    0.0536436   0.00176862
      3.42587    0.0523202   0.00204136
      3.42727    0.0540433   0.00192834
      3.42868    0.0553042   0.00172404
      3.43009    0.0556515   0.00155704
      3.43150    0.0544849   0.00147825
      3.43290    0.0527463   0.00151065
      3.43431    0.0519966   0.00145358
      3.43572    0.0525387   0.00150604
      3.43713    0.0542085   0.00156457
      3.43854    0.0568888   0.00176215
      3.43995    0.0560008   0.00181803
      3.44135    0.0550091   0.00158404
      3.44276    0.0564697   0.00149077
      3.44417    0.0560998   0.00146026
      3.44558    0.0532393   0.00148487
      3.44699    0.0538030   0.00141844
      3.44840    0.0547293   0.00147123
      3.44981    0.0529196   0.00154920
      3.45122    0.0536086   0.00167648
      3.45263    0.0547269   0.00164249
      3.45404    0.0542149   0.00158327
      3.45545    0.0557212   0.00148994
      3.45686    0.0561921   0.00142698
      3.45827    0.0531206   0.00147133
      3.45968    0.0524269   0.00142988
      3.46109    0.0537162   0.00147968
      3.46250    0.0540973   0.00157990
      3.46391    0.0541712   0.00159391
      3.46532    0.0583794   0.00165797
      3.46673    0.0604198   0.00152425
      3.46815    0.0591877   0.00140946
      3.46956    0.0560188   0.00137369
      3.47097    0.0555952   0.00141954
      3.47238    0.0560274   0.00142353
      3.47379    0.0554092   0.00142881
      3.47520    0.0568277   0.00145858
      3.47662    0.0590120   0.00149140
      3.47803    0.0597829   0.00148762
      3.47944    0.0609497   0.00146302
      3.48085    0.0593437   0.00143996
      3.48227    0.0568099   0.00142864
      3.48368    0.0575286   0.00141003
      3.48509    0.0583949   0.00139832
      3.48651    0.0578152   0.00148812
      3.48792    0.0569521   0.00143610
      3.48933    0.0578104   0.00146786
      3.49075    0.0600260   0.00145227
      3.49216    0.0603139   0.00142933
      3.49357    0.0604275   0.00141454
      3.49499    0.0604803   0.00138445
      3.49640    0.0601890   0.00144315
      3.49782    0.0611312   0.00138353
      3.49923    0.0623879   0.00149473
      3.50065    0.0623329   0.00151570
      3.50206    0.0622065   0.00144302
      3.50348    0.0623250   0.00141078
      3.50489    0.0627746   0.00139120
      3.50631    0.0609655   0.00150846
      3.50772    0.0613422   0.00147917
      3.50914    0.0638333   0.00139425
      3.51055    0.0669390   0.00151929
      3.51197    0.0665519   0.00152393
      3.51339    0.0648734   0.00144644
      3.51480    0.0643615   0.00135718
      3.51622    0.0637252   0.00142152
      3.51763    0.0639393   0.00144124
      3.51905    0.0636852   0.00137944
      3.52047    0.0628930   0.00135632
      3.52188    0.0629115   0.00135717
      3.52330    0.0652961   0.00140760
      3.52472    0.0663682   0.00135662
      3.52614    0.0641635   0.00149292
      3.52755    0.0644846   0.00141740
      3.52897    0.0661098   0.00141701
      3.53039    0.0669230   0.00145306
      3.53181    0.0661358   0.00150055
      3.53323    0.0663752   0.00145071
      3.53464    0.0656846   0.00149877
      3.53606    0.0646812   0.00153801
      3.53748    0.0657020   0.00149465
      3.53890    0.0664696   0.00160453
      3.54032    0.0646646   0.00156389
      3.54174    0.0664333   0.00157880
      3.54316    0.0681754   0.00149010
      3.54457    0.0686765   0.00155721
      3.54599    0.0695140   0.00155288
      3.54741    0.0705337   0.00158853
      3.54883    0.0706212   0.00149541
      3.55025    0.0687900   0.00149938
      3.55167    0.0702328   0.00151848
      3.55309    0.0722315   0.00161536
      3.55451    0.0705076   0.00162008
      3.55593    0.0708814   0.00149312
      3.55735    0.0720280   0.00148389
      3.55877    0.0719625   0.00153899
      3.56019    0.0724110   0.00148316
      3.56161    0.0734007   0.00150438
      3.56304    0.0721419   0.00148967
      3.56446    0.0719323   0.00156693
      3.56588    0.0704694   0.00161552
      3.56730    0.0680862   0.00153602
      3.56872    0.0700261   0.00153183
      3.57014    0.0718900   0.00153703
      3.57156    0.0705924   0.00156271
      3.57299    0.0681320   0.00159630
      3.57441    0.0705632   0.00148602
      3.57583    0.0732809   0.00159642
      3.57725    0.0761365   0.00149633
      3.57867    0.0793967   0.00147097
      3.58010    0.0791939   0.00160200
      3.58152    0.0765072   0.00156983
      3.58294    0.0751823   0.00152071
      3.58436    0.0759451   0.00152554
      3.58579    0.0748338   0.00147914
      3.58721    0.0752786   0.00153175
      3.58863    0.0759903   0.00159058
      3.59006    0.0763310   0.00152531
      3.59148    0.0760276   0.00149778
      3.59290    0.0760799   0.00151575
      3.59433    0.0782517   0.00152954
      3.59575    0.0790934   0.00156645
      3.59718    0.0806238   0.00151857
      3.59860    0.0812241   0.00157503
      3.60002    0.0794853   0.00141892
      3.60145    0.0778996   0.00141896
      3.60287    0.0772004   0.00154488
      3.60430    0.0788523   0.00146474
      3.60572    0.0782728   0.00143542
      3.60715    0.0797672   0.00148175
      3.60857    0.0818693   0.00150347
      3.61000    0.0847902   0.00153776
      3.61142    0.0863900   0.00160020
      3.61285    0.0855154   0.00157193
      3.61427    0.0839217   0.00147146
      3.61570    0.0812980   0.00146169
      3.61712    0.0806530   0.00144192
      3.61855    0.0825540   0.00148825
      3.61997    0.0819281   0.00148653
      3.62140    0.0814314   0.00143029
      3.62283    0.0828299   0.00142285
      3.62425    0.0823958   0.00150076
      3.62568    0.0816073   0.00158151
      3.62710    0.0847300   0.00155528
      3.62853    0.0840849   0.00162332
      3.62996    0.0842494   0.00158009
      3.63138    0.0842847   0.00150491
      3.63281    0.0813932   0.00150408
      3.63424    0.0814737   0.00151758
      3.63566    0.0828632   0.00152509
      3.63709    0.0826658   0.00157510
      3.63852    0.0804116   0.00140373
      3.63995    0.0807255   0.00143817
      3.64137    0.0793989   0.00139168
      3.64280    0.0815866   0.00145844
      3.64423    0.0803864   0.00140594
      3.64566    0.0781604   0.00148865
      3.64708    0.0801419   0.00146381
      3.64851    0.0831847   0.00158204
      3.64994    0.0870837   0.00159697
      3.65137    0.0873637   0.00139929
      3.65280    0.0861163   0.00139744
      3.65422    0.0860364   0.00146982
      3.65565    0.0867095   0.00139872
      3.65708    0.0862175   0.00138898
      3.65851    0.0877519   0.00151209
      3.65994    0.0874785   0.00154289
      3.66137    0.0842584   0.00144917
      3.66279    0.0838983   0.00144642
      3.66422    0.0851545   0.00147133
      3.66565    0.0871247   0.00154135
      3.66708    0.0882282   0.00147256
      3.66851    0.0876352   0.00159080
      3.66994    0.0887183   0.00147822
      3.67137    0.0901672   0.00148883
      3.67280    0.0874527   0.00148351
      3.67423    0.0865362   0.00149717
      3.67565    0.0897450   0.00158174
      3.67708    0.0920268   0.00159058
      3.67851    0.0893285   0.00148041
      3.67994    0.0880942   0.00143937
      3.68137    0.0886221   0.00149297
      3.68280    0.0882789   0.00155106
      3.68423    0.0882157   0.00143002
      3.68566    0.0936230   0.00145081
      3.68709    0.0952411   0.00148044
      3.68852    0.0944632   0.00143028
      3.68995    0.0933265   0.00142264
      3.69138    0.0912460   0.00143398
      3.69281    0.0916212   0.00153726
      3.69424    0.0910977   0.00143724
      3.69567    0.0896197   0.00145732
      3.69710    0.0916880   0.00137609
      3.69853    0.0887460   0.00139835
      3.69996    0.0886123   0.00142281
      3.70139    0.0897141   0.00144683
      3.70282    0.0905567   0.00143008
      3.70425    0.0918901   0.00141336
      3.70569    0.0906647   0.00145280
      3.70712    0.0891307   0.00148185
      3.70855    0.0894349   0.00141966
      3.70998    0.0922807   0.00146671
      3.71141    0.0927260   0.00145957
      3.71284    0.0918348   0.00141391
      3.71427    0.0904186   0.00144503
      3.71570    0.0921419   0.00144301
      3.71713    0.0936346   0.00136084
      3.71856    0.0925168   0.00146142
      3.71999    0.0913167   0.00141025
      3.72142    0.0913355   0.00141318
      3.72286    0.0892967   0.00145221
      3.72429    0.0904981   0.00138245
      3.72572    0.0923917   0.00135856
      3.72715    0.0947270   0.00146376
      3.72858    0.0965841   0.00141378
      3.73001    0.0969131   0.00141353
      3.73144    0.0958025   0.00145401
      3.73287    0.0957581   0.00137199
      3.73430    0.0956898   0.00141288
      3.73574    0.0979718   0.00158334
      3.73717     0.101893   0.00139944
      3.73860     0.105435   0.00158761
      3.74003     0.106378   0.00163190
      3.74146     0.105289   0.00154542
      3.74289     0.103651   0.00152580
      3.74432     0.100203   0.00146806
      3.74576    0.0994033   0.00145960
      3.74719    0.0977402   0.00144361
      3.74862    0.0981944   0.00148867
      3.75005     0.100080   0.00147713
      3.75148    0.0982974   0.00148554
      3.75291    0.0956548   0.00155020
      3.75434    0.0947155   0.00148937
      3.75577    0.0972208   0.00153973
      3.75721    0.0991753   0.00151922
      3.75864    0.0985271   0.00136624
      3.76007    0.0972439   0.00159049
      3.76150    0.0956245   0.00161878
      3.76293    0.0938269   0.00153074
      3.76436    0.0953178   0.00145179
      3.76579    0.0958537   0.00157032
      3.76723    0.0977802   0.00164005
      3.76866    0.0999346   0.00159930
      3.77009     0.100244   0.00155578
      3.77152    0.0989788   0.00150543
      3.77295    0.0986206   0.00160233
      3.77438    0.0991888   0.00160095
      3.77581    0.0979251   0.00155747
      3.77724    0.0970306   0.00141895
      3.77868    0.0971005   0.00146659
      3.78011    0.0974235   0.00145097
      3.78154    0.0975864   0.00163895
      3.78297    0.0971826   0.00155805
      3.78440    0.0989759   0.00158522
      3.78583     0.100556   0.00154320
      3.78726    0.0986953   0.00161163
      3.78869    0.0984503   0.00148154
      3.79012    0.0987012   0.00163416
      3.79155    0.0984999   0.00153186
      3.79298     0.100142   0.00163097
      3.79442     0.100461   0.00153886
      3.79585    0.0994305   0.00158329
      3.79728     0.100097   0.00156331
      3.79871     0.100086   0.00147315
      3.80014     0.101009   0.00155731
      3.80157     0.101747   0.00156677
      3.80300    0.0984893   0.00148927
      3.80443    0.0970782   0.00164675
      3.80586    0.0995518   0.00152400
      3.80729     0.101039   0.00157325
      3.80872     0.100839   0.00155133
      3.81015    0.0999369   0.00162011
      3.81158     0.101485   0.00151616
      3.81301    0.0998927   0.00144887
      3.81444    0.0998488   0.00158993
      3.81587     0.101395   0.00164902
      3.81730     0.101985   0.00156738
      3.81873     0.104445   0.00149860
      3.82016     0.103373   0.00150926
      3.82159     0.102522   0.00157648
      3.82302     0.102885   0.00149957
      3.82445     0.101300   0.00156040
      3.82588     0.100095   0.00153496
      3.82730     0.101120   0.00160847
      3.82873     0.101134   0.00155448
      3.83016     0.102615   0.00151234
      3.83159     0.103018   0.00164586
      3.83302     0.101517   0.00159542
      3.83445     0.101037   0.00166485
      3.83588     0.102723   0.00162274
      3.83731     0.103209   0.00167735
      3.83873     0.102249   0.00144496
      3.84016     0.103128   0.00150499
      3.84159     0.103957   0.00155892
      3.84302     0.101514   0.00154876
      3.84445     0.102182   0.00159338
      3.84587     0.103619   0.00152791
      3.84730     0.103058   0.00169124
      3.84873     0.104677   0.00157708
      3.85016     0.103353   0.00161578
      3.85158     0.100698   0.00158805
      3.85301     0.102482   0.00160151
      3.85444     0.105093   0.00160219
      3.85587     0.106552   0.00166234
      3.85729     0.108461   0.00161364
      3.85872     0.108852   0.00162472
      3.86015     0.104963   0.00169742
      3.86157     0.104498   0.00169912
      3.86300     0.104348   0.00179623
      3.86442     0.104800   0.00167458
      3.86585     0.105496   0.00186306
      3.86728     0.102287   0.00172597
      3.86870     0.101010   0.00169097
      3.87013     0.101173   0.00166218
      3.87155     0.102864   0.00170484
      3.87298     0.103021   0.00175118
      3.87440     0.104829   0.00183600
      3.87583     0.106209   0.00174934
      3.87725     0.105296   0.00185507
      3.87868     0.106535   0.00181179
      3.88010     0.109329   0.00187881
      3.88153     0.108908   0.00159156
      3.88295     0.108361   0.00174884
      3.88437     0.107667   0.00180858
      3.88580     0.107600   0.00183927
      3.88722     0.110676   0.00178788
      3.88864     0.109029   0.00171331
      3.89007     0.104357   0.00179002
      3.89149     0.106663   0.00191812
      3.89291     0.109213   0.00169976
      3.89433     0.108389   0.00176449
      3.89576     0.108738   0.00173045
      3.89718     0.106656   0.00173468
      3.89860     0.107261   0.00178004
      3.90002     0.110842   0.00176952
      3.90144     0.112004   0.00176794
      3.90287     0.109350   0.00193103
      3.90429     0.110856   0.00181321
      3.90571     0.110483   0.00187777
      3.90713     0.105041   0.00192437
      3.90855     0.107069   0.00206463
      3.90997     0.108369   0.00175751
      3.91139     0.110581   0.00176316
      3.91281     0.113583   0.00181988
      3.91423     0.114471   0.00183162
      3.91565     0.112915   0.00177309
      3.91707     0.112034   0.00184327
      3.91849     0.110073   0.00182975
      3.91991     0.113711   0.00194608
      3.92132     0.112535   0.00186985
      3.92274     0.108714   0.00196795
      3.92416     0.109867   0.00188436
      3.92558     0.110215   0.00175336
      3.92700     0.111481   0.00171957
      3.92841     0.112989   0.00170473
      3.92983     0.112414   0.00173621
      3.93125     0.108434   0.00177936
      3.93266     0.109370   0.00175235
      3.93408     0.111390   0.00164747
      3.93550     0.112257   0.00161111
      3.93691     0.109050   0.00181873
      3.93833     0.109323   0.00172450
      3.93974     0.112160   0.00188932
      3.94116     0.114926   0.00178107
      3.94257     0.114348   0.00176060
      3.94399     0.113260   0.00168746
      3.94540     0.114681   0.00170392
      3.94681     0.113606   0.00180766
      3.94823     0.111306   0.00179627
      3.94964     0.107781   0.00171878
      3.95105     0.109006   0.00180411
      3.95247     0.111954   0.00174820
      3.95388     0.114856   0.00166839
      3.95529     0.112674   0.00172598
      3.95670     0.113551   0.00192374
      3.95811     0.111878   0.00174433
      3.95952     0.110145   0.00183836
      3.96094     0.109083   0.00171829
      3.96235     0.109182   0.00172909
      3.96376     0.108405   0.00170223
      3.96517     0.108718   0.00163364
      3.96658     0.107165   0.00175835
      3.96798     0.109836   0.00178496
      3.96939     0.113181   0.00176791
      3.97080     0.113274   0.00176943
      3.97221     0.112489   0.00188558
      3.97362     0.111416   0.00175225
      3.97503     0.110518   0.00171560
      3.97643     0.112240   0.00166541
      3.97784     0.111116   0.00178996
      3.97925     0.110571   0.00175376
      3.98065     0.109401   0.00173984
      3.98206     0.109955   0.00181832
      3.98346     0.108503   0.00199426
      3.98487     0.109353   0.00180949
      3.98627     0.109312   0.00173410
      3.98768     0.108220   0.00185921
      3.98908     0.107603   0.00182044
      3.99049     0.107943   0.00179783
      3.99189     0.111956   0.00177535
      3.99329     0.112935   0.00188057
      3.99470     0.111180   0.00186187
      3.99610     0.109971   0.00183828
      3.99750     0.111996   0.00175621
      3.99890     0.113119   0.00184235
      4.00030     0.113865   0.00184388
      4.00170     0.114357   0.00177856
      4.00310     0.113130   0.00188905
      4.00450     0.112677   0.00180336
      4.00590     0.109753   0.00179130
      4.00730     0.110000   0.00180982
      4.00870     0.110764   0.00203702
      4.01010     0.112622   0.00180369
      4.01150     0.115055   0.00179957
      4.01289     0.115544   0.00186976
      4.01429     0.113086   0.00193315
      4.01569     0.113298   0.00195172
      4.01708     0.114432   0.00186961
      4.01848     0.113160   0.00193332
      4.01987     0.112700   0.00197138
      4.02127     0.112125   0.00187770
      4.02266     0.114065   0.00188908
      4.02406     0.113507   0.00196852
      4.02545     0.113282   0.00212034
      4.02684     0.114710   0.00186835
      4.02824     0.116939   0.00195096
      4.02963     0.116280   0.00195778
      4.03102     0.115992   0.00192920
      4.03241     0.116667   0.00202723
      4.03380     0.115019   0.00205062
      4.03519     0.113510   0.00192537
      4.03658     0.115052   0.00191553
      4.03797     0.115707   0.00195926
      4.03936     0.113810   0.00205580
      4.04075     0.111788   0.00185577
      4.04214     0.109396   0.00223984
      4.04352     0.109801   0.00207656
      4.04491     0.109233   0.00209452
      4.04630     0.109670   0.00220114
      4.04768     0.116044   0.00212600
      4.04907     0.116227   0.00204860
      4.05045     0.119645   0.00204623
      4.05184     0.123270   0.00218661
      4.05322     0.123742   0.00228422
      4.05461     0.125914   0.00218681
      4.05599     0.126905   0.00213330
      4.05737     0.120281   0.00236970
      4.05875     0.115914   0.00198294
      4.06013     0.116633   0.00231134
      4.06151     0.116734   0.00236377
      4.06290     0.117211   0.00194999
      4.06427     0.116970   0.00226087
      4.06565     0.113724   0.00205735
      4.06703     0.112349   0.00224250
      4.06841     0.109476   0.00203809
      4.06979     0.107179   0.00210417
      4.07117     0.109147   0.00205243
      4.07254     0.107135   0.00202453
      4.07392     0.108554   0.00205390
      4.07529     0.108034   0.00221331
      4.07667     0.108738   0.00213892
      4.07804     0.109658   0.00211329
      4.07942     0.105880   0.00210229
      4.08079     0.107154   0.00230033
      4.08216     0.113914   0.00245458
      4.08353     0.114486   0.00209407
      4.08491     0.110228   0.00222946
      4.08628     0.105375   0.00216727
      4.08765     0.104687   0.00229426
      4.08902     0.111110   0.00232183
      4.09038     0.107008   0.00243288
      4.09175     0.105854   0.00238308
      4.09312     0.106516   0.00224275
      4.09449     0.108417   0.00219902
      4.09585     0.112268   0.00227966
      4.09722     0.113961   0.00232152
      4.09859     0.115001   0.00231439
      4.09995     0.112294   0.00257773
      4.10132     0.111724   0.00229924
      4.10268     0.118074   0.00253997
      4.10404     0.118150   0.00226780
      4.10540     0.117369   0.00229182
      4.10676     0.116369   0.00242239
      4.10813     0.112724   0.00259397
      4.10949     0.115424   0.00247874
      4.11085     0.113252   0.00216704
      4.11220     0.113050   0.00228179
      4.11356     0.110394   0.00249683
      4.11492     0.110068   0.00229604
      4.11628     0.114963   0.00231006
      4.11763     0.116306   0.00258182
      4.11899     0.115008   0.00290898
      4.12034     0.116488   0.00221169
      4.12170     0.118545   0.00233165
      4.12305     0.115169   0.00246404
      4.12440     0.114809   0.00265571
      4.12576     0.111448   0.00238110
      4.12711     0.108606   0.00248360
      4.12846     0.107923   0.00253820
      4.12981     0.108219   0.00252263
      4.13116     0.109001   0.00242991
      4.13251     0.110720   0.00249134
      4.13386     0.112778   0.00241182
      4.13520     0.110086   0.00239472
      4.13655     0.109133   0.00262285
      4.13790     0.110424   0.00259403
      4.13924     0.107729   0.00268951
      4.14058     0.104235   0.00271040
      4.14193     0.102079   0.00237353
      4.14327     0.109203   0.00264885
      4.14461     0.115578   0.00266727
      4.14595     0.113594   0.00226884
      4.14730     0.113700   0.00268328
      4.14864     0.112576   0.00288995
      4.14997     0.112694   0.00316510
      4.15131     0.110652   0.00283627
      4.15265     0.108210   0.00249668
      4.15399     0.107132   0.00276781
      4.15532     0.104803   0.00249585
      4.15666     0.107375   0.00269589
      4.15799     0.106944   0.00301607
      4.15933     0.107615   0.00317731
      4.16066     0.103574   0.00291734
      4.16199     0.104706   0.00358496
      4.16332     0.109527   0.00326116
      4.16465     0.110360   0.00340854
      4.16598     0.115026   0.00332340
      4.16731     0.116067   0.00342711
      4.16864     0.112668   0.00365928
      4.16997     0.106869   0.00387026
      4.17129     0.107188   0.00349759
      4.17262     0.104528   0.00427868
      4.17394     0.109999   0.00434994
      4.17527     0.117761   0.00428377
      4.17659     0.113172   0.00446487
      4.17791     0.107627   0.00473647
      4.17923     0.100046   0.00468928
      4.18056     0.100530   0.00535536
      4.18187     0.100777   0.00639438
      4.18319     0.101193   0.00772733
      4.18451    0.0967648    0.0109579
      4.18583     0.117922    0.0167941
      4.18715    0.0990085    0.0236687
      4.18846    0.0232867    0.0520944
      4.18977     0.176912     0.121739
      4.19109     0.543409     0.314438
      4.19240    -0.169762     0.885710
      4.19371     -128.619      1.31332
      4.19502     -79.1974      2.67178
      4.19633      37.0315      1558.66
      4.19764      16.8176      91.2328
      4.19895     -4.86972      1.94719
      4.20026     -51.4319      1.79706
      4.20157     -32.0793      2.26277
      4.20287     -1.15308      5.09738
      4.20418     -41.3491      3.84688
      4.20548     -24.8366      2.27252
      4.20678      1.01754      1.72836
      4.20808     0.524800      1.98612
      4.20938      1.46077      1.83490
      4.21068      3.84160      2.26859
      4.21198      4.32814      5.02082
      4.21328      3.46441      3.65080
      4.21458      1.74091      1.95544
      4.21587     -19.3337      1.98103
      4.21717     -12.2140      19.5963
      4.21846    -0.198279      2.30039
      4.21976      11.3580      21.8770
      4.22105      13.2350      11.1751
      4.22234      13.0345      42.3492
      4.22363     -57.2511      6.33302
      4.22492     -41.2507      2.77053
      4.22621     -2.10107      2.39446
      4.22749     -4.27797      12983.0
      4.22878    -0.948632      3.58745
      4.23007      1.60212      13.0446
      4.23135      2.35334      7.85714
      4.23263      24.8128      1.03371
      4.23392      73.3345      24.5473
      4.23520      38.6174      7.61627
      4.23648      1.73236      1.13754
      4.23776      9.26883      9.73250
      4.23903     -31.2588      15.2280
      4.24031     -21.0272      2.22182
      4.24159      2.09709      2.39567
      4.24286      1.19333      1.32695
      4.24414     -3.17298      13.0127
      4.24541     -9.24463      2.19785
      4.24668     -3.47268      6.04077
      4.24795    -0.314309      2.73990
      4.24922     -20.2045      2.61196
      4.25049     -12.2700      2.49687
      4.25176      0.00000      1.75039
