SOURCE  = RCrA 7B                       / Source name
STANDARD= BS 7254                       / Standard name
OBSDATE = 04-07-2002                    / Date of observation
SPOS    = 19:01:55.0  -36:57:20.5       / Source position RA,DEC,J2000
STPOS   = 19 09 28.34  -37 54 16.1      / Standard position RA,DEC,J2000
STSPT   = A2V                           / Standard spectral type
STTEFF  = 8800                          / Standard effective temperature [K]
STMAG   = 4.1                           / Standard magnitude (adopted)
WAVEZP  = 3.55                          / Wavelength zero point [micron]
FLUXZP  = 290                           / Flux zero point [Jy]
SAIRM   = 1.157                         / Source mean airmass
STAIRM  = 1.081                         / Standard mean airmass
AIRMCORR= 1.07                          / Optimal (adopted) airmass correction
SPECRES = ~1200                         / Spectral resolution

Created by K. M. Pontoppidan             Mon May 19 15:21:20 2003

Wavelength [micron] Flux [Jy] Statistical Error [Jy]

      2.80390      0.00000     0.264924
      2.80536   -0.0210542     0.147925
      2.80682     0.112262     0.138021
      2.80827    0.0909333     0.207285
      2.80973   -0.0641836     0.321516
      2.81118     0.179113     0.341927
      2.81264     0.544339     0.389391
      2.81409     0.350901     0.461326
      2.81554    0.0298361     0.220291
      2.81700    0.0293654    0.0632566
      2.81845  -0.00252980    0.0365362
      2.81990   0.00149285    0.0292094
      2.82135   -0.0219044    0.0241893
      2.82280   -0.0118885    0.0202897
      2.82425    0.0115121    0.0145911
      2.82570   0.00602240    0.0132746
      2.82715   0.00699142    0.0190543
      2.82860   -0.0317512    0.0577600
      2.83004    0.0274433     0.188600
      2.83149     0.196174     0.344979
      2.83294    0.0963328     0.125100
      2.83438   -0.0360431    0.0583764
      2.83583  -0.00892117    0.0309980
      2.83728 -0.000617157    0.0190550
      2.83872   0.00906580    0.0120924
      2.84017   0.00927411   0.00887206
      2.84161  0.000864569    0.0101355
      2.84305   0.00102967    0.0178613
      2.84450    0.0208606    0.0307546
      2.84594    0.0179708    0.0287304
      2.84738    0.0271918    0.0207572
      2.84882    0.0308125    0.0244909
      2.85026    0.0370045    0.0414439
      2.85170    0.0485911    0.0408226
      2.85314    0.0209630    0.0223650
      2.85458    0.0132803    0.0142773
      2.85602    0.0117218    0.0120744
      2.85746  0.000556866    0.0122075
      2.85890  -0.00494759   0.00898611
      2.86034   0.00179091   0.00675157
      2.86177   0.00150558   0.00731467
      2.86321    0.0108753   0.00831731
      2.86465   0.00340896    0.0107354
      2.86608  -0.00361511    0.0126017
      2.86752   0.00706152    0.0129134
      2.86896  -0.00781291    0.0140466
      2.87039   -0.0119229    0.0118783
      2.87183  9.84371e-05   0.00746609
      2.87326  -0.00543571   0.00538414
      2.87469  -0.00152890   0.00556129
      2.87613   0.00510003   0.00662560
      2.87756   0.00293762   0.00614710
      2.87899  0.000674941   0.00551539
      2.88042 -0.000313502   0.00566238
      2.88186   0.00152359   0.00631339
      2.88329  0.000528840   0.00729607
      2.88472  -0.00146204   0.00685971
      2.88615   0.00247751   0.00801415
      2.88758   0.00479472   0.00857258
      2.88901   0.00525713   0.00689483
      2.89044   0.00361610   0.00576934
      2.89187   0.00371745   0.00496245
      2.89329   0.00259959   0.00411189
      2.89472  -0.00241192   0.00374483
      2.89615  -0.00448102   0.00367587
      2.89758  -0.00217729   0.00470481
      2.89901  -0.00159454   0.00734022
      2.90043   0.00494299    0.0106344
      2.90186   0.00626047   0.00953581
      2.90328   0.00619382   0.00899138
      2.90471   0.00522622   0.00807103
      2.90614  0.000650846   0.00650926
      2.90756   0.00117067   0.00522858
      2.90899   0.00102201   0.00429841
      2.91041   0.00279954   0.00408622
      2.91183   0.00217011   0.00398359
      2.91326  0.000216870   0.00477225
      2.91468 -0.000344302   0.00470585
      2.91610  0.000199996   0.00428777
      2.91753  0.000498043   0.00404594
      2.91895  0.000216646   0.00413202
      2.92037   0.00113003   0.00490153
      2.92179   0.00353547   0.00752606
      2.92321   0.00518038   0.00998434
      2.92463   0.00114227   0.00665521
      2.92606  -0.00279542   0.00430211
      2.92748 -0.000956482   0.00357972
      2.92890 -0.000180037   0.00367871
      2.93032 -0.000604627   0.00348695
      2.93174  -0.00151225   0.00317816
      2.93315 -0.000948337   0.00323730
      2.93457  0.000457494   0.00356560
      2.93599 -0.000961924   0.00344817
      2.93741  -0.00230033   0.00389963
      2.93883  -0.00165105   0.00432040
      2.94025  -0.00111288   0.00466734
      2.94166 -0.000705289   0.00441108
      2.94308 -0.000204392   0.00473015
      2.94450  0.000493566   0.00485916
      2.94591   0.00282103   0.00462390
      2.94733   0.00585440   0.00482550
      2.94875   0.00288323   0.00433049
      2.95016 -0.000811558   0.00357783
      2.95158  0.000408371   0.00341562
      2.95299   0.00187772   0.00395090
      2.95441   0.00259611   0.00530358
      2.95582   0.00262401   0.00488927
      2.95724   0.00172472   0.00398875
      2.95865   0.00185113   0.00370289
      2.96007   0.00212223   0.00353651
      2.96148  0.000298579   0.00338570
      2.96289   0.00108966   0.00325812
      2.96431   0.00247806   0.00330348
      2.96572   0.00100110   0.00329978
      2.96713  -0.00153743   0.00346944
      2.96854  -0.00327320   0.00476397
      2.96996  -0.00395251   0.00665807
      2.97137  -0.00188520   0.00887401
      2.97278   0.00136689   0.00928793
      2.97419 -0.000148527   0.00757286
      2.97560 -0.000747452   0.00597524
      2.97701 -3.55815e-05   0.00518057
      2.97843   0.00172947   0.00485292
      2.97984   0.00306593   0.00484074
      2.98125   0.00172635   0.00459612
      2.98266  0.000969815   0.00412294
      2.98407  0.000229601   0.00346272
      2.98548 -0.000419568   0.00287137
      2.98689 -0.000165905   0.00290340
      2.98830  0.000448567   0.00270072
      2.98971   0.00101706   0.00276150
      2.99111  0.000786072   0.00275624
      2.99252  0.000270413   0.00294740
      2.99393  0.000838341   0.00318463
      2.99534 -0.000311136   0.00333346
      2.99675 -0.000343543   0.00364168
      2.99816 -0.000366652   0.00366891
      2.99956 -0.000523664   0.00332634
      3.00097   0.00138201   0.00300955
      3.00238   0.00134056   0.00288960
      3.00379 -0.000167062   0.00312108
      3.00519 -0.000124948   0.00362000
      3.00660  0.000143787   0.00446309
      3.00801   0.00123746   0.00449905
      3.00941   0.00234243   0.00383094
      3.01082   0.00134519   0.00330891
      3.01223 -0.000113901   0.00309019
      3.01363 -0.000725313   0.00289807
      3.01504 -0.000245337   0.00284359
      3.01644 -0.000648936   0.00312277
      3.01785  0.000134236   0.00343328
      3.01926   0.00326753   0.00436981
      3.02066   0.00367995   0.00495374
      3.02207   0.00177566   0.00479282
      3.02347   0.00102194   0.00456347
      3.02488 -0.000394715   0.00352992
      3.02628 -0.000718767   0.00285460
      3.02769  4.78737e-05   0.00290864
      3.02909  0.000523250   0.00292824
      3.03049   0.00140678   0.00297824
      3.03190   0.00178861   0.00342459
      3.03330  -0.00125103   0.00400807
      3.03471 -0.000601750   0.00415629
      3.03611   0.00191582   0.00456602
      3.03751   0.00161853   0.00520160
      3.03892   0.00108367   0.00570722
      3.04032 -0.000327027   0.00515164
      3.04172 -0.000599977   0.00426087
      3.04313 -0.000307454   0.00360136
      3.04453   0.00174951   0.00329196
      3.04593   0.00237359   0.00371431
      3.04733   0.00139465   0.00403621
      3.04874   0.00105423   0.00407148
      3.05014 -0.000361148   0.00433978
      3.05154 -0.000749865   0.00495085
      3.05294   0.00178214   0.00561328
      3.05435   0.00497382   0.00622668
      3.05575   0.00246087   0.00642245
      3.05715  0.000427767   0.00481166
      3.05855   0.00121844   0.00361016
      3.05995  0.000980014   0.00315132
      3.06136   0.00290327   0.00300002
      3.06276   0.00274687   0.00349762
      3.06416  0.000392903   0.00391858
      3.06556   0.00104865   0.00342396
      3.06696   0.00275242   0.00353153
      3.06836   0.00260945   0.00370810
      3.06976   0.00200035   0.00378233
      3.07116   0.00104451   0.00416708
      3.07257   0.00199125   0.00409830
      3.07397  0.000793466   0.00371273
      3.07537 -0.000819755   0.00316276
      3.07677  0.000103448   0.00269421
      3.07817  0.000440384   0.00277948
      3.07957   0.00142182   0.00291589
      3.08097   0.00267087   0.00380519
      3.08237   0.00188056   0.00473604
      3.08377  0.000332169   0.00460088
      3.08517  0.000433762   0.00398482
      3.08657   0.00200394   0.00363318
      3.08797   0.00189282   0.00329951
      3.08937 -0.000465794   0.00353749
      3.09077  0.000982700   0.00360354
      3.09217   0.00289018   0.00383003
      3.09357  0.000193209   0.00396796
      3.09497 -0.000574948   0.00435443
      3.09637   0.00303374   0.00477987
      3.09777  0.000433112   0.00424325
      3.09917  -0.00272534   0.00400194
      3.10057  0.000687076   0.00343569
      3.10197   0.00217470   0.00312187
      3.10337   0.00161366   0.00332140
      3.10477   0.00289307   0.00385367
      3.10617   0.00289514   0.00500625
      3.10757   0.00275486   0.00494688
      3.10897   0.00243112   0.00460727
      3.11037  0.000319292   0.00430908
      3.11176  -0.00107816   0.00443148
      3.11316 -0.000112439   0.00436796
      3.11456  0.000497457   0.00390934
      3.11596   0.00107217   0.00355717
      3.11736   0.00305939   0.00313601
      3.11876   0.00188977   0.00268890
      3.12016  0.000466497   0.00238227
      3.12156  9.30019e-05   0.00236882
      3.12296 -0.000655918   0.00246638
      3.12436 -0.000393772   0.00273202
      3.12576 -4.94024e-05   0.00345563
      3.12715   0.00179588   0.00448670
      3.12855   0.00322120   0.00475995
      3.12995  0.000852995   0.00392805
      3.13135 -8.60520e-05   0.00271880
      3.13275   0.00109688   0.00248573
      3.13415   0.00263905   0.00229226
      3.13555   0.00221111   0.00225950
      3.13695  0.000153030   0.00238773
      3.13835  0.000279154   0.00264899
      3.13974  0.000798555   0.00302297
      3.14114   0.00162902   0.00330521
      3.14254  0.000990228   0.00305238
      3.14394 -0.000666159   0.00272786
      3.14534   0.00114152   0.00308103
      3.14674   0.00114900   0.00352469
      3.14814  -0.00116449   0.00359430
      3.14954 -0.000631983   0.00288156
      3.15094 -5.74558e-05   0.00260806
      3.15233 -0.000291682   0.00256903
      3.15373 -0.000632438   0.00248747
      3.15513  -0.00160554   0.00252084
      3.15653 -0.000140056   0.00272492
      3.15793   0.00130457   0.00272343
      3.15933  0.000535785   0.00262169
      3.16073   0.00166615   0.00238748
      3.16213   0.00150626   0.00230991
      3.16353 -0.000340408   0.00208474
      3.16492 -0.000640070   0.00219028
      3.16632  7.31144e-05   0.00220676
      3.16772  0.000323635   0.00224721
      3.16912 -0.000141647   0.00212732
      3.17052 -0.000291065   0.00229811
      3.17192  4.73557e-06   0.00239537
      3.17332 -0.000182517   0.00239953
      3.17472  0.000299850   0.00241044
      3.17612   0.00111991   0.00242781
      3.17752  0.000451341   0.00222979
      3.17892  0.000491568   0.00220558
      3.18032   0.00141219   0.00235025
      3.18171  0.000748943   0.00247838
      3.18311  2.60373e-05   0.00271417
      3.18451  0.000402923   0.00251781
      3.18591  0.000869955   0.00240270
      3.18731  0.000700066   0.00223311
      3.18871  -0.00102342   0.00236447
      3.19011  -0.00169948   0.00297351
      3.19151  0.000613018   0.00392232
      3.19291   0.00439577   0.00394036
      3.19431   0.00298963   0.00346214
      3.19571  0.000879838   0.00312012
      3.19711 -0.000684989   0.00371484
      3.19851  0.000345813   0.00473125
      3.19991   0.00305169   0.00548979
      3.20131  0.000588921   0.00502631
      3.20271  -0.00214069   0.00536098
      3.20411  -0.00107023   0.00541651
      3.20551   0.00528612   0.00550753
      3.20691   0.00878267   0.00665374
      3.20831   0.00372389   0.00809094
      3.20971 -0.000695508   0.00885149
      3.21111  -0.00113237   0.00878716
      3.21251  -0.00114209   0.00723172
      3.21391  0.000223511   0.00548355
      3.21531  7.96127e-05   0.00492315
      3.21671  0.000157246   0.00438532
      3.21811  -0.00105203   0.00445320
      3.21951 -0.000233270   0.00423828
      3.22091   0.00249449   0.00534679
      3.22232 -0.000902648   0.00784045
      3.22372  -0.00209619   0.00948246
      3.22512   0.00172310   0.00652028
      3.22652 -0.000686160   0.00575064
      3.22792  -0.00147101   0.00519149
      3.22932   0.00137336   0.00652535
      3.23072   0.00623268   0.00618363
      3.23212   0.00513435   0.00398591
      3.23352 -0.000709358   0.00279443
      3.23493 -0.000436422   0.00256465
      3.23633  0.000292072   0.00255550
      3.23773   0.00120456   0.00309270
      3.23913   0.00297380   0.00365423
      3.24053   0.00209180   0.00369621
      3.24193   0.00173719   0.00358352
      3.24334   0.00318119   0.00455816
      3.24474   0.00350213   0.00558685
      3.24614   0.00320608   0.00678428
      3.24754   0.00307686   0.00647381
      3.24894   0.00253140   0.00503757
      3.25035   0.00189423   0.00339067
      3.25175   0.00162315   0.00271216
      3.25315   0.00120229   0.00228990
      3.25455   0.00166535   0.00237780
      3.25596   0.00159120   0.00252911
      3.25736 -0.000837753   0.00283593
      3.25876  -0.00376394   0.00380205
      3.26017  -0.00128993   0.00585683
      3.26157 -0.000989954   0.00669678
      3.26297  -0.00161782   0.00457779
      3.26437  0.000414833   0.00329708
      3.26578  6.00812e-05   0.00316012
      3.26718   0.00222135   0.00358036
      3.26858   0.00255514   0.00453195
      3.26999  0.000607139   0.00544046
      3.27139  0.000621226   0.00502582
      3.27280  0.000891067   0.00342006
      3.27420   0.00106956   0.00265779
      3.27560  0.000844493   0.00252931
      3.27701  0.000679140   0.00277869
      3.27841 -0.000335786   0.00306383
      3.27982  -0.00123690   0.00336277
      3.28122 -0.000363177   0.00320929
      3.28263  0.000443805   0.00241419
      3.28403   0.00244001   0.00219281
      3.28543   0.00276601   0.00209824
      3.28684   0.00114565   0.00209767
      3.28824   0.00127421   0.00227513
      3.28965   0.00124477   0.00248861
      3.29105   0.00159529   0.00276559
      3.29246   0.00180259   0.00329187
      3.29386  0.000878226   0.00403333
      3.29527 -0.000537238   0.00512686
      3.29668  -0.00200421   0.00567457
      3.29808  -0.00221251   0.00641500
      3.29949 -0.000579665   0.00590418
      3.30089   0.00107811   0.00411072
      3.30230   0.00174965   0.00309852
      3.30371   0.00122006   0.00312372
      3.30511  0.000166750   0.00328798
      3.30652   0.00286164   0.00284359
      3.30792   0.00606650   0.00314954
      3.30933   0.00509146   0.00322074
      3.31074   0.00364034   0.00408050
      3.31214   0.00424674   0.00579630
      3.31355  0.000253536    0.0123674
      3.31496   0.00179446    0.0347138
      3.31637    0.0115162    0.0373435
      3.31777   0.00623061    0.0229342
      3.31918   0.00626723    0.0145962
      3.32059   0.00886283    0.0100993
      3.32199   0.00236409   0.00569986
      3.32340   0.00451770   0.00421435
      3.32481   0.00430813   0.00360451
      3.32622   0.00210732   0.00349194
      3.32763   0.00114421   0.00322734
      3.32903   0.00256632   0.00321810
      3.33044   0.00267506   0.00268822
      3.33185  0.000967599   0.00237188
      3.33326   0.00161417   0.00222277
      3.33467   0.00268240   0.00231969
      3.33608   0.00243779   0.00245833
      3.33749   0.00129831   0.00249858
      3.33890   0.00230207   0.00272418
      3.34030   0.00423418   0.00336608
      3.34171   0.00337000   0.00296918
      3.34312   0.00238032   0.00304358
      3.34453   0.00163185   0.00303892
      3.34594  0.000824918   0.00350479
      3.34735  0.000932667   0.00311218
      3.34876   0.00181289   0.00248900
      3.35017   0.00387507   0.00223453
      3.35158   0.00489459   0.00253440
      3.35299   0.00413645   0.00283848
      3.35440   0.00401015   0.00335177
      3.35581   0.00293322   0.00353271
      3.35722   0.00226197   0.00384827
      3.35863   0.00175398   0.00311560
      3.36005   0.00196531   0.00285785
      3.36146   0.00336670   0.00260777
      3.36287   0.00192557   0.00277768
      3.36428   0.00122528   0.00255792
      3.36569   0.00273337   0.00270513
      3.36710   0.00380744   0.00289210
      3.36851   0.00436601   0.00315338
      3.36993   0.00541707   0.00303832
      3.37134   0.00425199   0.00255063
      3.37275   0.00219354   0.00259826
      3.37416   0.00414325   0.00232347
      3.37557   0.00520280   0.00236142
      3.37699   0.00392257   0.00286074
      3.37840   0.00508879   0.00300558
      3.37981   0.00721789   0.00340721
      3.38122   0.00650076   0.00327172
      3.38264   0.00492888   0.00294149
      3.38405   0.00557259   0.00258446
      3.38546   0.00588574   0.00228126
      3.38688   0.00496680   0.00233805
      3.38829   0.00427062   0.00220986
      3.38970   0.00600035   0.00268621
      3.39112   0.00514813   0.00330621
      3.39253   0.00256008   0.00279049
      3.39395   0.00246534   0.00259479
      3.39536   0.00391307   0.00219672
      3.39677   0.00489668   0.00199587
      3.39819   0.00423740   0.00207014
      3.39960   0.00405918   0.00218651
      3.40102   0.00443110   0.00239455
      3.40243   0.00505341   0.00295534
      3.40385   0.00576272   0.00389129
      3.40526   0.00445722   0.00341175
      3.40668   0.00551429   0.00314239
      3.40809   0.00709769   0.00283447
      3.40951   0.00918518   0.00257660
      3.41092    0.0100692   0.00263998
      3.41234   0.00658646   0.00261224
      3.41376   0.00571153   0.00276995
      3.41517   0.00535608   0.00269853
      3.41659   0.00564396   0.00307880
      3.41800   0.00597002   0.00252442
      3.41942   0.00597039   0.00224701
      3.42084   0.00554878   0.00217074
      3.42225   0.00612026   0.00214613
      3.42367   0.00748413   0.00220422
      3.42509   0.00631779   0.00245485
      3.42651   0.00557933   0.00257485
      3.42792   0.00653989   0.00308459
      3.42934   0.00762973   0.00293789
      3.43076   0.00683376   0.00225734
      3.43217   0.00575096   0.00214955
      3.43359   0.00589663   0.00207370
      3.43501   0.00601541   0.00201240
      3.43643   0.00685687   0.00223096
      3.43785   0.00685092   0.00225381
      3.43926   0.00683718   0.00237416
      3.44068   0.00770232   0.00262139
      3.44210   0.00778344   0.00240491
      3.44352   0.00666389   0.00237005
      3.44494   0.00737078   0.00213670
      3.44636   0.00675285   0.00215012
      3.44778   0.00611132   0.00218948
      3.44920   0.00717862   0.00229645
      3.45061   0.00701634   0.00226553
      3.45203   0.00886183   0.00223502
      3.45345   0.00947024   0.00235392
      3.45487   0.00921667   0.00252801
      3.45629   0.00934185   0.00222100
      3.45771   0.00762755   0.00209209
      3.45913   0.00728480   0.00196999
      3.46055   0.00927667   0.00203263
      3.46197    0.0101860   0.00211207
      3.46339   0.00839667   0.00212709
      3.46481   0.00938723   0.00213489
      3.46624    0.0105689   0.00235261
      3.46766   0.00915621   0.00241983
      3.46908   0.00949280   0.00203453
      3.47050    0.0107687   0.00213893
      3.47192   0.00996304   0.00215697
      3.47334   0.00880714   0.00210016
      3.47476   0.00767041   0.00221721
      3.47618   0.00718372   0.00212503
      3.47760   0.00763544   0.00223759
      3.47903   0.00894759   0.00238386
      3.48045    0.0102580   0.00221184
      3.48187   0.00982144   0.00211266
      3.48329    0.0100847   0.00220510
      3.48471    0.0106815   0.00208385
      3.48614    0.0101755   0.00218625
      3.48756    0.0104573   0.00216069
      3.48898    0.0107659   0.00221857
      3.49041   0.00977862   0.00219555
      3.49183    0.0116408   0.00226517
      3.49325    0.0131541   0.00230317
      3.49467    0.0110394   0.00225113
      3.49610    0.0111582   0.00208450
      3.49752    0.0112918   0.00210178
      3.49894    0.0108799   0.00198343
      3.50037    0.0123712   0.00216006
      3.50179    0.0139804   0.00197284
      3.50322    0.0143421   0.00216038
      3.50464    0.0133545   0.00203868
      3.50606    0.0123188   0.00200482
      3.50749    0.0131482   0.00203643
      3.50891    0.0124568   0.00180218
      3.51034    0.0123674   0.00204567
      3.51176    0.0135346   0.00208462
      3.51318    0.0143512   0.00194726
      3.51461    0.0144750   0.00216768
      3.51603    0.0143418   0.00215490
      3.51746    0.0150925   0.00194420
      3.51888    0.0148302   0.00202164
      3.52031    0.0143099   0.00211315
      3.52173    0.0139496   0.00197284
      3.52316    0.0136984   0.00193678
      3.52459    0.0140350   0.00195549
      3.52601    0.0143273   0.00205230
      3.52744    0.0135065   0.00208716
      3.52886    0.0134169   0.00214017
      3.53029    0.0144418   0.00219360
      3.53171    0.0158246   0.00214375
      3.53314    0.0157954   0.00212426
      3.53457    0.0157610   0.00221463
      3.53599    0.0163604   0.00212909
      3.53742    0.0158872   0.00227033
      3.53885    0.0148528   0.00234565
      3.54027    0.0143465   0.00229602
      3.54170    0.0156511   0.00234237
      3.54313    0.0174388   0.00237783
      3.54455    0.0169775   0.00226201
      3.54598    0.0169068   0.00238158
      3.54741    0.0183664   0.00221738
      3.54883    0.0172803   0.00231205
      3.55026    0.0174430   0.00211096
      3.55169    0.0177899   0.00222238
      3.55312    0.0168036   0.00218405
      3.55454    0.0186376   0.00222510
      3.55597    0.0187172   0.00231628
      3.55740    0.0172276   0.00213276
      3.55883    0.0185295   0.00202574
      3.56025    0.0209049   0.00213332
      3.56168    0.0206162   0.00196815
      3.56311    0.0189510   0.00217812
      3.56454    0.0195785   0.00206018
      3.56597    0.0196517   0.00215370
      3.56739    0.0195343   0.00218776
      3.56882    0.0190615   0.00239822
      3.57025    0.0195316   0.00230119
      3.57168    0.0203687   0.00223887
      3.57311    0.0214595   0.00214749
      3.57454    0.0232811   0.00226310
      3.57597    0.0228666   0.00214730
      3.57740    0.0223378   0.00239152
      3.57882    0.0219860   0.00243581
      3.58025    0.0221692   0.00236103
      3.58168    0.0228932   0.00221493
      3.58311    0.0228094   0.00245563
      3.58454    0.0223061   0.00211210
      3.58597    0.0223005   0.00234697
      3.58740    0.0231470   0.00225639
      3.58883    0.0235894   0.00215980
      3.59026    0.0243238   0.00228408
      3.59169    0.0245630   0.00222703
      3.59312    0.0244642   0.00213595
      3.59455    0.0246846   0.00224248
      3.59598    0.0256316   0.00227009
      3.59741    0.0269877   0.00212891
      3.59884    0.0261720   0.00216762
      3.60027    0.0252518   0.00227226
      3.60170    0.0257605   0.00224206
      3.60313    0.0260301   0.00226882
      3.60456    0.0274022   0.00217654
      3.60599    0.0278737   0.00219311
      3.60742    0.0270492   0.00234453
      3.60885    0.0277680   0.00217111
      3.61028    0.0285768   0.00233483
      3.61171    0.0285072   0.00233765
      3.61314    0.0287412   0.00231010
      3.61457    0.0292107   0.00216644
      3.61600    0.0298665   0.00242962
      3.61743    0.0299796   0.00235204
      3.61886    0.0296331   0.00213456
      3.62029    0.0300829   0.00207054
      3.62172    0.0302072   0.00234862
      3.62315    0.0298757   0.00235554
      3.62459    0.0299807   0.00220155
      3.62602    0.0308807   0.00208721
      3.62745    0.0316086   0.00220975
      3.62888    0.0331710   0.00219219
      3.63031    0.0332295   0.00198523
      3.63174    0.0316648   0.00208179
      3.63317    0.0311541   0.00229011
      3.63460    0.0309988   0.00221913
      3.63603    0.0329474   0.00230486
      3.63747    0.0340836   0.00215393
      3.63890    0.0337938   0.00214361
      3.64033    0.0332233   0.00225760
      3.64176    0.0329196   0.00219825
      3.64319    0.0339919   0.00229568
      3.64462    0.0339083   0.00197155
      3.64605    0.0343049   0.00212324
      3.64749    0.0354515   0.00201170
      3.64892    0.0359102   0.00221408
      3.65035    0.0351259   0.00239443
      3.65178    0.0341937   0.00249773
      3.65321    0.0346800   0.00237799
      3.65464    0.0368745   0.00243687
      3.65607    0.0385352   0.00242897
      3.65751    0.0388325   0.00214298
      3.65894    0.0375087   0.00220774
      3.66037    0.0369440   0.00218761
      3.66180    0.0371923   0.00223705
      3.66323    0.0368180   0.00213673
      3.66466    0.0389293   0.00206204
      3.66610    0.0399865   0.00224188
      3.66753    0.0385716   0.00230564
      3.66896    0.0374424   0.00216832
      3.67039    0.0379381   0.00234014
      3.67182    0.0390975   0.00249962
      3.67325    0.0421710   0.00246207
      3.67469    0.0429377   0.00259417
      3.67612    0.0394684   0.00236566
      3.67755    0.0393837   0.00244572
      3.67898    0.0402075   0.00266648
      3.68041    0.0406269   0.00252585
      3.68184    0.0421925   0.00223026
      3.68328    0.0423353   0.00225997
      3.68471    0.0422126   0.00258752
      3.68614    0.0424257   0.00241846
      3.68757    0.0422237   0.00237953
      3.68900    0.0428510   0.00238307
      3.69043    0.0425043   0.00244977
      3.69187    0.0440059   0.00254200
      3.69330    0.0449488   0.00221624
      3.69473    0.0430440   0.00234723
      3.69616    0.0432233   0.00225162
      3.69759    0.0433055   0.00234297
      3.69902    0.0435507   0.00235056
      3.70045    0.0439448   0.00241673
      3.70189    0.0442015   0.00232177
      3.70332    0.0446253   0.00255484
      3.70475    0.0454479   0.00232590
      3.70618    0.0459202   0.00231810
      3.70761    0.0469021   0.00207827
      3.70904    0.0481414   0.00242363
      3.71047    0.0472954   0.00221320
      3.71190    0.0472329   0.00232128
      3.71334    0.0487539   0.00216274
      3.71477    0.0490303   0.00246952
      3.71620    0.0475159   0.00237605
      3.71763    0.0485846   0.00246855
      3.71906    0.0504534   0.00239734
      3.72049    0.0494706   0.00250625
      3.72192    0.0503652   0.00227792
      3.72335    0.0522451   0.00234897
      3.72478    0.0528106   0.00237347
      3.72621    0.0531693   0.00241305
      3.72764    0.0531687   0.00226565
      3.72907    0.0523924   0.00213323
      3.73051    0.0515832   0.00254977
      3.73194    0.0519268   0.00244970
      3.73337    0.0535328   0.00225523
      3.73480    0.0552183   0.00229297
      3.73623    0.0561491   0.00241992
      3.73766    0.0577904   0.00261009
      3.73909    0.0597561   0.00265839
      3.74052    0.0613367   0.00260454
      3.74195    0.0636083   0.00255089
      3.74338    0.0625444   0.00250316
      3.74481    0.0601196   0.00256658
      3.74624    0.0592735   0.00236308
      3.74767    0.0583070   0.00247336
      3.74910    0.0571300   0.00230137
      3.75052    0.0588203   0.00246156
      3.75195    0.0584283   0.00246992
      3.75338    0.0557216   0.00223300
      3.75481    0.0563871   0.00246545
      3.75624    0.0571876   0.00236836
      3.75767    0.0579901   0.00228743
      3.75910    0.0580534   0.00249687
      3.76053    0.0561596   0.00257102
      3.76196    0.0567536   0.00241311
      3.76339    0.0595670   0.00249072
      3.76481    0.0601286   0.00265092
      3.76624    0.0601666   0.00256950
      3.76767    0.0603922   0.00269306
      3.76910    0.0595905   0.00243902
      3.77053    0.0601446   0.00245519
      3.77195    0.0615786   0.00246566
      3.77338    0.0612056   0.00219532
      3.77481    0.0619772   0.00256501
      3.77624    0.0630273   0.00236576
      3.77767    0.0645004   0.00229310
      3.77909    0.0654621   0.00266323
      3.78052    0.0640143   0.00241490
      3.78195    0.0631265   0.00241885
      3.78337    0.0633759   0.00261752
      3.78480    0.0639548   0.00241607
      3.78623    0.0642801   0.00248297
      3.78765    0.0642276   0.00238193
      3.78908    0.0656172   0.00265231
      3.79051    0.0673059   0.00284659
      3.79193    0.0659120   0.00271289
      3.79336    0.0643697   0.00260918
      3.79478    0.0645749   0.00277729
      3.79621    0.0661164   0.00265259
      3.79764    0.0665269   0.00270181
      3.79906    0.0658730   0.00263843
      3.80049    0.0670406   0.00236304
      3.80191    0.0673803   0.00261012
      3.80334    0.0682397   0.00258969
      3.80476    0.0694841   0.00264014
      3.80619    0.0686330   0.00271843
      3.80761    0.0700057   0.00253991
      3.80903    0.0713004   0.00264002
      3.81046    0.0700970   0.00288379
      3.81188    0.0708454   0.00277420
      3.81331    0.0710310   0.00250901
      3.81473    0.0701123   0.00272986
      3.81615    0.0709369   0.00278576
      3.81758    0.0728295   0.00266877
      3.81900    0.0727201   0.00261981
      3.82042    0.0717858   0.00244398
      3.82184    0.0724493   0.00249909
      3.82327    0.0731211   0.00243304
      3.82469    0.0757282   0.00259371
      3.82611    0.0768839   0.00255050
      3.82753    0.0749217   0.00256938
      3.82895    0.0736190   0.00263765
      3.83038    0.0736351   0.00258715
      3.83180    0.0756009   0.00276671
      3.83322    0.0768063   0.00249651
      3.83464    0.0764887   0.00280171
      3.83606    0.0752547   0.00269174
      3.83748    0.0731406   0.00281682
      3.83890    0.0732496   0.00259168
      3.84032    0.0755433   0.00277339
      3.84174    0.0777063   0.00239220
      3.84316    0.0783621   0.00256842
      3.84458    0.0780622   0.00258710
      3.84600    0.0771579   0.00263547
      3.84742    0.0772870   0.00272102
      3.84884    0.0758642   0.00270601
      3.85026    0.0761311   0.00276719
      3.85167    0.0771935   0.00281770
      3.85309    0.0777455   0.00251176
      3.85451    0.0783848   0.00275752
      3.85593    0.0778309   0.00271039
      3.85734    0.0786644   0.00263695
      3.85876    0.0797881   0.00279977
      3.86018    0.0808715   0.00304256
      3.86159    0.0810285   0.00258375
      3.86301    0.0806323   0.00299531
      3.86443    0.0822711   0.00278141
      3.86584    0.0867750   0.00289296
      3.86726    0.0871071   0.00298961
      3.86867    0.0874237   0.00299986
      3.87009    0.0885674   0.00322090
      3.87150    0.0865423   0.00303589
      3.87292    0.0862387   0.00300060
      3.87433    0.0847210   0.00293260
      3.87575    0.0841466   0.00313690
      3.87716    0.0853160   0.00325121
      3.87857    0.0842105   0.00317497
      3.87999    0.0849372   0.00309057
      3.88140    0.0877396   0.00319420
      3.88281    0.0894542   0.00341077
      3.88422    0.0907227   0.00330680
      3.88563    0.0909157   0.00349891
      3.88705    0.0891176   0.00339690
      3.88846    0.0867944   0.00293837
      3.88987    0.0881966   0.00337016
      3.89128    0.0879523   0.00320733
      3.89269    0.0877548   0.00358795
      3.89410    0.0895850   0.00315129
      3.89551    0.0920326   0.00325849
      3.89692    0.0936631   0.00350259
      3.89833    0.0915594   0.00308758
      3.89974    0.0907755   0.00329088
      3.90114    0.0936936   0.00310033
      3.90255    0.0973033   0.00303543
      3.90396    0.0964765   0.00306347
      3.90537    0.0941509   0.00326551
      3.90678    0.0951969   0.00337592
      3.90818    0.0966716   0.00325235
      3.90959    0.0966206   0.00291635
      3.91100    0.0963768   0.00302492
      3.91240    0.0949493   0.00284080
      3.91381    0.0949190   0.00325580
      3.91521    0.0943588   0.00321480
      3.91662    0.0931533   0.00314159
      3.91802    0.0929771   0.00304575
      3.91943    0.0930761   0.00337781
      3.92083    0.0959967   0.00298701
      3.92223    0.0986951   0.00282987
      3.92364    0.0992773   0.00317633
      3.92504    0.0999989   0.00332242
      3.92644     0.100467   0.00344286
      3.92784    0.0969810   0.00336044
      3.92924    0.0960639   0.00319851
      3.93064    0.0974131   0.00316057
      3.93205    0.0963180   0.00325670
      3.93345    0.0960879   0.00328779
      3.93485    0.0963941   0.00306535
      3.93625    0.0972442   0.00330697
      3.93764    0.0981179   0.00321736
      3.93904    0.0962117   0.00318183
      3.94044    0.0951409   0.00306040
      3.94184    0.0978429   0.00293376
      3.94324    0.0990861   0.00313882
      3.94463    0.0972279   0.00301041
      3.94603    0.0955206   0.00310111
      3.94743    0.0982857   0.00315298
      3.94882    0.0998849   0.00323949
      3.95022     0.102201   0.00314191
      3.95161     0.102038   0.00274026
      3.95301    0.0994931   0.00288193
      3.95440     0.100667   0.00274213
      3.95580    0.0996860   0.00306161
      3.95719     0.102110   0.00311227
      3.95858     0.104329   0.00270344
      3.95998     0.103051   0.00303767
      3.96137     0.101938   0.00337439
      3.96276     0.102639   0.00321511
      3.96415     0.103609   0.00287988
      3.96554     0.103172   0.00280832
      3.96693     0.104816   0.00287372
      3.96832     0.107005   0.00302677
      3.96971     0.106495   0.00302487
      3.97110     0.106259   0.00316898
      3.97249     0.104775   0.00304651
      3.97388     0.104324   0.00301106
      3.97527     0.108905   0.00335722
      3.97665     0.110064   0.00331326
      3.97804     0.106447   0.00318216
      3.97942     0.107585   0.00318894
      3.98081     0.109776   0.00315548
      3.98220     0.109230   0.00327803
      3.98358     0.110089   0.00304297
      3.98496     0.110051   0.00331141
      3.98635     0.113937   0.00295850
      3.98773     0.117685   0.00321897
      3.98911     0.115161   0.00324825
      3.99050     0.113865   0.00308401
      3.99188     0.113187   0.00288171
      3.99326     0.113951   0.00329384
      3.99464     0.114845   0.00286283
      3.99602     0.114920   0.00324299
      3.99740     0.114783   0.00330238
      3.99878     0.114150   0.00314381
      4.00016     0.113936   0.00332934
      4.00153     0.114773   0.00347247
      4.00291     0.117902   0.00349387
      4.00429     0.118190   0.00303307
      4.00567     0.115092   0.00325023
      4.00704     0.115354   0.00345378
      4.00842     0.119786   0.00328954
      4.00979     0.122166   0.00353125
      4.01117     0.119748   0.00345281
      4.01254     0.115373   0.00306391
      4.01391     0.116733   0.00354000
      4.01529     0.121332   0.00388693
      4.01666     0.123790   0.00305375
      4.01803     0.122914   0.00278681
      4.01940     0.122443   0.00347499
      4.02077     0.123082   0.00369889
      4.02214     0.123634   0.00336828
      4.02351     0.128908   0.00310184
      4.02488     0.130512   0.00360329
      4.02625     0.127003   0.00339143
      4.02761     0.127043   0.00362334
      4.02898     0.127224   0.00356010
      4.03035     0.126082   0.00350515
      4.03171     0.127961   0.00381077
      4.03308     0.130559   0.00396201
      4.03444     0.128754   0.00372915
      4.03580     0.123278   0.00358437
      4.03717     0.122073   0.00372299
      4.03853     0.125294   0.00405628
      4.03989     0.130402   0.00374963
      4.04125     0.131950   0.00389084
      4.04261     0.128160   0.00408569
      4.04397     0.127023   0.00356861
      4.04533     0.130149   0.00417974
      4.04669     0.134170   0.00400666
      4.04805     0.135025   0.00374384
      4.04941     0.137817   0.00411843
      4.05076     0.145358   0.00435197
      4.05212     0.152799   0.00404955
      4.05348     0.153435   0.00412902
      4.05483     0.149721   0.00424930
      4.05619     0.147265   0.00408260
      4.05754     0.139389   0.00358481
      4.05889     0.134592   0.00378602
      4.06024     0.135135   0.00406112
      4.06160     0.132187   0.00355092
      4.06295     0.128818   0.00394809
      4.06430     0.129499   0.00399871
      4.06565     0.130515   0.00381547
      4.06699     0.128219   0.00376314
      4.06834     0.128979   0.00393161
      4.06969     0.133233   0.00366892
      4.07104     0.138578   0.00399772
      4.07238     0.136013   0.00410481
      4.07373     0.130881   0.00432527
      4.07507     0.133618   0.00376676
      4.07642     0.139402   0.00471443
      4.07776     0.141025   0.00407727
      4.07910     0.139297   0.00471182
      4.08044     0.136675   0.00396711
      4.08178     0.133202   0.00435729
      4.08313     0.135037   0.00441982
      4.08446     0.137675   0.00409794
      4.08580     0.139770   0.00439558
      4.08714     0.142255   0.00436502
      4.08848     0.142305   0.00419344
      4.08982     0.141986   0.00417816
      4.09115     0.139390   0.00447061
      4.09249     0.134953   0.00485306
      4.09382     0.135569   0.00453835
      4.09515     0.137282   0.00451264
      4.09649     0.136979   0.00356179
      4.09782     0.137464   0.00432226
      4.09915     0.140070   0.00498507
      4.10048     0.144649   0.00449319
      4.10181     0.146393   0.00496019
      4.10314     0.144652   0.00420135
      4.10447     0.142792   0.00475519
      4.10579     0.146389   0.00427046
      4.10712     0.147603   0.00469368
      4.10845     0.143831   0.00452976
      4.10977     0.144491   0.00460193
      4.11109     0.145133   0.00470647
      4.11242     0.147173   0.00504380
      4.11374     0.147406   0.00493046
      4.11506     0.145234   0.00499361
      4.11638     0.148528   0.00446171
      4.11770     0.153399   0.00471306
      4.11902     0.148946   0.00498127
      4.12034     0.146602   0.00484680
      4.12166     0.152511   0.00536498
      4.12297     0.152808   0.00483351
      4.12429     0.148198   0.00530106
      4.12560     0.149241   0.00475013
      4.12692     0.151703   0.00506720
      4.12823     0.146049   0.00401745
      4.12954     0.144667   0.00421571
      4.13085     0.148734   0.00435393
      4.13217     0.152837   0.00461396
      4.13347     0.156056   0.00618227
      4.13478     0.156173   0.00499489
      4.13609     0.157520   0.00509614
      4.13740     0.159161   0.00510681
      4.13870     0.159679   0.00563911
      4.14001     0.156543   0.00520504
      4.14131     0.156612   0.00493056
      4.14262     0.156106   0.00524687
      4.14392     0.155270   0.00507094
      4.14522     0.158018   0.00502210
      4.14652     0.161926   0.00554260
      4.14782     0.164323   0.00488446
      4.14912     0.162790   0.00501430
      4.15042     0.160878   0.00554578
      4.15172     0.161688   0.00526865
      4.15301     0.166595   0.00634275
      4.15431     0.167146   0.00558386
      4.15560     0.165323   0.00547293
      4.15689     0.166830   0.00546152
      4.15819     0.167438   0.00666932
      4.15948     0.175515   0.00655833
      4.16077     0.180905   0.00672398
      4.16206     0.177314   0.00698701
      4.16335     0.173893   0.00767542
      4.16463     0.173917   0.00663137
      4.16592     0.175583   0.00733604
      4.16721     0.185147   0.00716475
      4.16849     0.197595   0.00740455
      4.16977     0.195456   0.00835822
      4.17106     0.190874   0.00976451
      4.17234     0.185217   0.00838065
      4.17362     0.188400   0.00849051
      4.17490     0.195193    0.0100983
      4.17618     0.192465    0.0119002
      4.17745     0.190809    0.0126752
      4.17873     0.188569    0.0149245
      4.18001     0.194504    0.0212501
      4.18128     0.223613    0.0312154
      4.18255     0.255571    0.0474896
      4.18383     0.266430    0.0794966
      4.18510     0.210140     0.135033
      4.18637     0.213051     0.306252
      4.18764     0.570322      1.51053
      4.18891      1.43652      1.23517
      4.19017    -0.761269     0.943090
      4.19144      3.12336      6.92630
      4.19270      5.19932      14.7028
      4.19397     -1.26045      1.43399
      4.19523      1.15925      3.11036
      4.19649      2.54258      19.4274
      4.19775     -16.4213      2.86721
      4.19901     -16.4141     0.472115
      4.20027     -11.9088      66.6111
      4.20153     -18.7982      2.87943
      4.20279     -14.7051      5.07934
      4.20404     -9.14265      6.39192
      4.20530     0.767021      1.06390
      4.20655     -5.69762      76.4026
      4.20780     -5.90405      4.68675
      4.20905     -3.84234      2.41937
      4.21030      12.0846      3.75928
      4.21155      13.4203      10.2877
      4.21280     -5.50823      9.35431
      4.21404      2.60885      3.30702
      4.21529      3.84208      1.66893
      4.21653    -0.189492     0.999431
      4.21778     0.541743      1.42094
      4.21902     0.839563      1.76656
      4.22026      1.82112      2.98567
      4.22150      2.22057      1.88256
      4.22274      2.06673      2.26714
      4.22397      2.96121      2.57214
      4.22521      2.75504      1.40025
      4.22644      3.96267      3.00074
      4.22768      1.67824      4.58785
      4.22891     -5.14382      1.79412
      4.23014      7.90485      2014.57
      4.23137      28.3037      31.4618
      4.23260      20.0301      5.27134
      4.23383      0.00000      2.85717
