SOURCE  = RCrA 7A                       / Source name
STANDARD= BS 7254                       / Standard name
OBSDATE = 04-07-2002                    / Date of observation
SPOS    = 19:01:55.0  -36:57:20.5       / Source position RA,DEC,J2000
STPOS   = 19 09 28.34  -37 54 16.1      / Standard position RA,DEC,J2000
STSPT   = A2V                           / Standard spectral type
STTEFF  = 8800                          / Standard effective temperature [K]
STMAG   = 4.1                           / Standard magnitude (adopted)
WAVEZP  = 3.55                          / Wavelength zero point [micron]
FLUXZP  = 290                           / Flux zero point [Jy]
SAIRM   = 1.157                         / Source mean airmass
STAIRM  = 1.081                         / Standard mean airmass
AIRMCORR= 1.01                          / Optimal (adopted) airmass correction
SPECRES = ~1200                         / Spectral resolution

Created by K. M. Pontoppidan             Mon May 19 15:19:07 2003

Wavelength [micron] Flux [Jy] Statistical Error [Jy]

      2.80390      0.00000     0.264947
      2.80536    0.0127620     0.147925
      2.80682    -0.102168     0.138021
      2.80827    -0.150122     0.207286
      2.80973    0.0842790     0.321516
      2.81118   -0.0673696     0.341924
      2.81264    -0.263883     0.389360
      2.81409   -0.0304738     0.461311
      2.81554    0.0457539     0.220290
      2.81700   0.00163961    0.0632566
      2.81845    0.0161988    0.0365362
      2.81990    0.0192418    0.0292094
      2.82135    0.0302863    0.0241893
      2.82280    0.0296780    0.0202897
      2.82425  -0.00237596    0.0145911
      2.82570   0.00117038    0.0132746
      2.82715 -0.000985585    0.0190543
      2.82860    0.0984860    0.0577601
      2.83004    0.0762413     0.188603
      2.83149    -0.194532     0.344974
      2.83294   -0.0150900     0.125100
      2.83438    0.0345812    0.0583764
      2.83583  -0.00981120    0.0309980
      2.83728    0.0162745    0.0190550
      2.83872    0.0180818    0.0120924
      2.84017   0.00214311   0.00887206
      2.84161  -0.00157274    0.0101355
      2.84305   0.00908160    0.0178613
      2.84450    0.0306480    0.0307546
      2.84594  -0.00161490    0.0287304
      2.84738  -0.00778226    0.0207572
      2.84882    0.0125353    0.0244909
      2.85026    0.0397781    0.0414439
      2.85170    0.0548388    0.0408226
      2.85314    0.0323328    0.0223650
      2.85458   -0.0106819    0.0142773
      2.85602   -0.0110236    0.0120744
      2.85746   0.00476600    0.0122075
      2.85890  0.000881942   0.00898611
      2.86034  -0.00353086   0.00675157
      2.86177  -0.00692839   0.00731467
      2.86321   -0.0130809   0.00831731
      2.86465   -0.0223771    0.0107354
      2.86608   -0.0321000    0.0126017
      2.86752   -0.0239840    0.0129134
      2.86896   -0.0135426    0.0140466
      2.87039  -0.00525776    0.0118783
      2.87183  -0.00503332   0.00746609
      2.87326  -0.00336339   0.00538414
      2.87469  -0.00700095   0.00556129
      2.87613  -0.00551902   0.00662560
      2.87756  -0.00369514   0.00614710
      2.87899  -0.00170256   0.00551539
      2.88042  -0.00324337   0.00566238
      2.88186  -0.00630926   0.00631339
      2.88329  -0.00251572   0.00729607
      2.88472  0.000124007   0.00685971
      2.88615 -0.000630838   0.00801415
      2.88758  -0.00732567   0.00857258
      2.88901  -0.00811443   0.00689483
      2.89044  -0.00280550   0.00576934
      2.89187  0.000156492   0.00496245
      2.89329   0.00549618   0.00411189
      2.89472  0.000939372   0.00374483
      2.89615  -0.00151268   0.00367587
      2.89758  -0.00371441   0.00470481
      2.89901  -0.00761884   0.00734022
      2.90043  -0.00801760    0.0106344
      2.90186  -0.00227162   0.00953581
      2.90328   0.00364318   0.00899138
      2.90471   0.00288585   0.00807103
      2.90614 -0.000889901   0.00650926
      2.90756  -0.00773787   0.00522858
      2.90899  -0.00190618   0.00429841
      2.91041   0.00115100   0.00408622
      2.91183   0.00148310   0.00398359
      2.91326  0.000764606   0.00477225
      2.91468 -0.000469286   0.00470585
      2.91610  -0.00333325   0.00428777
      2.91753 -0.000428756   0.00404594
      2.91895   0.00461381   0.00413202
      2.92037   0.00190746   0.00490153
      2.92179  -0.00365809   0.00752606
      2.92321  -0.00776097   0.00998434
      2.92463  -0.00934561   0.00665521
      2.92606  -0.00474838   0.00430211
      2.92748 -0.000587492   0.00357972
      2.92890 -0.000446346   0.00367871
      2.93032  -0.00116624   0.00348695
      2.93174 -0.000627127   0.00317816
      2.93315  -0.00140176   0.00323730
      2.93457  -0.00110353   0.00356560
      2.93599  0.000474710   0.00344817
      2.93741  -0.00229736   0.00389963
      2.93883   0.00102528   0.00432040
      2.94025  5.17166e-05   0.00466734
      2.94166  -0.00367002   0.00441108
      2.94308  -0.00250519   0.00473015
      2.94450  0.000132424   0.00485916
      2.94591  -0.00141668   0.00462390
      2.94733  -0.00159908   0.00482550
      2.94875  -0.00152169   0.00433049
      2.95016  -0.00251923   0.00357783
      2.95158 -0.000679541   0.00341562
      2.95299  -0.00114272   0.00395090
      2.95441  -0.00405457   0.00530358
      2.95582  -0.00225135   0.00488927
      2.95724  0.000230777   0.00398875
      2.95865 -0.000217091   0.00370289
      2.96007   0.00112541   0.00353651
      2.96148   0.00299224   0.00338570
      2.96289 -8.12179e-05   0.00325812
      2.96431  0.000291141   0.00330348
      2.96572   0.00164393   0.00329978
      2.96713 -0.000859625   0.00346944
      2.96854 -0.000886094   0.00476397
      2.96996 -0.000633341   0.00665807
      2.97137 -0.000990395   0.00887401
      2.97278 -0.000464156   0.00928793
      2.97419   0.00893361   0.00757286
      2.97560   0.00748910   0.00597524
      2.97701 -0.000637003   0.00518057
      2.97843  -0.00497790   0.00485292
      2.97984  -0.00271961   0.00484074
      2.98125  -0.00504260   0.00459612
      2.98266  -0.00148348   0.00412294
      2.98407  -0.00180732   0.00346272
      2.98548  -0.00275127   0.00287137
      2.98689  -0.00319776   0.00290340
      2.98830  -0.00169025   0.00270072
      2.98971  -0.00123372   0.00276150
      2.99111  -0.00317513   0.00275624
      2.99252  -0.00317962   0.00294740
      2.99393   0.00144093   0.00318463
      2.99534   0.00271948   0.00333346
      2.99675  -0.00566565   0.00364168
      2.99816  -0.00526857   0.00366891
      2.99956   0.00114452   0.00332634
      3.00097   0.00110946   0.00300955
      3.00238  -0.00138245   0.00288960
      3.00379  -0.00442123   0.00312108
      3.00519  -0.00461954   0.00362000
      3.00660 -0.000817897   0.00446309
      3.00801  -0.00220719   0.00449905
      3.00941  -0.00322795   0.00383094
      3.01082  -0.00117687   0.00330891
      3.01223  -0.00209890   0.00309019
      3.01363  -0.00236277   0.00289807
      3.01504  -0.00209405   0.00284359
      3.01644  -0.00235816   0.00312277
      3.01785  0.000418383   0.00343328
      3.01926  -0.00295864   0.00436981
      3.02066  -0.00215504   0.00495374
      3.02207 -0.000591458   0.00479282
      3.02347  -0.00361525   0.00456347
      3.02488  -0.00177494   0.00352992
      3.02628 -0.000856974   0.00285460
      3.02769  0.000703079   0.00290864
      3.02909 -0.000303912   0.00292824
      3.03049 -0.000414343   0.00297824
      3.03190  -0.00124453   0.00342459
      3.03330   0.00130069   0.00400807
      3.03471 -0.000558452   0.00415629
      3.03611  -0.00555373   0.00456602
      3.03751  -0.00543684   0.00520160
      3.03892  -0.00633596   0.00570722
      3.04032  -0.00194321   0.00515164
      3.04172 -0.000750651   0.00426087
      3.04313  -0.00228839   0.00360136
      3.04453  -0.00330303   0.00329196
      3.04593  -0.00204756   0.00371431
      3.04733  0.000189745   0.00403621
      3.04874  -0.00202172   0.00407148
      3.05014  -0.00418363   0.00433978
      3.05154  -0.00390282   0.00495085
      3.05294  -0.00316053   0.00561328
      3.05435 -0.000297619   0.00622668
      3.05575 -0.000454506   0.00642245
      3.05715  -0.00345681   0.00481166
      3.05855  0.000140938   0.00361016
      3.05995  0.000849062   0.00315132
      3.06136 -0.000543088   0.00300002
      3.06276  -0.00302511   0.00349762
      3.06416  -0.00373686   0.00391858
      3.06556  -0.00299589   0.00342396
      3.06696  -0.00190461   0.00353153
      3.06836 -0.000795814   0.00370810
      3.06976  -0.00211735   0.00378233
      3.07116  -0.00358116   0.00416708
      3.07257  -0.00366741   0.00409830
      3.07397 -0.000617481   0.00371273
      3.07537 -0.000881905   0.00316276
      3.07677  -0.00107187   0.00269421
      3.07817  -0.00119249   0.00277948
      3.07957  -0.00122866   0.00291589
      3.08097 -0.000181354   0.00380519
      3.08237 -0.000193077   0.00473604
      3.08377  -0.00330149   0.00460088
      3.08517  -0.00431694   0.00398482
      3.08657  -0.00427818   0.00363318
      3.08797  -0.00256923   0.00329951
      3.08937  -0.00287385   0.00353749
      3.09077  -0.00356571   0.00360354
      3.09217  -0.00180047   0.00383003
      3.09357  -0.00149272   0.00396796
      3.09497 -0.000864722   0.00435443
      3.09637   0.00238898   0.00477987
      3.09777   0.00210464   0.00424325
      3.09917  -0.00385318   0.00400194
      3.10057  -0.00256816   0.00343569
      3.10197  9.18236e-05   0.00312187
      3.10337   0.00158968   0.00332140
      3.10477   0.00310218   0.00385367
      3.10617   0.00449067   0.00500625
      3.10757  0.000493618   0.00494688
      3.10897  -0.00342449   0.00460727
      3.11037  -0.00773020   0.00430908
      3.11176 -0.000289575   0.00443148
      3.11316   0.00557834   0.00436796
      3.11456   0.00370347   0.00390934
      3.11596  0.000483579   0.00355717
      3.11736  -0.00165082   0.00313601
      3.11876 -0.000599907   0.00268890
      3.12016  -0.00135184   0.00238227
      3.12156 -0.000351569   0.00236882
      3.12296  -0.00208527   0.00246638
      3.12436  -0.00214658   0.00273202
      3.12576  -0.00143937   0.00345563
      3.12715 -0.000233769   0.00448670
      3.12855   0.00200411   0.00475995
      3.12995   0.00118342   0.00392805
      3.13135  -0.00142475   0.00271880
      3.13275  -0.00231156   0.00248573
      3.13415   0.00110509   0.00229226
      3.13555   0.00294869   0.00225950
      3.13695  -0.00105383   0.00238773
      3.13835  -0.00107864   0.00264899
      3.13974  -0.00251363   0.00302297
      3.14114  -0.00416889   0.00330521
      3.14254 -0.000177794   0.00305238
      3.14394  -0.00109305   0.00272786
      3.14534  -0.00186944   0.00308103
      3.14674  -0.00345910   0.00352469
      3.14814  -0.00410269   0.00359430
      3.14954  -0.00288466   0.00288156
      3.15094  -0.00281658   0.00260806
      3.15233  -0.00323488   0.00256903
      3.15373  -0.00148215   0.00248747
      3.15513 -0.000404711   0.00252084
      3.15653  -0.00233777   0.00272492
      3.15793  -0.00136408   0.00272343
      3.15933 -0.000304506   0.00262169
      3.16073  -0.00150229   0.00238748
      3.16213  -0.00200792   0.00230991
      3.16353  -0.00175803   0.00208474
      3.16492 -0.000689401   0.00219028
      3.16632 -0.000450791   0.00220676
      3.16772  -0.00135605   0.00224721
      3.16912  -0.00165053   0.00212732
      3.17052  -0.00105435   0.00229811
      3.17192  -0.00135481   0.00239537
      3.17332 -0.000468600   0.00239953
      3.17472 -0.000520092   0.00241044
      3.17612  -0.00159878   0.00242781
      3.17752  -0.00252510   0.00222979
      3.17892  -0.00245850   0.00220558
      3.18032 -0.000969082   0.00235025
      3.18171 -0.000295023   0.00247838
      3.18311 -0.000414019   0.00271417
      3.18451 -0.000636605   0.00251781
      3.18591 -0.000640864   0.00240270
      3.18731 -0.000903226   0.00223311
      3.18871 -0.000827898   0.00236447
      3.19011 -0.000822215   0.00297351
      3.19151 -0.000223633   0.00392232
      3.19291  -0.00147274   0.00394036
      3.19431  0.000530998   0.00346214
      3.19571 -0.000967730   0.00312012
      3.19711  -0.00121561   0.00371484
      3.19851  -0.00300886   0.00473125
      3.19991  -0.00615672   0.00548979
      3.20131  -0.00537616   0.00502631
      3.20271  -0.00485951   0.00536098
      3.20411  -0.00409385   0.00541651
      3.20551  -0.00345988   0.00550753
      3.20691  -0.00278042   0.00665374
      3.20831  -0.00525082   0.00809094
      3.20971  -0.00752751   0.00885149
      3.21111  -0.00815043   0.00878716
      3.21251  -0.00356227   0.00723172
      3.21391  -0.00307434   0.00548355
      3.21531  0.000959723   0.00492315
      3.21671   0.00264335   0.00438532
      3.21811   0.00292585   0.00445320
      3.21951  -0.00116179   0.00423828
      3.22091  -0.00512099   0.00534679
      3.22232  -0.00575121   0.00784045
      3.22372  -0.00348085   0.00948246
      3.22512  -0.00158886   0.00652028
      3.22652  -0.00373978   0.00575064
      3.22792  -0.00254303   0.00519149
      3.22932  -0.00175918   0.00652535
      3.23072  -0.00181469   0.00618363
      3.23212   0.00379240   0.00398591
      3.23352   0.00455453   0.00279443
      3.23493  -0.00110543   0.00256465
      3.23633  8.75324e-05   0.00255550
      3.23773  0.000713780   0.00309270
      3.23913  -0.00148063   0.00365423
      3.24053  0.000231651   0.00369621
      3.24193   0.00153675   0.00358352
      3.24334  0.000745016   0.00455816
      3.24474 -0.000979416   0.00558685
      3.24614  -0.00223576   0.00678428
      3.24754 -0.000297327   0.00647381
      3.24894 -0.000600177   0.00503757
      3.25035  -0.00111485   0.00339067
      3.25175  -0.00212837   0.00271216
      3.25315 -0.000406186   0.00228990
      3.25455  0.000316054   0.00237780
      3.25596  0.000207257   0.00252911
      3.25736   0.00141365   0.00283593
      3.25876   0.00328852   0.00380205
      3.26017  -0.00168635   0.00585683
      3.26157  -0.00785882   0.00669678
      3.26297 -0.000325149   0.00457779
      3.26437   0.00161847   0.00329708
      3.26578   0.00308854   0.00316012
      3.26718   0.00314861   0.00358036
      3.26858   0.00398397   0.00453195
      3.26999  -0.00161264   0.00544046
      3.27139  -0.00159046   0.00502582
      3.27280   0.00149018   0.00342006
      3.27420   0.00191626   0.00265779
      3.27560   0.00485431   0.00252931
      3.27701   0.00715348   0.00277869
      3.27841   0.00574999   0.00306383
      3.27982   0.00433283   0.00336277
      3.28122   0.00275790   0.00320929
      3.28263   0.00427726   0.00241419
      3.28403   0.00518273   0.00219281
      3.28543   0.00325442   0.00209824
      3.28684   0.00368910   0.00209767
      3.28824   0.00386512   0.00227513
      3.28965   0.00463741   0.00248861
      3.29105   0.00707138   0.00276559
      3.29246   0.00495711   0.00329187
      3.29386  -0.00179487   0.00403333
      3.29527  -0.00292303   0.00512686
      3.29668  0.000167679   0.00567457
      3.29808   0.00485628   0.00641500
      3.29949   0.00665204   0.00590418
      3.30089   0.00392522   0.00411072
      3.30230   0.00177035   0.00309852
      3.30371   0.00342215   0.00312372
      3.30511   0.00208465   0.00328798
      3.30652   0.00329510   0.00284359
      3.30792   0.00307912   0.00314954
      3.30933  0.000175221   0.00322074
      3.31074   0.00100362   0.00408050
      3.31214   0.00814701   0.00579630
      3.31355    0.0103855    0.0123674
      3.31496    0.0116182    0.0347138
      3.31637    0.0336242    0.0373436
      3.31777    0.0250162    0.0229342
      3.31918    0.0194314    0.0145962
      3.32059    0.0129748    0.0100993
      3.32199   0.00746638   0.00569986
      3.32340   0.00372949   0.00421435
      3.32481  0.000565334   0.00360451
      3.32622   0.00718606   0.00349194
      3.32763   0.00524213   0.00322734
      3.32903   0.00847944   0.00321810
      3.33044   0.00729875   0.00268822
      3.33185   0.00676033   0.00237188
      3.33326   0.00474673   0.00222277
      3.33467   0.00547935   0.00231969
      3.33608   0.00641411   0.00245833
      3.33749   0.00454732   0.00249858
      3.33890   0.00501623   0.00272418
      3.34030   0.00709128   0.00336608
      3.34171   0.00678883   0.00296918
      3.34312   0.00866056   0.00304358
      3.34453   0.00762611   0.00303892
      3.34594   0.00665139   0.00350479
      3.34735    0.0118150   0.00311218
      3.34876    0.0150599   0.00248900
      3.35017    0.0106522   0.00223453
      3.35158   0.00678873   0.00253440
      3.35299   0.00885022   0.00283848
      3.35440    0.0107229   0.00335177
      3.35581    0.0103784   0.00353271
      3.35722    0.0108980   0.00384827
      3.35863   0.00670689   0.00311560
      3.36005   0.00296471   0.00285785
      3.36146    0.0127846   0.00260777
      3.36287    0.0204466   0.00277768
      3.36428    0.0191801   0.00255792
      3.36569    0.0167529   0.00270513
      3.36710    0.0120911   0.00289210
      3.36851    0.0137399   0.00315338
      3.36993    0.0161710   0.00303832
      3.37134    0.0121355   0.00255063
      3.37275    0.0117794   0.00259826
      3.37416    0.0108964   0.00232347
      3.37557    0.0122356   0.00236142
      3.37699    0.0152986   0.00286074
      3.37840    0.0152060   0.00300558
      3.37981    0.0167194   0.00340721
      3.38122    0.0195471   0.00327172
      3.38264    0.0167799   0.00294149
      3.38405    0.0140608   0.00258446
      3.38546    0.0174855   0.00228126
      3.38688    0.0177693   0.00233805
      3.38829    0.0137071   0.00220986
      3.38970    0.0105185   0.00268621
      3.39112    0.0120086   0.00330621
      3.39253    0.0146785   0.00279049
      3.39395    0.0131292   0.00259479
      3.39536    0.0145011   0.00219672
      3.39677    0.0155096   0.00199587
      3.39819    0.0158521   0.00207014
      3.39960    0.0131803   0.00218651
      3.40102    0.0159184   0.00239455
      3.40243    0.0173495   0.00295534
      3.40385    0.0125061   0.00389130
      3.40526    0.0144590   0.00341175
      3.40668    0.0223204   0.00314239
      3.40809    0.0269480   0.00283448
      3.40951    0.0230220   0.00257660
      3.41092    0.0154510   0.00263998
      3.41234    0.0123305   0.00261224
      3.41376   0.00777178   0.00276995
      3.41517    0.0125410   0.00269853
      3.41659    0.0187971   0.00307880
      3.41800    0.0129313   0.00252442
      3.41942    0.0171501   0.00224701
      3.42084    0.0202833   0.00217074
      3.42225    0.0198365   0.00214614
      3.42367    0.0130851   0.00220422
      3.42509    0.0126524   0.00245485
      3.42651    0.0135116   0.00257485
      3.42792    0.0139151   0.00308459
      3.42934    0.0160968   0.00293789
      3.43076    0.0171280   0.00225734
      3.43217    0.0161563   0.00214955
      3.43359    0.0163094   0.00207370
      3.43501    0.0175151   0.00201240
      3.43643    0.0192827   0.00223096
      3.43785    0.0194966   0.00225381
      3.43926    0.0179655   0.00237416
      3.44068    0.0187808   0.00262139
      3.44210    0.0177120   0.00240491
      3.44352    0.0153076   0.00237005
      3.44494    0.0171383   0.00213670
      3.44636    0.0196653   0.00215012
      3.44778    0.0191767   0.00218948
      3.44920    0.0206211   0.00229645
      3.45061    0.0207794   0.00226553
      3.45203    0.0184638   0.00223502
      3.45345    0.0175880   0.00235392
      3.45487    0.0207721   0.00252801
      3.45629    0.0199081   0.00222100
      3.45771    0.0197138   0.00209209
      3.45913    0.0187364   0.00196999
      3.46055    0.0197368   0.00203263
      3.46197    0.0202218   0.00211207
      3.46339    0.0239779   0.00212709
      3.46481    0.0215586   0.00213489
      3.46624    0.0189127   0.00235262
      3.46766    0.0237700   0.00241983
      3.46908    0.0246770   0.00203453
      3.47050    0.0243670   0.00213893
      3.47192    0.0236003   0.00215697
      3.47334    0.0225377   0.00210016
      3.47476    0.0228428   0.00221721
      3.47618    0.0206020   0.00212503
      3.47760    0.0209575   0.00223759
      3.47903    0.0228063   0.00238386
      3.48045    0.0251835   0.00221185
      3.48187    0.0241652   0.00211266
      3.48329    0.0259574   0.00220510
      3.48471    0.0240943   0.00208385
      3.48614    0.0222229   0.00218625
      3.48756    0.0245244   0.00216070
      3.48898    0.0265207   0.00221857
      3.49041    0.0277018   0.00219555
      3.49183    0.0268887   0.00226517
      3.49325    0.0239876   0.00230317
      3.49467    0.0250209   0.00225113
      3.49610    0.0273905   0.00208451
      3.49752    0.0275177   0.00210178
      3.49894    0.0267325   0.00198343
      3.50037    0.0244487   0.00216006
      3.50179    0.0244804   0.00197284
      3.50322    0.0288521   0.00216038
      3.50464    0.0307030   0.00203868
      3.50606    0.0287818   0.00200482
      3.50749    0.0280691   0.00203644
      3.50891    0.0266854   0.00180218
      3.51034    0.0276905   0.00204567
      3.51176    0.0261891   0.00208462
      3.51318    0.0277981   0.00194726
      3.51461    0.0319923   0.00216768
      3.51603    0.0287357   0.00215490
      3.51746    0.0282065   0.00194420
      3.51888    0.0279886   0.00202164
      3.52031    0.0290113   0.00211315
      3.52173    0.0283406   0.00197284
      3.52316    0.0297957   0.00193678
      3.52459    0.0290566   0.00195549
      3.52601    0.0316636   0.00205230
      3.52744    0.0329163   0.00208716
      3.52886    0.0305354   0.00214017
      3.53029    0.0302223   0.00219360
      3.53171    0.0329726   0.00214375
      3.53314    0.0341760   0.00212426
      3.53457    0.0341567   0.00221463
      3.53599    0.0331790   0.00212909
      3.53742    0.0313219   0.00227033
      3.53885    0.0310908   0.00234565
      3.54027    0.0317804   0.00229602
      3.54170    0.0317944   0.00234237
      3.54313    0.0336164   0.00237783
      3.54455    0.0345919   0.00226202
      3.54598    0.0335993   0.00238158
      3.54741    0.0374488   0.00221738
      3.54883    0.0406818   0.00231205
      3.55026    0.0379166   0.00211096
      3.55169    0.0380297   0.00222238
      3.55312    0.0393463   0.00218405
      3.55454    0.0353458   0.00222510
      3.55597    0.0366415   0.00231628
      3.55740    0.0396393   0.00213276
      3.55883    0.0380434   0.00202574
      3.56025    0.0367956   0.00213332
      3.56168    0.0390213   0.00196815
      3.56311    0.0402501   0.00217812
      3.56454    0.0400958   0.00206019
      3.56597    0.0388771   0.00215370
      3.56739    0.0373512   0.00218777
      3.56882    0.0402473   0.00239823
      3.57025    0.0436722   0.00230119
      3.57168    0.0437233   0.00223888
      3.57311    0.0406356   0.00214749
      3.57454    0.0438136   0.00226310
      3.57597    0.0457104   0.00214730
      3.57740    0.0431165   0.00239152
      3.57882    0.0420716   0.00243581
      3.58025    0.0430008   0.00236103
      3.58168    0.0436385   0.00221493
      3.58311    0.0413974   0.00245563
      3.58454    0.0397998   0.00211210
      3.58597    0.0416543   0.00234697
      3.58740    0.0436132   0.00225639
      3.58883    0.0450910   0.00215980
      3.59026    0.0441749   0.00228408
      3.59169    0.0437904   0.00222703
      3.59312    0.0449088   0.00213595
      3.59455    0.0421936   0.00224248
      3.59598    0.0435561   0.00227010
      3.59741    0.0455039   0.00212891
      3.59884    0.0477682   0.00216762
      3.60027    0.0484342   0.00227226
      3.60170    0.0485272   0.00224206
      3.60313    0.0501496   0.00226882
      3.60456    0.0484661   0.00217655
      3.60599    0.0469890   0.00219312
      3.60742    0.0476627   0.00234453
      3.60885    0.0509336   0.00217111
      3.61028    0.0510179   0.00233483
      3.61171    0.0445832   0.00233765
      3.61314    0.0464757   0.00231010
      3.61457    0.0486382   0.00216644
      3.61600    0.0493133   0.00242962
      3.61743    0.0511690   0.00235205
      3.61886    0.0519803   0.00213456
      3.62029    0.0514952   0.00207054
      3.62172    0.0482964   0.00234863
      3.62315    0.0502880   0.00235555
      3.62459    0.0514933   0.00220155
      3.62602    0.0534106   0.00208721
      3.62745    0.0543160   0.00220975
      3.62888    0.0512226   0.00219219
      3.63031    0.0499649   0.00198523
      3.63174    0.0541754   0.00208180
      3.63317    0.0567562   0.00229012
      3.63460    0.0552174   0.00221913
      3.63603    0.0551315   0.00230486
      3.63747    0.0552175   0.00215393
      3.63890    0.0555430   0.00214361
      3.64033    0.0554779   0.00225760
      3.64176    0.0554217   0.00219826
      3.64319    0.0568735   0.00229568
      3.64462    0.0563890   0.00197156
      3.64605    0.0554285   0.00212325
      3.64749    0.0561134   0.00201171
      3.64892    0.0566343   0.00221408
      3.65035    0.0546606   0.00239443
      3.65178    0.0554873   0.00249773
      3.65321    0.0569161   0.00237799
      3.65464    0.0596623   0.00243687
      3.65607    0.0577524   0.00242897
      3.65751    0.0573752   0.00214298
      3.65894    0.0588691   0.00220775
      3.66037    0.0618070   0.00218761
      3.66180    0.0588609   0.00223705
      3.66323    0.0595137   0.00213673
      3.66466    0.0634321   0.00206204
      3.66610    0.0632977   0.00224189
      3.66753    0.0608369   0.00230564
      3.66896    0.0606034   0.00216832
      3.67039    0.0602154   0.00234015
      3.67182    0.0611132   0.00249963
      3.67325    0.0595808   0.00246207
      3.67469    0.0603003   0.00259417
      3.67612    0.0613558   0.00236566
      3.67755    0.0630096   0.00244573
      3.67898    0.0670769   0.00266649
      3.68041    0.0693934   0.00252586
      3.68184    0.0687927   0.00223027
      3.68328    0.0672425   0.00225997
      3.68471    0.0662154   0.00258752
      3.68614    0.0665595   0.00241847
      3.68757    0.0665073   0.00237954
      3.68900    0.0660293   0.00238308
      3.69043    0.0655608   0.00244978
      3.69187    0.0685733   0.00254201
      3.69330    0.0672274   0.00221624
      3.69473    0.0691250   0.00234724
      3.69616    0.0689504   0.00225163
      3.69759    0.0679410   0.00234298
      3.69902    0.0681198   0.00235056
      3.70045    0.0697726   0.00241673
      3.70189    0.0718677   0.00232178
      3.70332    0.0687958   0.00255485
      3.70475    0.0692490   0.00232591
      3.70618    0.0731811   0.00231810
      3.70761    0.0718711   0.00207827
      3.70904    0.0674749   0.00242364
      3.71047    0.0681732   0.00221320
      3.71190    0.0724659   0.00232129
      3.71334    0.0758385   0.00216274
      3.71477    0.0719954   0.00246953
      3.71620    0.0726728   0.00237606
      3.71763    0.0759794   0.00246855
      3.71906    0.0761938   0.00239734
      3.72049    0.0737931   0.00250625
      3.72192    0.0776095   0.00227793
      3.72335    0.0780895   0.00234898
      3.72478    0.0771237   0.00237348
      3.72621    0.0796298   0.00241305
      3.72764    0.0787333   0.00226566
      3.72907    0.0793698   0.00213323
      3.73051    0.0809433   0.00254978
      3.73194    0.0817684   0.00244971
      3.73337    0.0805952   0.00225523
      3.73480    0.0808783   0.00229298
      3.73623    0.0808555   0.00241992
      3.73766    0.0830546   0.00261009
      3.73909    0.0879950   0.00265840
      3.74052    0.0906499   0.00260455
      3.74195    0.0901690   0.00255089
      3.74338    0.0879313   0.00250317
      3.74481    0.0864621   0.00256659
      3.74624    0.0844153   0.00236308
      3.74767    0.0783273   0.00247336
      3.74910    0.0751040   0.00230138
      3.75052    0.0802361   0.00246156
      3.75195    0.0828471   0.00246992
      3.75338    0.0835517   0.00223301
      3.75481    0.0849268   0.00246546
      3.75624    0.0828347   0.00236837
      3.75767    0.0808714   0.00228744
      3.75910    0.0846111   0.00249687
      3.76053    0.0838776   0.00257102
      3.76196    0.0837782   0.00241312
      3.76339    0.0854517   0.00249073
      3.76481    0.0845762   0.00265092
      3.76624    0.0852996   0.00256950
      3.76767    0.0837203   0.00269306
      3.76910    0.0830390   0.00243902
      3.77053    0.0845345   0.00245520
      3.77195    0.0836426   0.00246566
      3.77338    0.0822847   0.00219533
      3.77481    0.0851018   0.00256501
      3.77624    0.0871798   0.00236577
      3.77767    0.0879983   0.00229311
      3.77909    0.0864589   0.00266324
      3.78052    0.0863459   0.00241491
      3.78195    0.0865604   0.00241886
      3.78337    0.0868041   0.00261752
      3.78480    0.0880001   0.00241607
      3.78623    0.0885632   0.00248298
      3.78765    0.0873845   0.00238193
      3.78908    0.0894464   0.00265231
      3.79051    0.0909943   0.00284660
      3.79193    0.0912664   0.00271289
      3.79336    0.0882830   0.00260919
      3.79478    0.0905949   0.00277729
      3.79621    0.0933115   0.00265259
      3.79764    0.0938525   0.00270182
      3.79906    0.0917067   0.00263844
      3.80049    0.0888821   0.00236305
      3.80191    0.0867289   0.00261013
      3.80334    0.0883272   0.00258969
      3.80476    0.0933639   0.00264015
      3.80619    0.0953664   0.00271843
      3.80761    0.0948904   0.00253992
      3.80903    0.0934069   0.00264002
      3.81046    0.0923811   0.00288379
      3.81188    0.0953552   0.00277421
      3.81331    0.0912270   0.00250902
      3.81473    0.0934720   0.00272987
      3.81615    0.0939603   0.00278577
      3.81758    0.0956979   0.00266877
      3.81900    0.0986812   0.00261982
      3.82042    0.0954110   0.00244399
      3.82184    0.0952184   0.00249910
      3.82327    0.0960768   0.00243304
      3.82469    0.0974449   0.00259371
      3.82611    0.0941858   0.00255051
      3.82753    0.0948336   0.00256939
      3.82895    0.0944049   0.00263765
      3.83038    0.0968489   0.00258716
      3.83180    0.0969403   0.00276671
      3.83322    0.0992792   0.00249652
      3.83464    0.0974031   0.00280172
      3.83606    0.0978095   0.00269174
      3.83748     0.103462   0.00281683
      3.83890    0.0993661   0.00259168
      3.84032    0.0969200   0.00277339
      3.84174     0.101490   0.00239222
      3.84316     0.100177   0.00256843
      3.84458    0.0967994   0.00258710
      3.84600     0.102006   0.00263547
      3.84742     0.100890   0.00272102
      3.84884     0.100099   0.00270602
      3.85026     0.100862   0.00276720
      3.85167    0.0988650   0.00281770
      3.85309    0.0984999   0.00251177
      3.85451    0.0995779   0.00275753
      3.85593     0.103881   0.00271039
      3.85734     0.105180   0.00263696
      3.85876     0.109107   0.00279978
      3.86018     0.104913   0.00304257
      3.86159     0.103384   0.00258376
      3.86301     0.106512   0.00299531
      3.86443     0.109604   0.00278142
      3.86584     0.105352   0.00289296
      3.86726     0.104992   0.00298961
      3.86867     0.107137   0.00299987
      3.87009     0.104414   0.00322090
      3.87150     0.100656   0.00303589
      3.87292     0.104476   0.00300060
      3.87433     0.106777   0.00293260
      3.87575     0.106757   0.00313690
      3.87716     0.109722   0.00325122
      3.87857     0.106270   0.00317497
      3.87999     0.107476   0.00309057
      3.88140     0.105410   0.00319421
      3.88281     0.105467   0.00341077
      3.88422     0.113796   0.00330679
      3.88563     0.117647   0.00349892
      3.88705     0.114787   0.00339691
      3.88846     0.116773   0.00293837
      3.88987     0.120232   0.00337017
      3.89128     0.115248   0.00320734
      3.89269     0.111413   0.00358796
      3.89410     0.113631   0.00315130
      3.89551     0.114796   0.00325849
      3.89692     0.115256   0.00350259
      3.89833     0.114370   0.00308758
      3.89974     0.117206   0.00329090
      3.90114     0.116838   0.00310033
      3.90255     0.114859   0.00303543
      3.90396     0.112594   0.00306348
      3.90537     0.118349   0.00326552
      3.90678     0.119322   0.00337592
      3.90818     0.120693   0.00325235
      3.90959     0.116173   0.00291635
      3.91100     0.117553   0.00302492
      3.91240     0.117504   0.00284080
      3.91381     0.117418   0.00325580
      3.91521     0.115092   0.00321481
      3.91662     0.112435   0.00314159
      3.91802     0.109792   0.00304576
      3.91943     0.112741   0.00337782
      3.92083     0.117899   0.00298701
      3.92223     0.120395   0.00282986
      3.92364     0.119714   0.00317633
      3.92504     0.121581   0.00332242
      3.92644     0.122335   0.00344287
      3.92784     0.120088   0.00336045
      3.92924     0.123698   0.00319851
      3.93064     0.122585   0.00316058
      3.93205     0.122316   0.00325671
      3.93345     0.122388   0.00328780
      3.93485     0.116795   0.00306536
      3.93625     0.115870   0.00330697
      3.93764     0.116971   0.00321737
      3.93904     0.117820   0.00318184
      3.94044     0.119471   0.00306041
      3.94184     0.116975   0.00293377
      3.94324     0.120497   0.00313881
      3.94463     0.123961   0.00301040
      3.94603     0.126646   0.00310112
      3.94743     0.128873   0.00315299
      3.94882     0.127803   0.00323951
      3.95022     0.127653   0.00314191
      3.95161     0.123995   0.00274026
      3.95301     0.120848   0.00288193
      3.95440     0.117932   0.00274214
      3.95580     0.118474   0.00306161
      3.95719     0.119619   0.00311226
      3.95858     0.122765   0.00270345
      3.95998     0.126186   0.00303768
      3.96137     0.121282   0.00337439
      3.96276     0.124238   0.00321511
      3.96415     0.127333   0.00287987
      3.96554     0.124434   0.00280833
      3.96693     0.124820   0.00287372
      3.96832     0.126401   0.00302677
      3.96971     0.127726   0.00302487
      3.97110     0.127808   0.00316898
      3.97249     0.128172   0.00304652
      3.97388     0.125447   0.00301106
      3.97527     0.125327   0.00335721
      3.97665     0.128834   0.00331325
      3.97804     0.130231   0.00318216
      3.97942     0.131052   0.00318894
      3.98081     0.130280   0.00315547
      3.98220     0.132075   0.00327804
      3.98358     0.126626   0.00304297
      3.98496     0.125117   0.00331141
      3.98635     0.128236   0.00295848
      3.98773     0.128060   0.00321895
      3.98911     0.134667   0.00324825
      3.99050     0.131702   0.00308402
      3.99188     0.131465   0.00288172
      3.99326     0.134401   0.00329384
      3.99464     0.133225   0.00286281
      3.99602     0.131259   0.00324299
      3.99740     0.131207   0.00330237
      3.99878     0.134917   0.00314380
      4.00016     0.134025   0.00332934
      4.00153     0.130134   0.00347247
      4.00291     0.131634   0.00349385
      4.00429     0.131896   0.00303307
      4.00567     0.136543   0.00325023
      4.00704     0.137120   0.00345378
      4.00842     0.136695   0.00328953
      4.00979     0.137376   0.00353123
      4.01117     0.142112   0.00345280
      4.01254     0.143780   0.00306391
      4.01391     0.147938   0.00354000
      4.01529     0.145618   0.00388694
      4.01666     0.137352   0.00305374
      4.01803     0.136093   0.00278679
      4.01940     0.138203   0.00347499
      4.02077     0.141991   0.00369888
      4.02214     0.146877   0.00336826
      4.02351     0.147188   0.00310185
      4.02488     0.143463   0.00360330
      4.02625     0.144165   0.00339142
      4.02761     0.142386   0.00362332
      4.02898     0.140346   0.00356009
      4.03035     0.141377   0.00350514
      4.03171     0.140765   0.00381076
      4.03308     0.144868   0.00396200
      4.03444     0.143132   0.00372913
      4.03580     0.141686   0.00358435
      4.03717     0.143624   0.00372298
      4.03853     0.138108   0.00405628
      4.03989     0.138293   0.00374960
      4.04125     0.141025   0.00389083
      4.04261     0.137545   0.00408566
      4.04397     0.134350   0.00356856
      4.04533     0.136338   0.00417973
      4.04669     0.145662   0.00400662
      4.04805     0.157133   0.00374384
      4.04941     0.165083   0.00411844
      4.05076     0.176834   0.00435199
      4.05212     0.173405   0.00404953
      4.05348     0.174408   0.00412900
      4.05483     0.172191   0.00424931
      4.05619     0.161930   0.00408256
      4.05754     0.153917   0.00358477
      4.05889     0.153435   0.00378601
      4.06024     0.153989   0.00406110
      4.06160     0.148287   0.00355091
      4.06295     0.147322   0.00394810
      4.06430     0.150257   0.00399872
      4.06565     0.147548   0.00381545
      4.06699     0.149373   0.00376312
      4.06834     0.151899   0.00393158
      4.06969     0.147812   0.00366892
      4.07104     0.146411   0.00399770
      4.07238     0.144805   0.00410477
      4.07373     0.145026   0.00432526
      4.07507     0.149351   0.00376676
      4.07642     0.156061   0.00471440
      4.07776     0.153566   0.00407723
      4.07910     0.152185   0.00471180
      4.08044     0.154897   0.00396710
      4.08178     0.151055   0.00435727
      4.08313     0.149507   0.00441980
      4.08446     0.155626   0.00409793
      4.08580     0.155149   0.00439558
      4.08714     0.153893   0.00436496
      4.08848     0.156431   0.00419339
      4.08982     0.155356   0.00417815
      4.09115     0.154053   0.00447056
      4.09249     0.151246   0.00485302
      4.09382     0.152767   0.00453834
      4.09515     0.156005   0.00451262
      4.09649     0.158708   0.00356178
      4.09782     0.157188   0.00432225
      4.09915     0.156155   0.00498503
      4.10048     0.156825   0.00449314
      4.10181     0.157541   0.00496016
      4.10314     0.166495   0.00420135
      4.10447     0.163097   0.00475518
      4.10579     0.152338   0.00427040
      4.10712     0.148704   0.00469359
      4.10845     0.149707   0.00452969
      4.10977     0.145237   0.00460186
      4.11109     0.149567   0.00470643
      4.11242     0.153128   0.00504376
      4.11374     0.154856   0.00493041
      4.11506     0.161087   0.00499360
      4.11638     0.159395   0.00446164
      4.11770     0.158657   0.00471296
      4.11902     0.161669   0.00498126
      4.12034     0.164929   0.00484682
      4.12166     0.162221   0.00536491
      4.12297     0.161094   0.00483345
      4.12429     0.155334   0.00530102
      4.12560     0.150398   0.00475004
      4.12692     0.158594   0.00506716
      4.12823     0.161918   0.00401745
      4.12954     0.156570   0.00421558
      4.13085     0.155054   0.00435384
      4.13217     0.166358   0.00461395
      4.13347     0.176702   0.00618226
      4.13478     0.166316   0.00499478
      4.13609     0.152131   0.00509596
      4.13740     0.173061   0.00510671
      4.13870     0.166747   0.00563905
      4.14001     0.161907   0.00520500
      4.14131     0.163764   0.00493057
      4.14262     0.165140   0.00524679
      4.14392     0.168557   0.00507086
      4.14522     0.165541   0.00502200
      4.14652     0.163119   0.00554249
      4.14782     0.158969   0.00488431
      4.14912     0.154736   0.00501413
      4.15042     0.158404   0.00554568
      4.15172     0.157805   0.00526852
      4.15301     0.159363   0.00634257
      4.15431     0.166566   0.00558376
      4.15560     0.175530   0.00547289
      4.15689     0.177231   0.00546147
      4.15819     0.174804   0.00666919
      4.15948     0.173549   0.00655808
      4.16077     0.174725   0.00672374
      4.16206     0.170034   0.00698675
      4.16335     0.167587   0.00767527
      4.16463     0.169682   0.00663130
      4.16592     0.158225   0.00733575
      4.16721     0.157813   0.00716444
      4.16849     0.164175   0.00740420
      4.16977     0.161912   0.00835780
      4.17106     0.165322   0.00976424
      4.17234     0.170602   0.00838040
      4.17362     0.169118   0.00849005
      4.17490     0.170951    0.0100979
      4.17618     0.159471    0.0118997
      4.17745     0.155440    0.0126745
      4.17873     0.149775    0.0149235
      4.18001     0.125718    0.0212491
      4.18128    0.0996120    0.0312128
      4.18255    0.0938208    0.0474830
      4.18383    0.0939942    0.0794806
      4.18510    0.0654624     0.135017
      4.18637     0.314887     0.306254
      4.18764     -12.4654      1.52762
      4.18891     -23.9777      1.26876
      4.19017      1.09490     0.944505
      4.19144     -1.68842      7.50249
      4.19270     -10.0129      25.8297
      4.19397     -3.99105      1.47832
      4.19523     -5.85820      3.21511
      4.19649     -12.0523      59.3157
      4.19775    -0.633886      2.85178
      4.19901    -0.219772     0.470947
      4.20027     0.779484      31.0444
      4.20153      3.19235      2.50372
      4.20279     -4.65118      3.72772
      4.20404     -13.3766      6.11513
      4.20530      11.6238      1.07585
      4.20655      19.2630      21.5785
      4.20780     -8.83222      5.59074
      4.20905      11.9896      2.61713
      4.21030      37.9351      3.66202
      4.21155      230.715      9.96968
      4.21280      383.159      9.94507
      4.21404     0.264166      3.26809
      4.21529      4.92624      1.68699
      4.21653      6.46451      1.05522
      4.21778    -0.357399      1.41936
      4.21902    0.0333602      1.75649
      4.22026     -1.13425      2.88614
      4.22150      1.36158      1.84142
      4.22274     0.309500      2.18602
      4.22397     -2.64180      2.42732
      4.22521     -1.85690      1.32864
      4.22644     -2.44046      2.82926
      4.22768     0.135680      4.56641
      4.22891      6.88098      1.67550
      4.23014      16.6016      833.589
      4.23137      11.2192      16.3064
      4.23260      1.87022      5.30859
      4.23383      0.00000      2.28585
