SOURCE  = SVS 4-3                       / Source name
STANDARD= BS 7236                       / Standard name
OBSDATE = 08-07-2003                    / Date of observation
SPOS    = 18:29:57.7   01:12:27.6       / Source position RA,DEC,J2000
STPOS   = 19:06:14.8   -04:53:32.3      / Standard position RA,DEC,J2000
STSPT   = B9V                           / Standard spectral type
STTEFF  = 12800 (Blackwell & Lynas-Gray,/ Standard effective temperature [K]
STMAG   = 3.5                           / Standard magnitude (adopted)
WAVEZP  = 3.45                          / Wavelength zero point [micron]
FLUXZP  = 290                           / Flux zero point [Jy]
SAIRM   = 1.978                         / Source mean airmass
STAIRM  = 1.849                         / Standard mean airmass
AIRMCORR= 1.0                           / Optimal (adopted) airmass correction
SPECRES = ~1200                         / Spectral resolution

Created by K. M. Pontoppidan             Mon Oct  6 19:22:02 2003

Wavelength [micron] Flux [Jy] Statistical Error [Jy]

      2.79539      0.00000      15.0253
      2.79680     -18.1103      15.0322
      2.79822     -48.0076      16.4256
      2.79963     -99.6667      20.6740
      2.80105     -124.203      42.6161
      2.80247     -69.0634      16.7858
      2.80388      27.5569      9.77676
      2.80530      28.8412      2.83236
      2.80672     0.397418      4.20266
      2.80813      4.54702      96.1460
      2.80955      67.6728      19.5943
      2.81097     -10.1300      2.30968
      2.81239     -2.27956     0.522898
      2.81380     -1.03442     0.347289
      2.81522    -0.209925     0.402683
      2.81664     0.650394     0.439753
      2.81806    -0.212449     0.966895
      2.81947    0.0368708      1.14837
      2.82089     0.594399      1.60101
      2.82231    -0.202624     0.595266
      2.82373   -0.0657950     0.207166
      2.82515    0.0284259     0.104386
      2.82657    0.0566175    0.0567634
      2.82799     0.176460    0.0444826
      2.82940    0.0415393    0.0335822
      2.83082    0.0143853    0.0239913
      2.83224  -0.00789101    0.0214877
      2.83366  -0.00659310    0.0261489
      2.83508   0.00264894    0.0525988
      2.83650    0.0782590     0.132718
      2.83792     0.232703     0.298190
      2.83934    0.0686142     0.246569
      2.84076    0.0113983    0.0857725
      2.84218   -0.0502290    0.0482581
      2.84360   -0.0185181    0.0263025
      2.84502    0.0201463    0.0159240
      2.84644    0.0211460    0.0138866
      2.84786    0.0213673    0.0167223
      2.84928   0.00244205    0.0254354
      2.85070   -0.0492874    0.0377141
      2.85212    0.0204102    0.0345533
      2.85354    0.0542314    0.0333079
      2.85497   -0.0594252    0.0478943
      2.85639   -0.0576208    0.0609770
      2.85781    0.0573266    0.0407715
      2.85923    0.0468502    0.0235845
      2.86065    0.0169809    0.0200742
      2.86207    0.0184089    0.0177105
      2.86349    0.0107713    0.0136697
      2.86492   0.00783537    0.0107343
      2.86634   0.00411067    0.0103390
      2.86776   0.00954869    0.0115534
      2.86918    0.0193797    0.0146105
      2.87061   -0.0149900    0.0164634
      2.87203    -0.100274    0.0197189
      2.87345   -0.0208184    0.0183178
      2.87487    0.0136756    0.0128547
      2.87630  -0.00349785   0.00924705
      2.87772  -0.00131619   0.00820813
      2.87914 -0.000827237   0.00845158
      2.88057   0.00383570   0.00843372
      2.88199  -0.00261752   0.00844307
      2.88341  -0.00120344   0.00779832
      2.88484  -0.00347628   0.00824152
      2.88626  -0.00858126   0.00877744
      2.88768  -0.00680608   0.00946982
      2.88911   -0.0106282    0.0100765
      2.89053  -0.00946153    0.0102047
      2.89196   0.00405235   0.00932191
      2.89338   0.00204658   0.00794549
      2.89481   0.00270991   0.00666764
      2.89623   0.00214169   0.00553589
      2.89766  0.000719338   0.00507839
      2.89908   0.00258018   0.00522394
      2.90050   0.00300786   0.00634235
      2.90193   0.00494035   0.00889507
      2.90335   0.00231748    0.0113763
      2.90478   0.00977048    0.0117096
      2.90621   0.00292622    0.0107859
      2.90763  -0.00585800   0.00982565
      2.90906   0.00278066   0.00797842
      2.91048   0.00262228   0.00643415
      2.91191   0.00547152   0.00552680
      2.91333   0.00578801   0.00520749
      2.91476   0.00718661   0.00562574
      2.91619    0.0106533   0.00596488
      2.91761  -0.00170113   0.00581115
      2.91904   0.00169924   0.00539201
      2.92047   0.00153217   0.00539665
      2.92189   0.00490193   0.00608815
      2.92332    0.0100054   0.00828681
      2.92475   0.00360963    0.0105018
      2.92617  0.000859727   0.00830655
      2.92760 -0.000529707   0.00607744
      2.92903  -0.00496464   0.00497963
      2.93045  -0.00402940   0.00465347
      2.93188   0.00119573   0.00453683
      2.93331   0.00398337   0.00454380
      2.93474   0.00130951   0.00443998
      2.93616   0.00125307   0.00458274
      2.93759   0.00258044   0.00469031
      2.93902   0.00371900   0.00524107
      2.94045   0.00304372   0.00548311
      2.94188   0.00230477   0.00574503
      2.94330  -0.00318377   0.00581944
      2.94473  -0.00581686   0.00611938
      2.94616 -0.000194984   0.00622506
      2.94759   0.00351827   0.00603980
      2.94902 -0.000124180   0.00580064
      2.95045  0.000638234   0.00534602
      2.95188   0.00114130   0.00472523
      2.95331   0.00121833   0.00502604
      2.95473   0.00424210   0.00574633
      2.95616   0.00819426   0.00615695
      2.95759   0.00713784   0.00556470
      2.95902   0.00401796   0.00507106
      2.96045  -0.00234220   0.00464516
      2.96188  0.000549855   0.00455877
      2.96331 -0.000721394   0.00455081
      2.96474  -0.00262736   0.00425027
      2.96617  -0.00131827   0.00436345
      2.96760   0.00200972   0.00472109
      2.96903  -0.00200949   0.00560411
      2.97046  -0.00111309   0.00768181
      2.97189  -0.00151748   0.00971618
      2.97332   -0.0143298    0.0108441
      2.97475  -0.00976632   0.00935378
      2.97618   0.00491148   0.00784564
      2.97761   0.00664043   0.00678865
      2.97904  0.000678091   0.00644739
      2.98048 -0.000258794   0.00644393
      2.98191   0.00715582   0.00626445
      2.98334   0.00158275   0.00528278
      2.98477   0.00187548   0.00458909
      2.98620   0.00320913   0.00427264
      2.98763   0.00326536   0.00397881
      2.98906   0.00490290   0.00393918
      2.99050   0.00150071   0.00397828
      2.99193  0.000395033   0.00402870
      2.99336 -8.35102e-06   0.00416578
      2.99479   0.00336118   0.00445451
      2.99622   0.00624992   0.00448032
      2.99765   0.00577941   0.00481076
      2.99909   0.00293890   0.00477154
      3.00052   0.00126635   0.00437534
      3.00195   0.00303961   0.00407152
      3.00338   0.00250685   0.00409076
      3.00482   0.00315305   0.00463298
      3.00625   0.00547091   0.00517730
      3.00768   0.00808942   0.00542264
      3.00912    0.0115922   0.00512213
      3.01055   0.00807652   0.00467541
      3.01198   0.00289437   0.00407926
      3.01341  0.000757926   0.00399202
      3.01485   0.00569600   0.00404795
      3.01628   0.00277555   0.00424339
      3.01771   0.00316861   0.00461715
      3.01915 -0.000332088   0.00537075
      3.02058 -0.000652069   0.00588265
      3.02202   0.00933159   0.00615692
      3.02345   0.00740352   0.00552711
      3.02488   0.00336535   0.00471477
      3.02632   0.00841655   0.00417197
      3.02775   0.00307513   0.00392422
      3.02919  0.000560003   0.00399088
      3.03062   0.00198633   0.00414305
      3.03205   0.00285426   0.00458156
      3.03349   0.00124014   0.00517034
      3.03492   0.00462300   0.00540171
      3.03636    0.0111978   0.00618104
      3.03779    0.0108274   0.00658433
      3.03923   0.00685618   0.00658026
      3.04066  0.000666261   0.00592049
      3.04210  0.000952992   0.00512057
      3.04353  -0.00257135   0.00465730
      3.04497   0.00513077   0.00473097
      3.04640   0.00592958   0.00490079
      3.04784   0.00710871   0.00510427
      3.04927   0.00809029   0.00560209
      3.05071   0.00810912   0.00598542
      3.05214    0.0147485   0.00710993
      3.05358  0.000275523   0.00804454
      3.05502  -0.00339530   0.00800475
      3.05645  -0.00908695   0.00657917
      3.05789  -0.00474830   0.00530978
      3.05932  -0.00131413   0.00460920
      3.06076  0.000468460   0.00431224
      3.06220  0.000665833   0.00455899
      3.06363   0.00226837   0.00481132
      3.06507  0.000678012   0.00485774
      3.06650   0.00562536   0.00482657
      3.06794   0.00974881   0.00469544
      3.06938   0.00113994   0.00500370
      3.07081   0.00649471   0.00572119
      3.07225   0.00948134   0.00545472
      3.07369  -0.00215956   0.00500070
      3.07512  -0.00400600   0.00445189
      3.07656 -0.000266607   0.00397006
      3.07800  0.000938044   0.00400176
      3.07944  0.000239716   0.00422875
      3.08087   0.00509786   0.00508595
      3.08231 -0.000195852   0.00558925
      3.08375  -0.00905738   0.00581254
      3.08518  -0.00700487   0.00517977
      3.08662  -0.00107082   0.00469639
      3.08806   0.00293348   0.00492764
      3.08950   0.00244326   0.00491012
      3.09093  0.000173360   0.00486149
      3.09237  0.000699886   0.00514430
      3.09381   0.00469901   0.00581512
      3.09525   0.00358517   0.00589403
      3.09669   0.00532600   0.00591744
      3.09812    0.0100354   0.00562477
      3.09956    0.0117173   0.00471681
      3.10100   0.00137579   0.00434419
      3.10244   0.00384216   0.00432437
      3.10388 -0.000244488   0.00489229
      3.10532   0.00123637   0.00591440
      3.10676  -0.00326857   0.00622554
      3.10819 -0.000202756   0.00619182
      3.10963  -0.00481736   0.00602140
      3.11107 -0.000634882   0.00583177
      3.11251   0.00198966   0.00559092
      3.11395   0.00190360   0.00525797
      3.11539  -0.00123631   0.00505113
      3.11683  -0.00441815   0.00441709
      3.11827   0.00212029   0.00377553
      3.11971  0.000445645   0.00355666
      3.12115   0.00149704   0.00333950
      3.12258   0.00302673   0.00355248
      3.12402   0.00400275   0.00399150
      3.12546   0.00646971   0.00480829
      3.12690   0.00987942   0.00564910
      3.12834   0.00229983   0.00571178
      3.12978   0.00269172   0.00470018
      3.13122  0.000309994   0.00387952
      3.13266  0.000303025   0.00337712
      3.13410 -0.000732724   0.00336837
      3.13554 -0.000768069   0.00324400
      3.13698  0.000796810   0.00345213
      3.13842  0.000823454   0.00398711
      3.13986   0.00214940   0.00421900
      3.14130   0.00708112   0.00411571
      3.14274   0.00108561   0.00395059
      3.14418   0.00100569   0.00405103
      3.14562   0.00217326   0.00461646
      3.14706   0.00506300   0.00488423
      3.14850   0.00359789   0.00443545
      3.14995  0.000148192   0.00386582
      3.15139  0.000657310   0.00357961
      3.15283  0.000385222   0.00361006
      3.15427   0.00215880   0.00355726
      3.15571   0.00376780   0.00385064
      3.15715   0.00238302   0.00383343
      3.15859   0.00259700   0.00372436
      3.16003   0.00167614   0.00336278
      3.16147  0.000974933   0.00328602
      3.16291   0.00199859   0.00302219
      3.16435   0.00188725   0.00314389
      3.16580   0.00223173   0.00312650
      3.16724   0.00340398   0.00314624
      3.16868   0.00265780   0.00311843
      3.17012   0.00311906   0.00314901
      3.17156   0.00337797   0.00331432
      3.17300   0.00235948   0.00347267
      3.17445   0.00334208   0.00348443
      3.17589  0.000312472   0.00352015
      3.17733 -0.000749830   0.00327300
      3.17877   0.00177088   0.00326333
      3.18021   0.00516668   0.00334940
      3.18165   0.00306165   0.00351422
      3.18310   0.00325586   0.00359715
      3.18454  0.000669665   0.00362895
      3.18598  0.000754534   0.00344170
      3.18742   0.00337820   0.00338489
      3.18887   0.00326381   0.00365561
      3.19031   0.00105183   0.00439856
      3.19175   0.00887740   0.00500660
      3.19319   0.00795184   0.00519701
      3.19463  0.000246004   0.00487761
      3.19608   0.00692749   0.00489300
      3.19752   0.00796941   0.00528247
      3.19896  -0.00993025   0.00667114
      3.20041  -0.00492724   0.00681534
      3.20185    0.0105885   0.00682350
      3.20329   0.00811903   0.00688480
      3.20473   0.00190728   0.00723271
      3.20618    0.0117637   0.00796855
      3.20762    0.0255312   0.00899837
      3.20906    0.0250838    0.0111469
      3.21051    0.0370602    0.0112746
      3.21195    0.0271188    0.0103386
      3.21339   0.00938720   0.00816396
      3.21483  -0.00541454   0.00666893
      3.21628  -0.00347984   0.00615823
      3.21772  -0.00480366   0.00558514
      3.21916   0.00293995   0.00572323
      3.22061   0.00868913   0.00660631
      3.22205    0.0110930   0.00886318
      3.22349   0.00590558    0.0112053
      3.22494   0.00153788    0.0102750
      3.22638    0.0113495   0.00856569
      3.22783   0.00490974   0.00778791
      3.22927  -0.00537322   0.00795621
      3.23071    0.0173829   0.00817365
      3.23216    0.0177109   0.00613230
      3.23360   0.00389950   0.00429665
      3.23504   0.00200779   0.00381051
      3.23649   0.00406550   0.00375460
      3.23793   0.00362494   0.00411104
      3.23938   0.00612090   0.00456159
      3.24082   0.00652235   0.00497610
      3.24226   0.00161190   0.00511524
      3.24371   0.00293911   0.00571992
      3.24515   0.00235468   0.00697105
      3.24660  0.000827806   0.00847256
      3.24804  -0.00211584   0.00825275
      3.24948  -0.00197515   0.00663671
      3.25093   0.00569955   0.00478859
      3.25237   0.00573917   0.00372249
      3.25382   0.00523466   0.00345698
      3.25526   0.00600211   0.00331704
      3.25671   0.00225946   0.00356296
      3.25815   0.00729008   0.00414680
      3.25960    0.0182017   0.00506939
      3.26104    0.0150254   0.00644142
      3.26248  0.000743600   0.00686373
      3.26393   0.00411616   0.00535843
      3.26537    0.0102522   0.00475119
      3.26682   0.00686451   0.00456576
      3.26826   0.00172610   0.00532253
      3.26971   0.00375177   0.00610783
      3.27115   0.00291467   0.00683226
      3.27260  -0.00112788   0.00561154
      3.27404   0.00283087   0.00431965
      3.27549   0.00347914   0.00369401
      3.27693   0.00385111   0.00374803
      3.27838   0.00406848   0.00395249
      3.27982  0.000481896   0.00442546
      3.28127  0.000885804   0.00398537
      3.28271   0.00425162   0.00365830
      3.28416   0.00264082   0.00312857
      3.28560   0.00132317   0.00310473
      3.28705   0.00476275   0.00293796
      3.28849   0.00564371   0.00307260
      3.28994   0.00454411   0.00329901
      3.29138   0.00232336   0.00364247
      3.29283   0.00734887   0.00447241
      3.29427    0.0155749   0.00513207
      3.29572    0.0110417   0.00634245
      3.29717   0.00801502   0.00765062
      3.29861    0.0108396   0.00765409
      3.30006   0.00932218   0.00648101
      3.30150   0.00566378   0.00513137
      3.30295  -0.00183170   0.00436641
      3.30439   0.00278632   0.00423834
      3.30584   0.00719366   0.00415365
      3.30728   0.00806249   0.00435668
      3.30873   0.00592535   0.00425927
      3.31018    0.0111497   0.00548194
      3.31162    0.0178985   0.00712365
      3.31307    0.0286523    0.0121825
      3.31451    0.0171995    0.0246307
      3.31596  -0.00799113    0.0560176
      3.31740    0.0493702    0.0595513
      3.31885    0.0654806    0.0317581
      3.32030   0.00306513    0.0177733
      3.32174    0.0104011    0.0104357
      3.32319    0.0125238   0.00704254
      3.32463   0.00363997   0.00584298
      3.32608   0.00621359   0.00539889
      3.32753   0.00169838   0.00472706
      3.32897   0.00100093   0.00432732
      3.33042   0.00104262   0.00382463
      3.33186   0.00411544   0.00336219
      3.33331   0.00446731   0.00324476
      3.33476   0.00431035   0.00338489
      3.33620   0.00614441   0.00333724
      3.33765   0.00438716   0.00348329
      3.33909   0.00535407   0.00365341
      3.34054   0.00886709   0.00382628
      3.34199   0.00735794   0.00398469
      3.34343   0.00533822   0.00411310
      3.34488   0.00777593   0.00435037
      3.34632    0.0161531   0.00421026
      3.34777    0.0131677   0.00387347
      3.34922   0.00323175   0.00340796
      3.35066   0.00270262   0.00324984
      3.35211   0.00769894   0.00338052
      3.35356    0.0112130   0.00351530
      3.35500    0.0120098   0.00442871
      3.35645   0.00452219   0.00483420
      3.35789   0.00418011   0.00448398
      3.35934   0.00443241   0.00392020
      3.36079   0.00386108   0.00376195
      3.36223   0.00241080   0.00355567
      3.36368   0.00600592   0.00379087
      3.36513   0.00712140   0.00363561
      3.36657   0.00907420   0.00400273
      3.36802    0.0130109   0.00431942
      3.36946    0.0139362   0.00415277
      3.37091   0.00770094   0.00409479
      3.37236   0.00732215   0.00356245
      3.37380   0.00858695   0.00325564
      3.37525   0.00924716   0.00346512
      3.37670    0.0110925   0.00354700
      3.37814    0.0125219   0.00391373
      3.37959    0.0133749   0.00438260
      3.38104    0.0117331   0.00460886
      3.38248    0.0122960   0.00420263
      3.38393   0.00904549   0.00411241
      3.38538   0.00435533   0.00356448
      3.38682   0.00632426   0.00349239
      3.38827   0.00808902   0.00349595
      3.38971    0.0125661   0.00387459
      3.39116   0.00911805   0.00385764
      3.39261   0.00991238   0.00426112
      3.39405   0.00712422   0.00392978
      3.39550   0.00716157   0.00355571
      3.39695    0.0129839   0.00321438
      3.39839    0.0133778   0.00307336
      3.39984    0.0131497   0.00321134
      3.40129    0.0142924   0.00352396
      3.40273    0.0137206   0.00432264
      3.40418   0.00964989   0.00465329
      3.40563   0.00845923   0.00459361
      3.40707   0.00501273   0.00449569
      3.40852   0.00468685   0.00407334
      3.40997    0.0107239   0.00372906
      3.41141    0.0108632   0.00344373
      3.41286   0.00965023   0.00355666
      3.41431   0.00996218   0.00387065
      3.41575   0.00931532   0.00439444
      3.41720   0.00278264   0.00370810
      3.41865   0.00757690   0.00340410
      3.42009    0.0144550   0.00313160
      3.42154   0.00933061   0.00292617
      3.42298    0.0101584   0.00324240
      3.42443    0.0127597   0.00332114
      3.42588    0.0195214   0.00386983
      3.42732    0.0146523   0.00426762
      3.42877    0.0134168   0.00400254
      3.43022    0.0106310   0.00361319
      3.43166   0.00812089   0.00325596
      3.43311   0.00978039   0.00299374
      3.43456    0.0116180   0.00289812
      3.43600    0.0138047   0.00303370
      3.43745    0.0162781   0.00315276
      3.43890    0.0117215   0.00360487
      3.44034    0.0120408   0.00358578
      3.44179    0.0126210   0.00337391
      3.44323   0.00674087   0.00319845
      3.44468   0.00708433   0.00309609
      3.44613   0.00753068   0.00303956
      3.44757   0.00917555   0.00305057
      3.44902   0.00809422   0.00313224
      3.45047    0.0112007   0.00320582
      3.45191    0.0138782   0.00347457
      3.45336    0.0158352   0.00371103
      3.45481    0.0132326   0.00328763
      3.45625   0.00918945   0.00297462
      3.45770   0.00920683   0.00285145
      3.45914    0.0117964   0.00286390
      3.46059    0.0132294   0.00293716
      3.46204    0.0137714   0.00297882
      3.46348   0.00915688   0.00303892
      3.46493    0.0118987   0.00341236
      3.46638    0.0144791   0.00324285
      3.46782    0.0120350   0.00315720
      3.46927   0.00838778   0.00287091
      3.47071    0.0106340   0.00286032
      3.47216    0.0124964   0.00273601
      3.47361    0.0119506   0.00290868
      3.47505    0.0127430   0.00306905
      3.47650    0.0136172   0.00291112
      3.47794    0.0155700   0.00310866
      3.47939    0.0133574   0.00306944
      3.48084    0.0161557   0.00290284
      3.48228    0.0105896   0.00290827
      3.48373   0.00698481   0.00282039
      3.48517   0.00808073   0.00283821
      3.48662    0.0101841   0.00279605
      3.48807    0.0145137   0.00298622
      3.48951    0.0137651   0.00305425
      3.49096    0.0101394   0.00292548
      3.49240    0.0125064   0.00283886
      3.49385    0.0119642   0.00283850
      3.49530    0.0111744   0.00292946
      3.49674    0.0123717   0.00283843
      3.49819    0.0105373   0.00284561
      3.49963   0.00988422   0.00281965
      3.50108    0.0106567   0.00290523
      3.50252    0.0160680   0.00282960
      3.50397    0.0187744   0.00286919
      3.50542    0.0106871   0.00295537
      3.50686    0.0104461   0.00295800
      3.50831    0.0131412   0.00287873
      3.50975    0.0134501   0.00288508
      3.51120    0.0151555   0.00283105
      3.51264    0.0145619   0.00274952
      3.51409    0.0114619   0.00275964
      3.51553    0.0126037   0.00275905
      3.51698    0.0129178   0.00281972
      3.51842    0.0140878   0.00268678
      3.51987    0.0163324   0.00273668
      3.52132    0.0178758   0.00271841
      3.52276    0.0145491   0.00290629
      3.52421    0.0155022   0.00270208
      3.52565    0.0159532   0.00284510
      3.52710    0.0144951   0.00270256
      3.52854    0.0112490   0.00284955
      3.52999   0.00939239   0.00286832
      3.53143    0.0130669   0.00295867
      3.53288    0.0153333   0.00310578
      3.53432    0.0149174   0.00283176
      3.53577    0.0149390   0.00309972
      3.53721    0.0146995   0.00325486
      3.53866    0.0177180   0.00302711
      3.54010    0.0182142   0.00303799
      3.54155    0.0139380   0.00317991
      3.54299    0.0154081   0.00309720
      3.54443    0.0124277   0.00308661
      3.54588    0.0119456   0.00307878
      3.54732    0.0120227   0.00296833
      3.54877    0.0106294   0.00299160
      3.55021    0.0160724   0.00300042
      3.55166    0.0175820   0.00292069
      3.55310    0.0181844   0.00282565
      3.55455    0.0174214   0.00300253
      3.55599    0.0182853   0.00292986
      3.55744    0.0176503   0.00290315
      3.55888    0.0175329   0.00285936
      3.56032    0.0184556   0.00301672
      3.56177    0.0170760   0.00279228
      3.56321    0.0185675   0.00299436
      3.56466    0.0199666   0.00296591
      3.56610    0.0168632   0.00299764
      3.56754    0.0187468   0.00314900
      3.56899    0.0261063   0.00297867
      3.57043    0.0246225   0.00330452
      3.57188    0.0211868   0.00300978
      3.57332    0.0189737   0.00305325
      3.57476    0.0200986   0.00312065
      3.57621    0.0204062   0.00287435
      3.57765    0.0168520   0.00304323
      3.57910    0.0180807   0.00310738
      3.58054    0.0202733   0.00311936
      3.58198    0.0211838   0.00312906
      3.58343    0.0187773   0.00312554
      3.58487    0.0207216   0.00312927
      3.58631    0.0205028   0.00317180
      3.58776    0.0200431   0.00332598
      3.58920    0.0176917   0.00311817
      3.59064    0.0212344   0.00297137
      3.59209    0.0219101   0.00311629
      3.59353    0.0188965   0.00310222
      3.59497    0.0197929   0.00306621
      3.59642    0.0186500   0.00310359
      3.59786    0.0225734   0.00302624
      3.59930    0.0238308   0.00289371
      3.60074    0.0211783   0.00293544
      3.60219    0.0206792   0.00293521
      3.60363    0.0220150   0.00303239
      3.60507    0.0187154   0.00320809
      3.60652    0.0193154   0.00319974
      3.60796    0.0188228   0.00327109
      3.60940    0.0200427   0.00319727
      3.61084    0.0181972   0.00303559
      3.61229    0.0205085   0.00318895
      3.61373    0.0234183   0.00319082
      3.61517    0.0215337   0.00304626
      3.61661    0.0202658   0.00296193
      3.61805    0.0209466   0.00304607
      3.61950    0.0228347   0.00310118
      3.62094    0.0223899   0.00288481
      3.62238    0.0219188   0.00290916
      3.62382    0.0242141   0.00305983
      3.62526    0.0226008   0.00326395
      3.62671    0.0240684   0.00323907
      3.62815    0.0225654   0.00307164
      3.62959    0.0226611   0.00316600
      3.63103    0.0224320   0.00311181
      3.63247    0.0244741   0.00317240
      3.63391    0.0262654   0.00304562
      3.63536    0.0261100   0.00320076
      3.63680    0.0260392   0.00314459
      3.63824    0.0219823   0.00305994
      3.63968    0.0213244   0.00311817
      3.64112    0.0209393   0.00313958
      3.64256    0.0214418   0.00315897
      3.64400    0.0243685   0.00327579
      3.64544    0.0246795   0.00326002
      3.64688    0.0245778   0.00320142
      3.64833    0.0279357   0.00323462
      3.64977    0.0255758   0.00323751
      3.65121    0.0180320   0.00335959
      3.65265    0.0218916   0.00307227
      3.65409    0.0226819   0.00309615
      3.65553    0.0258130   0.00311473
      3.65697    0.0232239   0.00309667
      3.65841    0.0234041   0.00315568
      3.65985    0.0266711   0.00294945
      3.66129    0.0230051   0.00309094
      3.66273    0.0228665   0.00312026
      3.66417    0.0247220   0.00324489
      3.66561    0.0286822   0.00331100
      3.66705    0.0295900   0.00346698
      3.66849    0.0300378   0.00340131
      3.66993    0.0320468   0.00336329
      3.67137    0.0275377   0.00341893
      3.67281    0.0244102   0.00338049
      3.67425    0.0247343   0.00361592
      3.67569    0.0245830   0.00356468
      3.67713    0.0252523   0.00327144
      3.67857    0.0286061   0.00351995
      3.68000    0.0298853   0.00336165
      3.68144    0.0327807   0.00339237
      3.68288    0.0267927   0.00321801
      3.68432    0.0284482   0.00333909
      3.68576    0.0262176   0.00348984
      3.68720    0.0300725   0.00341764
      3.68864    0.0328299   0.00328981
      3.69008    0.0305403   0.00349222
      3.69151    0.0303146   0.00324606
      3.69295    0.0341111   0.00345192
      3.69439    0.0319583   0.00361507
      3.69583    0.0266265   0.00333882
      3.69727    0.0266701   0.00339716
      3.69871    0.0275302   0.00314985
      3.70014    0.0288091   0.00366141
      3.70158    0.0300997   0.00328406
      3.70302    0.0317931   0.00323474
      3.70446    0.0312343   0.00330139
      3.70589    0.0265346   0.00324211
      3.70733    0.0252660   0.00347073
      3.70877    0.0230876   0.00326812
      3.71021    0.0239485   0.00326513
      3.71164    0.0262445   0.00347103
      3.71308    0.0251588   0.00338592
      3.71452    0.0265617   0.00348292
      3.71596    0.0274633   0.00339776
      3.71739    0.0283911   0.00351084
      3.71883    0.0260567   0.00346295
      3.72027    0.0254002   0.00350812
      3.72170    0.0280128   0.00343276
      3.72314    0.0285090   0.00313043
      3.72458    0.0275337   0.00350924
      3.72601    0.0267655   0.00372064
      3.72745    0.0282645   0.00349941
      3.72888    0.0312571   0.00354385
      3.73032    0.0280152   0.00348387
      3.73176    0.0265788   0.00374436
      3.73319    0.0293252   0.00375103
      3.73463    0.0282969   0.00365613
      3.73606    0.0272831   0.00364650
      3.73750    0.0285116   0.00358166
      3.73893    0.0286445   0.00386270
      3.74037    0.0277631   0.00360272
      3.74181    0.0302223   0.00362432
      3.74324    0.0333680   0.00382058
      3.74468    0.0280122   0.00342603
      3.74611    0.0243446   0.00368589
      3.74755    0.0320254   0.00363500
      3.74898    0.0310723   0.00342565
      3.75041    0.0308287   0.00360568
      3.75185    0.0307464   0.00369631
      3.75328    0.0281991   0.00363231
      3.75472    0.0274077   0.00369887
      3.75615    0.0289961   0.00335909
      3.75759    0.0290965   0.00337810
      3.75902    0.0299529   0.00361050
      3.76045    0.0328111   0.00367030
      3.76189    0.0343452   0.00347244
      3.76332    0.0322162   0.00363605
      3.76476    0.0304370   0.00360897
      3.76619    0.0294602   0.00363542
      3.76762    0.0297564   0.00372238
      3.76906    0.0317511   0.00375874
      3.77049    0.0295711   0.00369814
      3.77192    0.0284487   0.00367930
      3.77335    0.0285329   0.00369042
      3.77479    0.0295081   0.00393505
      3.77622    0.0294296   0.00361553
      3.77765    0.0310665   0.00357752
      3.77908    0.0297743   0.00372069
      3.78052    0.0285643   0.00368727
      3.78195    0.0274445   0.00362678
      3.78338    0.0314708   0.00358679
      3.78481    0.0322477   0.00375456
      3.78625    0.0308449   0.00353141
      3.78768    0.0289930   0.00341924
      3.78911    0.0295204   0.00357973
      3.79054    0.0305097   0.00372723
      3.79197    0.0277291   0.00383798
      3.79340    0.0261872   0.00384026
      3.79483    0.0272852   0.00356500
      3.79627    0.0305884   0.00330755
      3.79770    0.0291943   0.00355290
      3.79913    0.0301783   0.00372873
      3.80056    0.0327123   0.00341480
      3.80199    0.0328336   0.00348056
      3.80342    0.0320115   0.00349038
      3.80485    0.0279594   0.00360972
      3.80628    0.0276367   0.00364635
      3.80771    0.0339216   0.00361691
      3.80914    0.0361300   0.00356220
      3.81057    0.0337931   0.00349855
      3.81200    0.0305207   0.00350474
      3.81343    0.0307957   0.00377759
      3.81486    0.0312304   0.00363295
      3.81629    0.0339952   0.00363456
      3.81772    0.0364061   0.00345807
      3.81915    0.0298001   0.00336185
      3.82057    0.0289699   0.00357383
      3.82200    0.0318045   0.00366013
      3.82343    0.0304813   0.00349457
      3.82486    0.0341662   0.00351435
      3.82629    0.0332429   0.00358036
      3.82772    0.0321774   0.00354205
      3.82915    0.0322945   0.00342538
      3.83057    0.0331199   0.00360081
      3.83200    0.0334138   0.00359253
      3.83343    0.0307652   0.00360670
      3.83486    0.0305773   0.00363098
      3.83629    0.0294548   0.00360543
      3.83771    0.0319380   0.00365241
      3.83914    0.0301747   0.00386369
      3.84057    0.0284996   0.00355298
      3.84199    0.0340440   0.00363130
      3.84342    0.0337037   0.00360424
      3.84485    0.0317516   0.00377844
      3.84627    0.0290731   0.00393519
      3.84770    0.0313843   0.00402365
      3.84913    0.0325483   0.00362689
      3.85055    0.0289675   0.00383220
      3.85198    0.0318676   0.00358651
      3.85341    0.0350798   0.00380065
      3.85483    0.0345968   0.00376605
      3.85626    0.0346063   0.00364422
      3.85768    0.0304094   0.00395558
      3.85911    0.0294218   0.00396210
      3.86053    0.0356300   0.00403410
      3.86196    0.0344091   0.00404973
      3.86338    0.0363454   0.00419959
      3.86481    0.0413285   0.00396179
      3.86623    0.0342758   0.00392023
      3.86766    0.0280217   0.00421151
      3.86908    0.0287717   0.00454890
      3.87051    0.0328286   0.00416982
      3.87193    0.0298499   0.00420339
      3.87335    0.0278340   0.00442941
      3.87478    0.0298014   0.00459478
      3.87620    0.0314229   0.00447608
      3.87762    0.0301379   0.00430707
      3.87905    0.0361187   0.00460573
      3.88047    0.0389264   0.00447368
      3.88189    0.0321904   0.00420838
      3.88332    0.0317887   0.00450639
      3.88474    0.0365548   0.00453965
      3.88616    0.0365949   0.00449330
      3.88758    0.0376649   0.00454582
      3.88901    0.0379160   0.00452244
      3.89043    0.0307014   0.00451584
      3.89185    0.0337055   0.00477860
      3.89327    0.0318336   0.00439063
      3.89469    0.0312363   0.00443348
      3.89612    0.0317593   0.00441750
      3.89754    0.0374670   0.00448166
      3.89896    0.0353187   0.00396285
      3.90038    0.0296874   0.00431485
      3.90180    0.0306539   0.00420981
      3.90322    0.0302925   0.00458401
      3.90464    0.0357339   0.00393865
      3.90606    0.0407708   0.00411233
      3.90748    0.0412806   0.00424185
      3.90890    0.0397318   0.00453344
      3.91032    0.0354919   0.00428434
      3.91174    0.0355259   0.00459080
      3.91316    0.0317977   0.00450243
      3.91458    0.0329689   0.00468805
      3.91600    0.0404314   0.00449173
      3.91742    0.0431801   0.00458363
      3.91884    0.0295586   0.00422780
      3.92026    0.0289145   0.00447335
      3.92168    0.0299201   0.00446293
      3.92309    0.0312518   0.00461248
      3.92451    0.0320521   0.00402704
      3.92593    0.0337431   0.00432341
      3.92735    0.0339583   0.00435361
      3.92877    0.0390016   0.00439893
      3.93018    0.0294725   0.00444429
      3.93160    0.0356625   0.00422993
      3.93302    0.0350168   0.00435801
      3.93444    0.0344888   0.00399436
      3.93585    0.0341628   0.00418790
      3.93727    0.0317508   0.00413887
      3.93869    0.0315870   0.00424464
      3.94010    0.0310180   0.00405374
      3.94152    0.0331954   0.00425042
      3.94294    0.0340437   0.00427441
      3.94435    0.0311427   0.00412729
      3.94577    0.0333014   0.00418539
      3.94718    0.0352158   0.00415129
      3.94860    0.0310968   0.00409588
      3.95001    0.0312281   0.00401295
      3.95143    0.0308777   0.00402246
      3.95284    0.0324558   0.00382743
      3.95426    0.0326162   0.00391998
      3.95567    0.0337388   0.00368319
      3.95709    0.0336133   0.00405103
      3.95850    0.0345672   0.00406459
      3.95992    0.0316440   0.00395256
      3.96133    0.0326590   0.00391749
      3.96274    0.0377563   0.00373174
      3.96416    0.0346722   0.00419371
      3.96557    0.0323401   0.00405754
      3.96698    0.0331916   0.00408207
      3.96840    0.0343563   0.00432614
      3.96981    0.0371924   0.00432687
      3.97122    0.0374784   0.00440599
      3.97263    0.0370863   0.00422961
      3.97405    0.0376517   0.00423927
      3.97546    0.0364738   0.00395251
      3.97687    0.0339870   0.00449750
      3.97828    0.0334928   0.00404476
      3.97969    0.0296597   0.00404922
      3.98110    0.0326938   0.00443454
      3.98252    0.0298213   0.00406518
      3.98393    0.0283460   0.00408793
      3.98534    0.0318098   0.00402895
      3.98675    0.0317744   0.00398217
      3.98816    0.0320242   0.00439225
      3.98957    0.0295533   0.00431491
      3.99098    0.0269988   0.00418493
      3.99239    0.0299649   0.00454310
      3.99380    0.0305165   0.00426221
      3.99521    0.0357470   0.00397117
      3.99662    0.0364735   0.00433516
      3.99803    0.0333389   0.00414777
      3.99943    0.0374295   0.00426925
      4.00084    0.0432795   0.00417612
      4.00225    0.0370427   0.00437766
      4.00366    0.0394114   0.00431178
      4.00507    0.0381464   0.00456937
      4.00647    0.0333062   0.00433281
      4.00788    0.0291686   0.00462599
      4.00929    0.0329738   0.00466278
      4.01070    0.0411403   0.00466129
      4.01210    0.0420624   0.00454589
      4.01351    0.0385168   0.00511740
      4.01492    0.0351720   0.00448655
      4.01632    0.0359473   0.00440153
      4.01773    0.0356800   0.00494492
      4.01914    0.0327340   0.00479931
      4.02054    0.0320076   0.00489840
      4.02195    0.0354480   0.00464387
      4.02335    0.0413250   0.00457650
      4.02476    0.0360004   0.00549307
      4.02616    0.0316229   0.00512739
      4.02757    0.0323483   0.00468275
      4.02897    0.0360395   0.00477110
      4.03038    0.0416423   0.00476041
      4.03178    0.0372050   0.00492076
      4.03319    0.0315401   0.00450028
      4.03459    0.0308567   0.00508847
      4.03599    0.0375981   0.00483807
      4.03740    0.0368042   0.00457507
      4.03880    0.0374434   0.00478191
      4.04020    0.0310223   0.00533848
      4.04161    0.0346123   0.00542458
      4.04301    0.0346289   0.00575185
      4.04441    0.0361023   0.00548985
      4.04581    0.0429717   0.00544747
      4.04721    0.0408993   0.00530478
      4.04862    0.0445839   0.00540064
      4.05002    0.0472215   0.00540707
      4.05142    0.0515855   0.00611620
      4.05282    0.0406938   0.00553746
      4.05422    0.0376043   0.00571205
      4.05562    0.0445092   0.00550029
      4.05702    0.0401326   0.00541700
      4.05842    0.0366894   0.00533685
      4.05982    0.0368434   0.00551511
      4.06122    0.0300940   0.00521114
      4.06262    0.0275681   0.00495716
      4.06402    0.0284523   0.00533808
      4.06542    0.0312837   0.00480277
      4.06682    0.0300803   0.00554593
      4.06822    0.0312151   0.00580502
      4.06962    0.0350285   0.00513380
      4.07101    0.0400605   0.00519691
      4.07241    0.0337418   0.00580599
      4.07381    0.0277547   0.00543223
      4.07521    0.0367674   0.00529503
      4.07661    0.0332692   0.00493318
      4.07800    0.0251274   0.00569747
      4.07940    0.0327421   0.00568181
      4.08080    0.0377421   0.00599185
      4.08219    0.0245479   0.00613327
      4.08359    0.0260040   0.00533037
      4.08499    0.0327300   0.00586295
      4.08638    0.0413216   0.00568362
      4.08778    0.0343102   0.00550628
      4.08917    0.0236123   0.00622608
      4.09057    0.0266026   0.00654512
      4.09196    0.0292717   0.00607218
      4.09336    0.0229878   0.00640379
      4.09475    0.0258196   0.00631154
      4.09615    0.0308241   0.00576046
      4.09754    0.0311377   0.00564373
      4.09893    0.0404678   0.00603088
      4.10033    0.0318185   0.00574064
      4.10172    0.0305795   0.00618269
      4.10311    0.0426700   0.00605580
      4.10451    0.0394307   0.00603536
      4.10590    0.0341975   0.00570159
      4.10729    0.0435980   0.00622712
      4.10868    0.0351566   0.00616762
      4.11007    0.0480472   0.00628905
      4.11147    0.0280750   0.00629153
      4.11286    0.0240322   0.00620420
      4.11425    0.0357199   0.00617128
      4.11564    0.0363179   0.00633324
      4.11703    0.0331324   0.00745375
      4.11842    0.0261440   0.00669748
      4.11981    0.0268793   0.00690897
      4.12120    0.0410022   0.00693414
      4.12259    0.0465070   0.00679023
      4.12398    0.0307711   0.00615137
      4.12537    0.0274580   0.00685832
      4.12676    0.0256451   0.00677837
      4.12815    0.0206359   0.00667937
      4.12953    0.0219570   0.00659846
      4.13092    0.0276307   0.00677718
      4.13231    0.0372646   0.00735699
      4.13370    0.0429312   0.00726432
      4.13509    0.0393963   0.00647186
      4.13647    0.0320640   0.00782160
      4.13786    0.0300873   0.00817591
      4.13925    0.0347436   0.00762595
      4.14063    0.0423610   0.00897609
      4.14202    0.0477414   0.00849177
      4.14340    0.0469230   0.00847634
      4.14479    0.0641397   0.00917888
      4.14618    0.0556114   0.00949977
      4.14756    0.0344452   0.00976386
      4.14895    0.0441098   0.00891982
      4.15033    0.0426941   0.00960785
      4.15171    0.0319139   0.00792298
      4.15310    0.0339334   0.00833620
      4.15448    0.0350730   0.00842093
      4.15587    0.0250385   0.00796580
      4.15725    0.0308301    0.0100615
      4.15863    0.0447205   0.00972277
      4.16002    0.0533175   0.00909498
      4.16140    0.0565652   0.00913846
      4.16278    0.0555190    0.0109911
      4.16416    0.0393296    0.0102842
      4.16554    0.0150251    0.0115800
      4.16693    0.0144053    0.0116669
      4.16831    0.0211243    0.0139032
      4.16969    0.0201033    0.0135798
      4.17107    0.0167426    0.0131942
      4.17245    0.0333663    0.0141706
      4.17383    0.0906571    0.0171229
      4.17521     0.111630    0.0175321
      4.17659    0.0322851    0.0199057
      4.17797   0.00298727    0.0242773
      4.17935    0.0392521    0.0293486
      4.18073    0.0953675    0.0406670
      4.18211    0.0494471    0.0541024
      4.18349    0.0683358    0.0889526
      4.18486     0.211688     0.163897
      4.18624     0.122540     0.272366
      4.18762     0.109871     0.550568
      4.18900      1.75005      1.16040
      4.19037      4.25852      37.2130
      4.19175      2.57067      2.53616
      4.19313      2.85953      4.41540
      4.19450      12.9691      3.05561
      4.19588      26.3635      15.0950
      4.19725      1.03992      2.77630
      4.19863      18.4200      21.3973
      4.20000      54.6294      157.516
      4.20138      40.4434      1.74501
      4.20275     -6.22836      64.6295
      4.20413     -25.7426      6.27513
      4.20550     -59.5985      5.14999
      4.20688     -2.93211      2.07873
      4.20825      2.23637      10.1452
      4.20962     -1.04871      5.37540
      4.21100    -0.508243      1.96405
      4.21237      5.95115      6.42928
      4.21374      7.71426      11.7261
      4.21511     -9.47957      8.07932
      4.21648      10.5580      5.01457
      4.21786      3.80408      9.60590
      4.21923     0.164968      2.42227
      4.22060      2.00288      9.38337
      4.22197     -5.49256      3.30865
      4.22334     -33.2793      1457.81
      4.22471     -67.6258      145.853
      4.22608     -52.9781      2.32059
      4.22745     -7.35061      3.51256
      4.22882     -9.28164      27.8476
      4.23019      11.9427      11.1643
      4.23155     -6.59912      2.74212
      4.23292     -6.58305      16.7040
      4.23429      2.35583      6.29735
      4.23566     -26.7544      69.7303
      4.23703      2.28264      3.57982
      4.23839      3.12020      7.61538
      4.23976      28.3409      12.6516
      4.24113      62.8853      45.7782
      4.24249      7.29518      6.51522
      4.24386     -9.28916      4.44499
      4.24523     -11.5469      3.28596
      4.24659      27.4075      8.42966
      4.24796      3.67005      3.28353
      4.24932      7.62665      3.70809
      4.25069      7.06226      50.9290
      4.25205     0.483125      3.34992
      4.25341    -0.624743      2.24201
      4.25478      0.00000      4.24920
