SOURCE  = SVS 4-10                      / Source name
STANDARD= BS 6629                       / Standard name
OBSDATE = 07-08-2002                    / Date of observation
SPOS    =                               / Source position RA,DEC,J2000
STPOS   =                               / Standard position RA,DEC,J2000
STSPT   = A0V                           / Standard spectral type
STTEFF  = 10800                         / Standard effective temperature [K]
STMAG   = 3.75                          / Standard magnitude (adopted)
WAVEZP  = 3.45                          / Wavelength zero point [micron]
FLUXZP  = 290                           / Flux zero point [Jy]
SAIRM   =                               / Source mean airmass
STAIRM  =                               / Standard mean airmass
AIRMCORR=                               / Optimal (adopted) airmass correction
SPECRES = ~1200                         / Spectral resolution

Created by K. M. Pontoppidan             Sat Dec  6 22:52:39 2003

Wavelength [micron] Flux [Jy] Statistical Error [Jy]

      2.79903      0.00000      1.51113
      2.80045      2.12795      1.50580
      2.80187      2.07122      1.49750
      2.80328      1.48317      1.30351
      2.80470      3.58610      20.2700
      2.80612      7.81149      33.6155
      2.80754      19.0296      6.36223
      2.80895    0.0783963     0.375123
      2.81037     0.389117     0.106318
      2.81179     0.235140    0.0546029
      2.81321     0.100983    0.0395534
      2.81463     0.203965    0.0475381
      2.81605     0.255375    0.0684149
      2.81747     0.181560    0.0863217
      2.81889     0.117745    0.0923183
      2.82031     0.127246    0.0876138
      2.82173     0.170556    0.0611799
      2.82315    0.0933485    0.0254637
      2.82458    0.0385275    0.0127616
      2.82600   0.00609006   0.00898446
      2.82742    0.0126447   0.00773645
      2.82884    0.0189397   0.00632662
      2.83026    0.0337054   0.00554927
      2.83169    0.0312225   0.00633418
      2.83311    0.0290795    0.0113060
      2.83453    0.0155501    0.0240863
      2.83595    0.0356276    0.0410256
      2.83738    0.0866781    0.0446041
      2.83880    0.0444636    0.0285771
      2.84023    0.0288737    0.0154661
      2.84165    0.0755963   0.00856723
      2.84307    0.0441707   0.00577091
      2.84450    0.0356743   0.00437892
      2.84592    0.0366206   0.00451815
      2.84735    0.0360555   0.00624715
      2.84877    0.0405442   0.00851240
      2.85020    0.0366423   0.00897442
      2.85163    0.0191956   0.00847953
      2.85305    0.0116573    0.0106652
      2.85448   0.00772111    0.0138423
      2.85590    0.0237254    0.0122861
      2.85733    0.0301176   0.00799978
      2.85876    0.0359334   0.00560990
      2.86019    0.0246716   0.00465594
      2.86161    0.0268424   0.00401985
      2.86304    0.0405671   0.00345699
      2.86447    0.0181644   0.00306756
      2.86590    0.0267418   0.00325915
      2.86732    0.0474940   0.00373555
      2.86875    0.0326133   0.00434540
      2.87018    0.0285287   0.00481285
      2.87161    0.0279012   0.00513284
      2.87304    0.0371728   0.00480939
      2.87447    0.0313269   0.00362908
      2.87590    0.0206934   0.00269237
      2.87733    0.0230731   0.00245271
      2.87876    0.0277390   0.00253197
      2.88019    0.0338449   0.00253934
      2.88162    0.0319188   0.00244468
      2.88305    0.0320680   0.00244039
      2.88448    0.0315492   0.00263417
      2.88591    0.0323609   0.00279688
      2.88734    0.0289274   0.00305126
      2.88877    0.0277231   0.00334497
      2.89020    0.0327512   0.00305748
      2.89163    0.0351571   0.00248757
      2.89307    0.0329969   0.00216076
      2.89450    0.0306527   0.00194709
      2.89593    0.0304679   0.00173572
      2.89736    0.0312344   0.00171107
      2.89879    0.0328098   0.00201357
      2.90023    0.0320863   0.00269963
      2.90166    0.0311246   0.00341937
      2.90309    0.0286303   0.00368280
      2.90453    0.0285551   0.00346050
      2.90596    0.0307281   0.00312743
      2.90739    0.0307787   0.00268240
      2.90883    0.0299197   0.00220290
      2.91026    0.0286536   0.00181913
      2.91169    0.0279566   0.00174446
      2.91313    0.0286628   0.00186755
      2.91456    0.0296240   0.00190730
      2.91600    0.0294014   0.00180505
      2.91743    0.0293838   0.00177281
      2.91887    0.0288571   0.00181663
      2.92030    0.0298596   0.00198699
      2.92174    0.0254144   0.00248997
      2.92317    0.0158238   0.00308121
      2.92461    0.0174916   0.00299721
      2.92604    0.0229198   0.00223957
      2.92748    0.0192852   0.00176637
      2.92891    0.0253857   0.00159333
      2.93035    0.0243855   0.00152237
      2.93179    0.0238019   0.00154860
      2.93322    0.0231221   0.00156166
      2.93466    0.0221013   0.00151357
      2.93609    0.0228273   0.00154936
      2.93753    0.0240030   0.00164969
      2.93897    0.0255641   0.00180185
      2.94041    0.0242202   0.00186208
      2.94184    0.0239527   0.00192500
      2.94328    0.0246062   0.00206533
      2.94472    0.0245864   0.00209517
      2.94616    0.0237321   0.00206640
      2.94759    0.0240341   0.00204997
      2.94903    0.0228998   0.00193001
      2.95047    0.0218894   0.00169048
      2.95191    0.0235584   0.00164173
      2.95335    0.0239338   0.00180307
      2.95478    0.0243807   0.00196178
      2.95622    0.0254793   0.00192780
      2.95766    0.0257926   0.00176877
      2.95910    0.0209535   0.00163396
      2.96054    0.0201551   0.00160376
      2.96198    0.0240102   0.00153857
      2.96342    0.0226254   0.00149605
      2.96486    0.0216194   0.00149140
      2.96630    0.0224617   0.00154544
      2.96773    0.0228110   0.00179570
      2.96917    0.0219122   0.00232697
      2.97061    0.0233223   0.00297121
      2.97205    0.0236258   0.00333641
      2.97349    0.0213857   0.00323515
      2.97493    0.0195314   0.00279066
      2.97637    0.0194081   0.00244893
      2.97781    0.0197263   0.00220639
      2.97926    0.0186507   0.00216648
      2.98070    0.0209376   0.00207306
      2.98214    0.0233390   0.00186725
      2.98358    0.0216824   0.00168682
      2.98502    0.0194731   0.00156500
      2.98646    0.0210368   0.00145243
      2.98790    0.0208932   0.00138269
      2.98934    0.0232227   0.00138125
      2.99078    0.0244015   0.00135622
      2.99222    0.0230978   0.00145247
      2.99367    0.0228362   0.00151849
      2.99511    0.0239648   0.00160586
      2.99655    0.0245897   0.00173161
      2.99799    0.0196926   0.00170399
      2.99943    0.0196840   0.00165043
      3.00087    0.0202803   0.00156350
      3.00232    0.0227787   0.00150110
      3.00376    0.0253928   0.00155815
      3.00520    0.0225063   0.00172184
      3.00664    0.0221076   0.00191213
      3.00809    0.0213830   0.00192111
      3.00953    0.0222272   0.00166943
      3.01097    0.0218457   0.00151474
      3.01241    0.0246536   0.00146080
      3.01386    0.0258671   0.00142260
      3.01530    0.0284604   0.00144873
      3.01674    0.0268027   0.00154049
      3.01819    0.0224045   0.00175178
      3.01963    0.0216418   0.00198275
      3.02107    0.0145581   0.00207041
      3.02252   0.00790532   0.00202662
      3.02396    0.0162940   0.00180560
      3.02540    0.0218007   0.00158904
      3.02685    0.0213042   0.00146253
      3.02829    0.0226559   0.00140680
      3.02973    0.0237461   0.00149338
      3.03118    0.0234419   0.00158195
      3.03262    0.0220443   0.00174247
      3.03407    0.0220300   0.00191255
      3.03551    0.0230852   0.00215829
      3.03695    0.0235295   0.00242839
      3.03840    0.0223634   0.00246381
      3.03984    0.0224231   0.00233932
      3.04129    0.0240500   0.00209022
      3.04273    0.0251589   0.00191927
      3.04418    0.0247388   0.00179381
      3.04562    0.0226585   0.00176564
      3.04706    0.0239834   0.00183960
      3.04851    0.0239153   0.00192069
      3.04995    0.0226115   0.00212005
      3.05140    0.0212954   0.00242580
      3.05284    0.0228344   0.00275548
      3.05429    0.0269780   0.00285385
      3.05573    0.0255447   0.00266806
      3.05718    0.0245341   0.00223353
      3.05862    0.0227234   0.00180180
      3.06007    0.0208164   0.00162476
      3.06151    0.0210960   0.00164589
      3.06296    0.0235447   0.00171162
      3.06440    0.0232027   0.00176709
      3.06585    0.0231709   0.00175022
      3.06729    0.0219906   0.00176640
      3.06874    0.0231179   0.00184085
      3.07019    0.0233491   0.00189592
      3.07163    0.0232698   0.00196144
      3.07308    0.0241429   0.00191113
      3.07452    0.0227073   0.00170897
      3.07597    0.0226746   0.00160158
      3.07741    0.0230235   0.00150243
      3.07886    0.0224873   0.00156191
      3.08031    0.0207943   0.00177177
      3.08175    0.0245331   0.00198329
      3.08320    0.0280820   0.00204410
      3.08464    0.0258464   0.00194414
      3.08609    0.0261236   0.00186768
      3.08753    0.0258318   0.00184172
      3.08898    0.0261473   0.00186685
      3.09043    0.0270949   0.00191962
      3.09187    0.0243755   0.00198094
      3.09332    0.0235560   0.00213566
      3.09477    0.0255490   0.00220025
      3.09621    0.0263100   0.00225167
      3.09766    0.0233731   0.00217578
      3.09910    0.0226436   0.00195986
      3.10055    0.0271568   0.00177318
      3.10200    0.0221799   0.00167914
      3.10344    0.0187458   0.00185069
      3.10489    0.0249665   0.00210418
      3.10634    0.0247688   0.00223664
      3.10778    0.0256937   0.00230447
      3.10923    0.0279354   0.00232473
      3.11068    0.0281018   0.00229024
      3.11212    0.0271322   0.00218446
      3.11357    0.0259685   0.00210398
      3.11502    0.0263367   0.00193972
      3.11646    0.0274990   0.00179901
      3.11791    0.0279818   0.00162020
      3.11936    0.0276235   0.00145088
      3.12080    0.0267836   0.00138322
      3.12225    0.0273847   0.00141233
      3.12370    0.0279733   0.00158425
      3.12514    0.0267112   0.00180045
      3.12659    0.0254081   0.00213899
      3.12804    0.0256012   0.00226190
      3.12948    0.0264530   0.00200463
      3.13093    0.0278768   0.00161869
      3.13238    0.0290393   0.00139233
      3.13382    0.0307071   0.00131821
      3.13527    0.0307791   0.00131533
      3.13672    0.0310168   0.00136229
      3.13816    0.0303189   0.00150811
      3.13961    0.0305382   0.00167618
      3.14106    0.0318746   0.00169182
      3.14251    0.0319016   0.00168100
      3.14395    0.0306405   0.00167191
      3.14540    0.0297757   0.00171180
      3.14685    0.0303332   0.00178416
      3.14829    0.0298939   0.00180886
      3.14974    0.0301766   0.00169572
      3.15119    0.0317441   0.00148395
      3.15263    0.0327183   0.00143337
      3.15408    0.0334434   0.00143026
      3.15553    0.0335567   0.00146997
      3.15698    0.0323269   0.00153776
      3.15842    0.0335921   0.00152799
      3.15987    0.0349397   0.00142055
      3.16132    0.0343724   0.00136780
      3.16276    0.0340540   0.00129749
      3.16421    0.0358863   0.00130093
      3.16566    0.0357183   0.00132486
      3.16710    0.0354459   0.00133346
      3.16855    0.0350250   0.00136848
      3.17000    0.0355193   0.00135562
      3.17145    0.0360661   0.00132347
      3.17289    0.0367152   0.00137636
      3.17434    0.0390710   0.00142227
      3.17579    0.0359025   0.00143950
      3.17723    0.0367660   0.00143716
      3.17868    0.0387857   0.00142977
      3.18013    0.0385219   0.00138921
      3.18158    0.0382545   0.00138969
      3.18302    0.0388508   0.00147562
      3.18447    0.0387511   0.00149622
      3.18592    0.0380063   0.00146162
      3.18736    0.0394491   0.00146736
      3.18881    0.0403704   0.00150310
      3.19026    0.0407523   0.00166505
      3.19170    0.0407140   0.00197025
      3.19315    0.0387284   0.00211996
      3.19460    0.0370734   0.00208925
      3.19604    0.0396070   0.00211428
      3.19749    0.0427360   0.00220635
      3.19894    0.0427572   0.00246928
      3.20039    0.0415916   0.00266595
      3.20183    0.0409148   0.00279047
      3.20328    0.0434910   0.00284343
      3.20473    0.0397615   0.00288099
      3.20617    0.0400966   0.00298947
      3.20762    0.0427447   0.00336805
      3.20907    0.0449733   0.00386326
      3.21051    0.0407640   0.00418271
      3.21196    0.0335017   0.00401029
      3.21341    0.0381804   0.00353114
      3.21485    0.0402378   0.00299037
      3.21630    0.0405004   0.00259745
      3.21775    0.0389521   0.00240321
      3.21919    0.0424757   0.00242178
      3.22064    0.0469520   0.00258339
      3.22209    0.0480456   0.00306077
      3.22353    0.0488547   0.00363492
      3.22498    0.0486943   0.00385716
      3.22643    0.0430469   0.00344130
      3.22787    0.0377479   0.00308287
      3.22932    0.0416216   0.00318258
      3.23077    0.0434956   0.00329860
      3.23221    0.0439450   0.00290222
      3.23366    0.0464474   0.00210947
      3.23510    0.0473684   0.00185111
      3.23655    0.0474750   0.00175296
      3.23800    0.0472049   0.00166180
      3.23944    0.0455280   0.00181817
      3.24089    0.0446130   0.00200524
      3.24234    0.0448732   0.00218549
      3.24378    0.0440293   0.00237746
      3.24523    0.0467866   0.00271318
      3.24668    0.0481614   0.00309930
      3.24812    0.0467066   0.00325648
      3.24957    0.0474836   0.00296365
      3.25101    0.0490514   0.00230751
      3.25246    0.0496175   0.00183545
      3.25391    0.0492354   0.00154128
      3.25535    0.0505394   0.00145799
      3.25680    0.0515065   0.00155181
      3.25824    0.0536770   0.00178056
      3.25969    0.0548927   0.00208345
      3.26113    0.0542365   0.00256360
      3.26258    0.0522990   0.00282792
      3.26403    0.0483990   0.00262647
      3.26547    0.0500663   0.00225016
      3.26692    0.0487172   0.00206207
      3.26836    0.0478116   0.00211768
      3.26981    0.0523270   0.00238946
      3.27125    0.0520299   0.00256929
      3.27270    0.0540739   0.00246210
      3.27415    0.0540497   0.00200436
      3.27559    0.0545943   0.00171316
      3.27704    0.0547170   0.00163513
      3.27848    0.0549409   0.00176514
      3.27993    0.0538788   0.00186463
      3.28137    0.0529024   0.00178367
      3.28282    0.0500812   0.00159588
      3.28426    0.0505820   0.00148837
      3.28571    0.0564300   0.00138334
      3.28715    0.0578500   0.00135454
      3.28860    0.0582349   0.00143900
      3.29004    0.0579058   0.00149626
      3.29149    0.0585969   0.00161537
      3.29293    0.0596723   0.00184776
      3.29438    0.0612671   0.00221502
      3.29582    0.0615736   0.00257175
      3.29727    0.0640575   0.00290827
      3.29871    0.0655995   0.00316014
      3.30016    0.0605576   0.00295473
      3.30160    0.0610685   0.00254849
      3.30305    0.0619778   0.00224686
      3.30449    0.0611741   0.00209554
      3.30594    0.0619821   0.00198290
      3.30738    0.0605735   0.00183569
      3.30883    0.0602195   0.00192774
      3.31027    0.0614877   0.00214628
      3.31171    0.0619668   0.00271373
      3.31316    0.0629203   0.00432927
      3.31460    0.0672083   0.00842397
      3.31605    0.0778062    0.0149636
      3.31749    0.0698339    0.0175609
      3.31894    0.0562364    0.0127091
      3.32038    0.0622244   0.00796412
      3.32182    0.0647817   0.00503162
      3.32327    0.0650648   0.00336847
      3.32471    0.0613756   0.00262542
      3.32616    0.0635489   0.00228185
      3.32760    0.0646109   0.00215158
      3.32904    0.0624511   0.00199215
      3.33049    0.0605978   0.00173853
      3.33193    0.0598609   0.00154250
      3.33337    0.0623157   0.00146371
      3.33482    0.0652750   0.00153770
      3.33626    0.0655163   0.00156661
      3.33770    0.0644511   0.00161716
      3.33915    0.0636609   0.00163731
      3.34059    0.0633316   0.00171367
      3.34203    0.0632137   0.00180017
      3.34348    0.0632500   0.00183360
      3.34492    0.0640731   0.00184836
      3.34636    0.0655995   0.00187043
      3.34781    0.0651123   0.00180031
      3.34925    0.0655924   0.00170125
      3.35069    0.0677525   0.00160391
      3.35214    0.0675007   0.00155032
      3.35358    0.0647417   0.00163811
      3.35502    0.0653496   0.00179225
      3.35647    0.0672910   0.00201277
      3.35791    0.0686131   0.00207581
      3.35935    0.0670319   0.00191419
      3.36079    0.0664496   0.00186723
      3.36224    0.0672504   0.00177546
      3.36368    0.0681503   0.00172495
      3.36512    0.0684090   0.00163386
      3.36656    0.0684881   0.00170522
      3.36801    0.0694639   0.00178390
      3.36945    0.0688679   0.00183113
      3.37089    0.0683215   0.00181790
      3.37233    0.0690903   0.00167759
      3.37377    0.0700580   0.00157916
      3.37522    0.0705501   0.00153722
      3.37666    0.0703457   0.00159127
      3.37810    0.0704753   0.00171067
      3.37954    0.0704965   0.00180732
      3.38098    0.0701361   0.00194912
      3.38243    0.0706834   0.00191325
      3.38387    0.0701835   0.00176139
      3.38531    0.0697583   0.00160580
      3.38675    0.0681662   0.00152452
      3.38819    0.0703571   0.00152684
      3.38963    0.0718390   0.00159775
      3.39108    0.0712815   0.00172755
      3.39252    0.0729903   0.00185195
      3.39396    0.0731240   0.00178315
      3.39540    0.0705485   0.00159336
      3.39684    0.0689421   0.00142457
      3.39828    0.0694709   0.00137545
      3.39972    0.0701267   0.00139745
      3.40116    0.0710991   0.00150426
      3.40261    0.0712370   0.00172007
      3.40405    0.0704633   0.00194577
      3.40549    0.0698741   0.00200115
      3.40693    0.0694477   0.00186068
      3.40837    0.0701371   0.00173571
      3.40981    0.0709535   0.00166631
      3.41125    0.0718547   0.00165025
      3.41269    0.0718120   0.00161872
      3.41413    0.0714954   0.00165731
      3.41557    0.0732322   0.00174760
      3.41701    0.0748008   0.00170161
      3.41845    0.0732699   0.00159082
      3.41989    0.0728347   0.00147480
      3.42133    0.0760767   0.00140456
      3.42277    0.0757427   0.00138460
      3.42421    0.0746062   0.00144821
      3.42565    0.0748684   0.00158325
      3.42709    0.0740599   0.00177095
      3.42853    0.0740572   0.00179655
      3.42997    0.0753807   0.00165018
      3.43141    0.0746942   0.00151454
      3.43285    0.0757457   0.00140159
      3.43429    0.0761694   0.00136991
      3.43573    0.0761370   0.00141631
      3.43717    0.0763914   0.00142669
      3.43861    0.0766148   0.00150151
      3.44005    0.0763482   0.00160952
      3.44149    0.0766394   0.00161926
      3.44293    0.0776601   0.00149297
      3.44437    0.0789616   0.00143059
      3.44581    0.0781163   0.00141059
      3.44725    0.0768982   0.00138563
      3.44869    0.0793394   0.00139173
      3.45013    0.0799140   0.00142501
      3.45157    0.0788531   0.00149263
      3.45300    0.0779879   0.00156428
      3.45444    0.0799328   0.00153111
      3.45588    0.0803344   0.00144862
      3.45732    0.0791702   0.00140132
      3.45876    0.0805251   0.00136229
      3.46020    0.0809808   0.00133621
      3.46164    0.0804645   0.00138714
      3.46308    0.0810330   0.00142077
      3.46451    0.0800869   0.00144464
      3.46595    0.0789971   0.00151812
      3.46739    0.0795449   0.00149139
      3.46883    0.0802721   0.00142533
      3.47027    0.0814418   0.00139779
      3.47171    0.0831876   0.00136862
      3.47314    0.0825379   0.00135549
      3.47458    0.0801822   0.00138789
      3.47602    0.0808893   0.00144176
      3.47746    0.0835677   0.00151969
      3.47890    0.0846175   0.00153111
      3.48033    0.0829062   0.00144490
      3.48177    0.0818716   0.00142138
      3.48321    0.0810136   0.00144527
      3.48465    0.0819518   0.00143483
      3.48608    0.0821957   0.00140034
      3.48752    0.0812601   0.00141630
      3.48896    0.0815053   0.00146505
      3.49040    0.0828163   0.00148461
      3.49183    0.0830806   0.00144289
      3.49327    0.0828164   0.00142171
      3.49471    0.0836447   0.00138171
      3.49615    0.0845829   0.00138954
      3.49758    0.0855880   0.00139413
      3.49902    0.0858707   0.00141168
      3.50046    0.0865872   0.00139703
      3.50189    0.0856997   0.00137821
      3.50333    0.0852425   0.00138488
      3.50477    0.0866495   0.00137711
      3.50621    0.0874348   0.00136527
      3.50764    0.0869989   0.00140616
      3.50908    0.0867168   0.00140012
      3.51052    0.0870572   0.00142485
      3.51195    0.0873812   0.00143395
      3.51339    0.0862476   0.00142241
      3.51483    0.0872229   0.00142133
      3.51626    0.0869797   0.00139345
      3.51770    0.0858364   0.00139057
      3.51913    0.0867194   0.00138759
      3.52057    0.0886870   0.00138750
      3.52201    0.0876124   0.00138496
      3.52344    0.0862959   0.00137598
      3.52488    0.0866276   0.00136964
      3.52632    0.0890361   0.00143139
      3.52775    0.0891850   0.00143464
      3.52919    0.0861634   0.00139096
      3.53062    0.0863138   0.00140735
      3.53206    0.0886586   0.00148095
      3.53350    0.0883241   0.00152207
      3.53493    0.0885083   0.00156578
      3.53637    0.0887394   0.00156592
      3.53780    0.0882903   0.00158276
      3.53924    0.0885061   0.00158122
      3.54067    0.0890509   0.00160764
      3.54211    0.0900066   0.00159444
      3.54355    0.0907278   0.00152702
      3.54498    0.0912906   0.00151038
      3.54642    0.0914186   0.00151932
      3.54785    0.0925665   0.00147617
      3.54929    0.0945390   0.00147557
      3.55072    0.0942849   0.00150374
      3.55216    0.0938937   0.00153221
      3.55359    0.0927040   0.00154063
      3.55503    0.0920145   0.00151225
      3.55646    0.0926201   0.00145974
      3.55790    0.0930066   0.00148494
      3.55933    0.0942078   0.00148088
      3.56077    0.0953740   0.00147121
      3.56220    0.0956143   0.00152142
      3.56364    0.0962867   0.00156722
      3.56507    0.0980730   0.00157897
      3.56651    0.0984773   0.00154513
      3.56794    0.0969317   0.00155133
      3.56938    0.0956268   0.00158205
      3.57081    0.0962377   0.00157985
      3.57225    0.0961622   0.00155853
      3.57368    0.0965303   0.00161354
      3.57512    0.0975785   0.00165416
      3.57655    0.0990204   0.00154973
      3.57798    0.0975598   0.00151910
      3.57942    0.0965352   0.00154376
      3.58085    0.0964833   0.00155913
      3.58229    0.0998884   0.00157604
      3.58372     0.104199   0.00159102
      3.58516     0.100938   0.00158977
      3.58659    0.0978406   0.00155457
      3.58803    0.0987507   0.00152285
      3.58946    0.0970303   0.00150922
      3.59089    0.0964806   0.00157054
      3.59233     0.100997   0.00158829
      3.59376     0.102462   0.00156994
      3.59520     0.104190   0.00152537
      3.59663     0.103750   0.00151009
      3.59806     0.102800   0.00152822
      3.59950     0.102497   0.00154045
      3.60093     0.102456   0.00151285
      3.60237     0.103591   0.00150767
      3.60380     0.106546   0.00157344
      3.60523     0.109091   0.00161664
      3.60667     0.107711   0.00164482
      3.60810     0.104336   0.00162202
      3.60953     0.103621   0.00158409
      3.61097     0.103891   0.00155293
      3.61240     0.103598   0.00157016
      3.61383     0.103355   0.00155445
      3.61527     0.104590   0.00153439
      3.61670     0.108317   0.00154098
      3.61813     0.108240   0.00155467
      3.61957     0.105777   0.00153406
      3.62100     0.105408   0.00155029
      3.62244     0.106331   0.00153462
      3.62387     0.106551   0.00154363
      3.62530     0.106214   0.00157368
      3.62674     0.106441   0.00159251
      3.62817     0.109277   0.00158555
      3.62960     0.110854   0.00154441
      3.63104     0.110780   0.00154683
      3.63247     0.109098   0.00157236
      3.63390     0.107060   0.00159806
      3.63533     0.106256   0.00157235
      3.63677     0.107356   0.00150923
      3.63820     0.108758   0.00150298
      3.63963     0.109240   0.00152730
      3.64107     0.110392   0.00153963
      3.64250     0.109313   0.00156669
      3.64393     0.107505   0.00161209
      3.64537     0.109520   0.00167520
      3.64680     0.112818   0.00167937
      3.64823     0.114202   0.00160378
      3.64967     0.112418   0.00160092
      3.65110     0.110474   0.00159654
      3.65253     0.110882   0.00155535
      3.65396     0.110788   0.00153045
      3.65540     0.111207   0.00152066
      3.65683     0.110932   0.00155872
      3.65826     0.111183   0.00158886
      3.65970     0.111640   0.00153845
      3.66113     0.111611   0.00153399
      3.66256     0.112473   0.00157851
      3.66399     0.112881   0.00159698
      3.66543     0.112392   0.00157658
      3.66686     0.111589   0.00162753
      3.66829     0.111553   0.00168153
      3.66972     0.112334   0.00162168
      3.67116     0.111575   0.00163460
      3.67259     0.111065   0.00172584
      3.67402     0.110746   0.00175719
      3.67546     0.110139   0.00173811
      3.67689     0.112745   0.00173058
      3.67832     0.112741   0.00167552
      3.67975     0.112319   0.00160835
      3.68119     0.113453   0.00160601
      3.68262     0.115374   0.00163062
      3.68405     0.116886   0.00165376
      3.68548     0.116780   0.00163417
      3.68692     0.114052   0.00166713
      3.68835     0.112871   0.00168566
      3.68978     0.114219   0.00165188
      3.69122     0.114767   0.00164090
      3.69265     0.115061   0.00163260
      3.69408     0.114217   0.00161869
      3.69551     0.114130   0.00162744
      3.69695     0.116925   0.00164843
      3.69838     0.122842   0.00165298
      3.69981     0.122670   0.00164073
      3.70124     0.116966   0.00158950
      3.70268     0.115237   0.00156880
      3.70411     0.115641   0.00156913
      3.70554     0.114856   0.00157488
      3.70697     0.114847   0.00160584
      3.70841     0.115083   0.00162960
      3.70984     0.114184   0.00167909
      3.71127     0.115513   0.00166638
      3.71271     0.117026   0.00166380
      3.71414     0.118193   0.00166574
      3.71557     0.117671   0.00161187
      3.71700     0.115831   0.00162917
      3.71844     0.117447   0.00163122
      3.71987     0.118550   0.00156175
      3.72130     0.117549   0.00157392
      3.72273     0.117588   0.00161367
      3.72417     0.118705   0.00164730
      3.72560     0.120906   0.00169847
      3.72703     0.121721   0.00173628
      3.72847     0.119998   0.00174846
      3.72990     0.118792   0.00173042
      3.73133     0.119413   0.00176212
      3.73276     0.121005   0.00178239
      3.73420     0.123917   0.00174398
      3.73563     0.125723   0.00177446
      3.73706     0.128259   0.00183235
      3.73850     0.131464   0.00185574
      3.73993     0.133943   0.00182314
      3.74136     0.133923   0.00180926
      3.74280     0.131437   0.00177047
      3.74423     0.128344   0.00172921
      3.74566     0.127962   0.00170087
      3.74710     0.127577   0.00167314
      3.74853     0.125289   0.00167542
      3.74996     0.126184   0.00171776
      3.75139     0.126100   0.00173339
      3.75283     0.124085   0.00173952
      3.75426     0.122193   0.00173426
      3.75569     0.123589   0.00173218
      3.75713     0.124818   0.00173366
      3.75856     0.123491   0.00170687
      3.75999     0.122077   0.00170103
      3.76143     0.122040   0.00174584
      3.76286     0.122923   0.00181536
      3.76429     0.124193   0.00181802
      3.76573     0.125796   0.00182262
      3.76716     0.127604   0.00183264
      3.76860     0.128538   0.00183510
      3.77003     0.127838   0.00183711
      3.77146     0.125654   0.00178331
      3.77290     0.124414   0.00180983
      3.77433     0.124453   0.00180433
      3.77576     0.124308   0.00177450
      3.77720     0.124172   0.00177539
      3.77863     0.124264   0.00179521
      3.78007     0.124225   0.00183839
      3.78150     0.125326   0.00184516
      3.78293     0.126073   0.00182008
      3.78437     0.126334   0.00182099
      3.78580     0.128676   0.00182317
      3.78724     0.127238   0.00183145
      3.78867     0.124478   0.00185388
      3.79010     0.124872   0.00182317
      3.79154     0.126071   0.00182450
      3.79297     0.126760   0.00177947
      3.79441     0.125052   0.00176283
      3.79584     0.124331   0.00180318
      3.79728     0.125415   0.00177586
      3.79871     0.125036   0.00178542
      3.80015     0.124681   0.00185925
      3.80158     0.123639   0.00183441
      3.80302     0.124158   0.00184526
      3.80445     0.125951   0.00187572
      3.80589     0.126303   0.00186896
      3.80732     0.126706   0.00185906
      3.80875     0.128109   0.00187743
      3.81019     0.124261   0.00190137
      3.81163     0.122230   0.00185689
      3.81306     0.126241   0.00179991
      3.81450     0.127868   0.00178678
      3.81593     0.127791   0.00185088
      3.81737     0.130013   0.00183503
      3.81880     0.130341   0.00181880
      3.82024     0.130529   0.00189526
      3.82167     0.132372   0.00191028
      3.82311     0.133389   0.00187655
      3.82454     0.131622   0.00185766
      3.82598     0.130974   0.00186086
      3.82742     0.130347   0.00188541
      3.82885     0.129100   0.00187949
      3.83029     0.129381   0.00185614
      3.83172     0.130479   0.00191775
      3.83316     0.129469   0.00196750
      3.83460     0.126181   0.00192213
      3.83603     0.125540   0.00189116
      3.83747     0.127101   0.00186605
      3.83891     0.128072   0.00188122
      3.84034     0.127820   0.00194352
      3.84178     0.128792   0.00194364
      3.84322     0.129607   0.00190572
      3.84465     0.128864   0.00194894
      3.84609     0.127475   0.00193422
      3.84753     0.127656   0.00191216
      3.84896     0.128756   0.00187231
      3.85040     0.129481   0.00190419
      3.85184     0.127568   0.00196727
      3.85328     0.126000   0.00196167
      3.85471     0.129222   0.00197842
      3.85615     0.132109   0.00201836
      3.85759     0.131096   0.00199874
      3.85903     0.133181   0.00209474
      3.86046     0.135357   0.00218967
      3.86190     0.130827   0.00206087
      3.86334     0.126038   0.00205824
      3.86478     0.124969   0.00206550
      3.86622     0.126578   0.00201156
      3.86765     0.126416   0.00208571
      3.86909     0.127832   0.00220064
      3.87053     0.130540   0.00222521
      3.87197     0.130862   0.00220606
      3.87341     0.129940   0.00222792
      3.87485     0.129375   0.00225140
      3.87629     0.128559   0.00224366
      3.87773     0.130003   0.00223659
      3.87916     0.131692   0.00224367
      3.88060     0.130435   0.00224236
      3.88204     0.131721   0.00226080
      3.88348     0.132753   0.00223683
      3.88492     0.133367   0.00228733
      3.88636     0.134081   0.00231112
      3.88780     0.132415   0.00234618
      3.88924     0.130186   0.00230206
      3.89068     0.131273   0.00224130
      3.89212     0.133127   0.00228233
      3.89356     0.131764   0.00227047
      3.89500     0.132380   0.00222090
      3.89644     0.135342   0.00220164
      3.89789     0.135931   0.00221034
      3.89933     0.135400   0.00226514
      3.90077     0.134855   0.00224077
      3.90221     0.134731   0.00216956
      3.90365     0.134810   0.00213454
      3.90509     0.133316   0.00213622
      3.90653     0.133318   0.00220284
      3.90797     0.133922   0.00227105
      3.90942     0.134076   0.00237241
      3.91086     0.136613   0.00242810
      3.91230     0.138787   0.00246136
      3.91374     0.138430   0.00251612
      3.91518     0.137723   0.00240595
      3.91663     0.137336   0.00236937
      3.91807     0.136784   0.00241163
      3.91951     0.136072   0.00244261
      3.92095     0.133797   0.00237052
      3.92240     0.132340   0.00232500
      3.92384     0.133010   0.00231602
      3.92528     0.133304   0.00242958
      3.92673     0.133233   0.00243837
      3.92817     0.134336   0.00237984
      3.92962     0.136964   0.00231533
      3.93106     0.137553   0.00232343
      3.93250     0.136605   0.00232076
      3.93395     0.136724   0.00232440
      3.93539     0.136908   0.00228554
      3.93684     0.136628   0.00229123
      3.93828     0.137079   0.00231126
      3.93973     0.136944   0.00235450
      3.94117     0.136740   0.00239718
      3.94262     0.136031   0.00230252
      3.94406     0.136612   0.00226309
      3.94551     0.137559   0.00229127
      3.94695     0.137888   0.00229598
      3.94840     0.138287   0.00231252
      3.94985     0.139420   0.00221990
      3.95129     0.137513   0.00219806
      3.95274     0.136155   0.00225033
      3.95418     0.138302   0.00227363
      3.95563     0.137055   0.00223460
      3.95708     0.134989   0.00224209
      3.95852     0.132479   0.00222680
      3.95997     0.134865   0.00223019
      3.96142     0.137559   0.00225388
      3.96287     0.139260   0.00227295
      3.96431     0.138168   0.00228558
      3.96576     0.136064   0.00223175
      3.96721     0.136905   0.00224348
      3.96866     0.133456   0.00224804
      3.97011     0.112058   0.00226619
      3.97156     0.111466   0.00228477
      3.97301     0.135630   0.00231647
      3.97445     0.134882   0.00233922
      3.97590     0.134232   0.00235462
      3.97735     0.133739   0.00235164
      3.97880     0.136625   0.00250311
      3.98025     0.138845   0.00252378
      3.98170     0.135239   0.00239802
      3.98315     0.135453   0.00236748
      3.98460     0.136531   0.00235403
      3.98605     0.135266   0.00241707
      3.98750     0.136635   0.00242541
      3.98896     0.134745   0.00241952
      3.99041     0.135997   0.00242819
      3.99186     0.139936   0.00245484
      3.99331     0.136985   0.00240553
      3.99476     0.134709   0.00241533
      3.99621     0.135845   0.00248371
      3.99767     0.135470   0.00256527
      3.99912     0.135326   0.00248964
      4.00057     0.137413   0.00242098
      4.00202     0.136683   0.00246079
      4.00348     0.139990   0.00255747
      4.00493     0.143401   0.00260433
      4.00638     0.141950   0.00255433
      4.00784     0.139806   0.00257092
      4.00929     0.138661   0.00252147
      4.01075     0.139070   0.00244691
      4.01220     0.139702   0.00259850
      4.01366     0.138816   0.00263873
      4.01511     0.138994   0.00257183
      4.01657     0.140619   0.00260027
      4.01802     0.142568   0.00258842
      4.01948     0.144141   0.00263400
      4.02093     0.145167   0.00263373
      4.02239     0.146940   0.00257267
      4.02385     0.143486   0.00265303
      4.02530     0.141617   0.00267852
      4.02676     0.143093   0.00265605
      4.02822     0.144589   0.00269135
      4.02967     0.145397   0.00264794
      4.03113     0.144964   0.00268413
      4.03259     0.144690   0.00274710
      4.03405     0.143772   0.00275365
      4.03551     0.144644   0.00275143
      4.03696     0.145253   0.00276853
      4.03842     0.144059   0.00276520
      4.03988     0.142531   0.00280121
      4.04134     0.143992   0.00283251
      4.04280     0.145457   0.00284196
      4.04426     0.145718   0.00286891
      4.04572     0.149665   0.00303289
      4.04718     0.153949   0.00324060
      4.04864     0.154761   0.00326228
      4.05010     0.153817   0.00319931
      4.05156     0.153441   0.00318758
      4.05302     0.153597   0.00324750
      4.05449     0.156417   0.00320239
      4.05595     0.159190   0.00320661
      4.05741     0.162524   0.00330359
      4.05887     0.163245   0.00334522
      4.06034     0.155349   0.00324479
      4.06180     0.148097   0.00317093
      4.06326     0.145080   0.00313125
      4.06473     0.145150   0.00311526
      4.06619     0.144455   0.00321093
      4.06765     0.145353   0.00326969
      4.06912     0.148653   0.00328589
      4.07058     0.150855   0.00335110
      4.07205     0.147286   0.00330582
      4.07351     0.143638   0.00330209
      4.07498     0.143251   0.00350479
      4.07644     0.142136   0.00346485
      4.07791     0.141029   0.00338880
      4.07938     0.142293   0.00344966
      4.08084     0.142219   0.00351187
      4.08231     0.144330   0.00358947
      4.08378     0.146002   0.00357360
      4.08525     0.147180   0.00360699
      4.08671     0.147421   0.00377969
      4.08818     0.147589   0.00380882
      4.08965     0.148557   0.00364006
      4.09112     0.145860   0.00367891
      4.09259     0.143266   0.00373997
      4.09406     0.140916   0.00374513
      4.09553     0.142495   0.00370021
      4.09700     0.144788   0.00378156
      4.09847     0.143504   0.00393264
      4.09994     0.146636   0.00404032
      4.10141     0.145438   0.00382908
      4.10288     0.143268   0.00379452
      4.10435     0.144732   0.00386868
      4.10583     0.144459   0.00387392
      4.10730     0.141909   0.00386191
      4.10877     0.142462   0.00385872
      4.11024     0.143616   0.00388518
      4.11172     0.140541   0.00396359
      4.11319     0.142401   0.00412934
      4.11466     0.146485   0.00414318
      4.11614     0.145802   0.00403540
      4.11761     0.141360   0.00408990
      4.11909     0.141773   0.00424408
      4.12056     0.144406   0.00427627
      4.12204     0.145040   0.00419949
      4.12352     0.145542   0.00431227
      4.12499     0.142540   0.00434944
      4.12647     0.142327   0.00425391
      4.12794     0.144145   0.00421188
      4.12942     0.144522   0.00424258
      4.13090     0.144165   0.00423111
      4.13238     0.142617   0.00434106
      4.13386     0.142925   0.00446193
      4.13534     0.145231   0.00465323
      4.13681     0.148354   0.00469270
      4.13829     0.148343   0.00468514
      4.13977     0.145239   0.00468696
      4.14125     0.146901   0.00478948
      4.14274     0.155067   0.00522584
      4.14422     0.167529   0.00590109
      4.14570     0.195452   0.00679372
      4.14718     0.223152   0.00759179
      4.14866     0.233174   0.00781632
      4.15014     0.233992   0.00747282
      4.15163     0.229343   0.00744017
      4.15311     0.227334   0.00768616
      4.15459     0.225528   0.00735868
      4.15608     0.215139   0.00675211
      4.15756     0.202541   0.00646314
      4.15905     0.187525   0.00590982
      4.16053     0.168254   0.00545291
      4.16202     0.156910   0.00522293
      4.16350     0.148097   0.00521360
      4.16499     0.142346   0.00538049
      4.16648     0.143682   0.00540457
      4.16796     0.148180   0.00550330
      4.16945     0.151183   0.00556895
      4.17094     0.152436   0.00580247
      4.17243     0.149042   0.00611762
      4.17391     0.145432   0.00635567
      4.17540     0.150733   0.00649987
      4.17689     0.152398   0.00698207
      4.17838     0.147933   0.00724786
      4.17987     0.147446   0.00747575
      4.18136     0.144694   0.00771134
      4.18286     0.142853   0.00827807
      4.18435     0.140580   0.00885759
      4.18584     0.139736   0.00947698
      4.18733     0.130771    0.0103385
      4.18882     0.125241    0.0119336
      4.19032     0.137442    0.0142324
      4.19181     0.135364    0.0175639
      4.19331     0.120185    0.0225012
      4.19480    0.0867777    0.0338812
      4.19629    0.0948048    0.0536461
      4.19779    0.0839241    0.0943128
      4.19929    0.0230845     0.183827
      4.20078     0.221367     0.384867
      4.20228      1.08351      1.03176
      4.20378      1.16169      2.42298
      4.20527     0.937641      3.08012
      4.20677     0.832683      3074.32
      4.20827      4.25033      4609.65
      4.20977      13.9019      16.9062
      4.21127      17.8592      9.52525
      4.21277     0.293632      2.90691
      4.21427      1.23885      1.15324
      4.21577      3.00995      2.30419
      4.21727      6.08305      7.18421
      4.21877      18.4842      7.56264
      4.22027      10.1934      1.81482
      4.22178      32.0613      13.0373
      4.22328      87.0312      44.8567
      4.22478      6.81699      61.0228
      4.22629      6.63515      18.5348
      4.22779      3.42204      4.48281
      4.22929      1.55685      14.3330
      4.23080      7.36988      21.8913
      4.23231      38.0739      14.3487
      4.23381      37.2113      13.9855
      4.23532      6.03580      4.83066
      4.23683      3.70121      5.02735
      4.23833      8.01053      1.85423
      4.23984      7.15132      2.11657
      4.24135      2.99768      6.85661
      4.24286      7.24609      8.72463
      4.24437      8.86312      4.85376
      4.24588      13.8452      213.036
      4.24739      2.38106      319.244
      4.24890      3.44208      4.61351
      4.25041      2.35296      15.5830
      4.25192      8.97961      21.7030
      4.25344      8.56376      8.37942
      4.25495      5.19130      41.6804
      4.25646      9.75726      66.8413
      4.25798      10.5644      8.76416
      4.25949      1.06172      1548.85
      4.26101      12.9929      2321.47
      4.26252      20.0220      11.4831
      4.26404      3.33536      69.7158
      4.26556      6.83768      104.070
      4.26707      1.44803      35.6436
      4.26859      1.15621      2.06329
      4.27011      1.13429      2.31139
      4.27163      2.30437      16.7695
      4.27315     0.736413      2432.96
      4.27467      11.6284      3617.48
      4.27619      0.00000      212.771
