SOURCE  = SVS 4-5                       / Source name
STANDARD= BS 7348                       / Standard name
OBSDATE = 07-05-2002                    / Date of observation
SPOS    = 18:29:58.1   01:12:39.4       / Source position RA,DEC,J2000
STPOS   = 19:23:53.0   -40:37:40.3      / Standard position RA,DEC,J2000
STSPT   = B8V                           / Standard spectral type
STTEFF  = 13400                         / Standard effective temperature [K]
STMAG   = 4.17                          / Standard magnitude (adopted)
WAVEZP  = 3.45                          / Wavelength zero point [micron]
FLUXZP  = 290                           / Flux zero point [Jy]
SAIRM   = 1.201                         / Source mean airmass
STAIRM  = 1.041                         / Standard mean airmass
AIRMCORR= 1.21                          / Optimal (adopted) airmass correction
SPECRES = ~1200                         / Spectral resolution

Created by K. M. Pontoppidan             Tue Apr 22 20:17:22 2003

Wavelength [micron] Flux [Jy] Statistical Error [Jy]

      2.81464      0.00000    0.0158501
      2.81612    0.0221306    0.0152950
      2.81761    0.0377453    0.0141759
      2.81910    0.0350110    0.0147708
      2.82058    0.0319646    0.0103368
      2.82207    0.0219872   0.00707489
      2.82355    0.0112624   0.00811401
      2.82503    0.0787346    0.0229041
      2.82651     0.216997    0.0835826
      2.82800    -0.454333     0.144078
      2.82948    -0.315880     0.136160
      2.83096     0.143595    0.0910093
      2.83244    0.0175890    0.0209174
      2.83391  7.24625e-05    0.0131025
      2.83539   0.00416414    0.0101155
      2.83687  -0.00410517   0.00559314
      2.83835  -0.00532008   0.00478490
      2.83982   0.00552982   0.00844513
      2.84130   0.00588418    0.0163362
      2.84277    0.0223764    0.0238582
      2.84424    0.0194627    0.0111470
      2.84572    0.0207792   0.00983586
      2.84719     0.118617    0.0206109
      2.84866     0.182295    0.0522994
      2.85013    0.0882545    0.0213912
      2.85160    0.0325903   0.00846431
      2.85307    0.0151004   0.00680968
      2.85454   0.00739906   0.00837616
      2.85601    0.0120685   0.00654277
      2.85747   0.00888624   0.00434144
      2.85894   0.00893977   0.00414675
      2.86041   0.00388126   0.00458498
      2.86187   0.00599544   0.00590154
      2.86334   0.00871789   0.00676615
      2.86480  -0.00446220   0.00648728
      2.86627    0.0133069   0.00789487
      2.86773    0.0149665    0.0106949
      2.86919   0.00460054   0.00576849
      2.87065    0.0108727   0.00321145
      2.87211   0.00897640   0.00333148
      2.87357   0.00233171   0.00404419
      2.87503   0.00316192   0.00380997
      2.87649   0.00775815   0.00352884
      2.87795   0.00708548   0.00360194
      2.87941   0.00557490   0.00389907
      2.88087  -0.00129530   0.00406731
      2.88232  -0.00243350   0.00376759
      2.88378   0.00648100   0.00435140
      2.88524   0.00548709   0.00598334
      2.88669   0.00266518   0.00426662
      2.88814   0.00210879   0.00342114
      2.88960   0.00527678   0.00341017
      2.89105   0.00622208   0.00290843
      2.89250   0.00123918   0.00243087
      2.89396  8.70017e-05   0.00237641
      2.89541   0.00302012   0.00259422
      2.89686   0.00366436   0.00393012
      2.89831    0.0101402   0.00697341
      2.89976    0.0142475   0.00520716
      2.90121    0.0121463   0.00484174
      2.90266   0.00658798   0.00542755
      2.90411  -0.00206178   0.00427590
      2.90555  -0.00474267   0.00347858
      2.90700  -0.00112060   0.00312094
      2.90845   0.00405878   0.00257666
      2.90989   0.00536669   0.00243972
      2.91134   0.00601436   0.00301064
      2.91278    0.0100733   0.00319422
      2.91423   0.00506599   0.00283505
      2.91567   0.00188999   0.00279625
      2.91711   0.00349286   0.00240519
      2.91856   0.00355129   0.00268846
      2.92000   0.00831606   0.00435031
      2.92144    0.0205748   0.00817588
      2.92288    0.0249452   0.00618714
      2.92432    0.0140491   0.00312246
      2.92576 -0.000124242   0.00243134
      2.92720  0.000622103   0.00229464
      2.92864   0.00493309   0.00245574
      2.93008   0.00293951   0.00225778
      2.93152   0.00119075   0.00221105
      2.93296   0.00177710   0.00230507
      2.93440  -0.00293685   0.00229237
      2.93583  -0.00186927   0.00240242
      2.93727   0.00507306   0.00295641
      2.93871   0.00664122   0.00308418
      2.94014   0.00444262   0.00273231
      2.94158  -0.00233698   0.00292442
      2.94301  -0.00443713   0.00334149
      2.94444   0.00318189   0.00278154
      2.94588   0.00401782   0.00302182
      2.94731 -0.000504095   0.00337650
      2.94874   0.00127737   0.00248077
      2.95018   0.00172782   0.00217309
      2.95161  -0.00108588   0.00237682
      2.95304   0.00108859   0.00323136
      2.95447   0.00410582   0.00362988
      2.95590   0.00468372   0.00278591
      2.95733   0.00432383   0.00240777
      2.95876   0.00394238   0.00242456
      2.96019   0.00250617   0.00232750
      2.96162   0.00142127   0.00233649
      2.96305  0.000950041   0.00227553
      2.96448 -4.17904e-05   0.00217985
      2.96590   0.00408108   0.00222691
      2.96733   0.00586591   0.00265486
      2.96876   0.00569659   0.00364349
      2.97018  -0.00718217   0.00486950
      2.97161   -0.0124430   0.00572618
      2.97304  -0.00387701   0.00490214
      2.97446  -0.00111471   0.00439568
      2.97589  -0.00243444   0.00368908
      2.97731 -0.000958038   0.00286459
      2.97873 -0.000420823   0.00297830
      2.98016  -0.00119459   0.00332464
      2.98158 -0.000795429   0.00295836
      2.98300  0.000730830   0.00236952
      2.98443 -0.000199903   0.00222045
      2.98585   0.00109672   0.00202604
      2.98727   0.00228249   0.00200025
      2.98869   0.00141876   0.00196775
      2.99011   0.00142666   0.00199200
      2.99153   0.00124129   0.00197850
      2.99295   0.00146592   0.00216603
      2.99437   0.00115830   0.00222667
      2.99579  0.000661175   0.00241182
      2.99721   0.00229102   0.00260212
      2.99863   0.00485847   0.00268116
      3.00005   0.00480655   0.00226409
      3.00147   0.00208421   0.00195630
      3.00289  0.000907803   0.00194651
      3.00430   0.00210661   0.00213091
      3.00572   0.00352604   0.00279787
      3.00714   0.00499394   0.00286943
      3.00856   0.00440304   0.00276249
      3.00997   0.00153847   0.00233998
      3.01139   0.00348318   0.00201277
      3.01280   0.00419861   0.00194313
      3.01422   0.00146640   0.00205173
      3.01563 -0.000123427   0.00196743
      3.01705  9.89194e-05   0.00208425
      3.01846   0.00332526   0.00259056
      3.01988   0.00175591   0.00282326
      3.02129   0.00168478   0.00308579
      3.02271   0.00217882   0.00332751
      3.02412   0.00242878   0.00261996
      3.02553   0.00175979   0.00199540
      3.02694   0.00100906   0.00190404
      3.02836   0.00140991   0.00194433
      3.02977   0.00231743   0.00196740
      3.03118   0.00132020   0.00207813
      3.03259 -0.000306850   0.00253119
      3.03400 -0.000424719   0.00266156
      3.03541   0.00145480   0.00247442
      3.03682   0.00301762   0.00298480
      3.03824  0.000544531   0.00366848
      3.03965  0.000448832   0.00314047
      3.04106   0.00702458   0.00282636
      3.04246   0.00498689   0.00240213
      3.04387   0.00194756   0.00208889
      3.04528   0.00450155   0.00222126
      3.04669   0.00356342   0.00244368
      3.04810   0.00185733   0.00236022
      3.04951   0.00321648   0.00253834
      3.05092   0.00378296   0.00278941
      3.05233  0.000510778   0.00306333
      3.05373    0.0110320   0.00381873
      3.05514    0.0228916   0.00399272
      3.05655    0.0128844   0.00346874
      3.05795   0.00289667   0.00256259
      3.05936  0.000453881   0.00216513
      3.06077  0.000725631   0.00189696
      3.06217   0.00136491   0.00212299
      3.06358  0.000232814   0.00231862
      3.06499 -0.000867551   0.00225436
      3.06639 -0.000398971   0.00222548
      3.06780  0.000183214   0.00229005
      3.06920   0.00455263   0.00226564
      3.07061   0.00717622   0.00237945
      3.07201   0.00111617   0.00266483
      3.07342 -0.000144017   0.00268039
      3.07482   0.00214560   0.00230685
      3.07623   0.00341123   0.00187466
      3.07763   0.00233831   0.00177953
      3.07903  0.000400928   0.00181015
      3.08044   0.00402156   0.00200804
      3.08184   0.00462955   0.00263874
      3.08324  0.000296688   0.00302346
      3.08465  -0.00160864   0.00257344
      3.08605  -0.00233230   0.00235274
      3.08745 -0.000826147   0.00220903
      3.08885  0.000837578   0.00210193
      3.09026   0.00155466   0.00228321
      3.09166   0.00293768   0.00219056
      3.09306  0.000351182   0.00227925
      3.09446  -0.00109280   0.00265975
      3.09586   0.00215295   0.00285836
      3.09726   0.00822231   0.00279470
      3.09867   0.00663872   0.00254034
      3.10007   0.00218818   0.00234729
      3.10147   0.00283403   0.00192296
      3.10287   0.00370387   0.00188090
      3.10427   0.00179379   0.00220127
      3.10567  -0.00343359   0.00304956
      3.10707  -0.00480587   0.00341522
      3.10847  -0.00157167   0.00251826
      3.10987  0.000678130   0.00246018
      3.11127   0.00239110   0.00271022
      3.11267   0.00264686   0.00275051
      3.11407 -0.000588512   0.00229054
      3.11547   0.00192070   0.00252860
      3.11687   0.00517321   0.00231080
      3.11827   0.00300232   0.00188401
      3.11967  0.000845994   0.00166026
      3.12107  0.000666326   0.00162176
      3.12246  0.000960061   0.00162961
      3.12386   0.00179466   0.00171935
      3.12526   0.00146243   0.00207284
      3.12666  0.000629966   0.00258695
      3.12806  -0.00194141   0.00337837
      3.12946   0.00210827   0.00295951
      3.13085   0.00534082   0.00205544
      3.13225   0.00302027   0.00175549
      3.13365   0.00304318   0.00162421
      3.13505   0.00445459   0.00157921
      3.13645   0.00356684   0.00154915
      3.13784  0.000933794   0.00162104
      3.13924   0.00147589   0.00204847
      3.14064   0.00356226   0.00232867
      3.14204   0.00326827   0.00210124
      3.14343   0.00316258   0.00184983
      3.14483   0.00464710   0.00187477
      3.14623   0.00513979   0.00241601
      3.14762   0.00392768   0.00254631
      3.14902   0.00315542   0.00209008
      3.15042   0.00263689   0.00171855
      3.15181   0.00285530   0.00168977
      3.15321   0.00269010   0.00161517
      3.15461   0.00297044   0.00176257
      3.15600   0.00400646   0.00196682
      3.15740   0.00253372   0.00202113
      3.15879  0.000853943   0.00180105
      3.16019  0.000802960   0.00173621
      3.16159  0.000474369   0.00162407
      3.16298   0.00138763   0.00155520
      3.16438   0.00215998   0.00147790
      3.16577   0.00184349   0.00153318
      3.16717   0.00200202   0.00161267
      3.16857   0.00257271   0.00156175
      3.16996   0.00218511   0.00150709
      3.17136   0.00218317   0.00152862
      3.17275   0.00252716   0.00164376
      3.17415   0.00415936   0.00175429
      3.17554   0.00455881   0.00174905
      3.17694   0.00312257   0.00165890
      3.17833   0.00244520   0.00157089
      3.17973   0.00271884   0.00151725
      3.18113   0.00325540   0.00167575
      3.18252   0.00343160   0.00179793
      3.18392   0.00370199   0.00190153
      3.18531   0.00467538   0.00177463
      3.18671   0.00387257   0.00163768
      3.18810   0.00456242   0.00160555
      3.18950   0.00542649   0.00169520
      3.19089   0.00456236   0.00227923
      3.19229   0.00680960   0.00295999
      3.19368   0.00795761   0.00235756
      3.19508   0.00603388   0.00192152
      3.19647   0.00237908   0.00207129
      3.19787   0.00543863   0.00290170
      3.19926   0.00747084   0.00316392
      3.20065   0.00357455   0.00284545
      3.20205   0.00341941   0.00344836
      3.20344  -0.00226133   0.00311736
      3.20484  0.000244532   0.00283932
      3.20623   0.00829353   0.00355291
      3.20763   0.00148777   0.00398505
      3.20902  -0.00556149   0.00510387
      3.21042   0.00355613   0.00528660
      3.21181    0.0101534   0.00465864
      3.21321   0.00689004   0.00365994
      3.21460   0.00781330   0.00306571
      3.21600   0.00655421   0.00286352
      3.21739   0.00514671   0.00274570
      3.21879   0.00527280   0.00236995
      3.22018    0.0126544   0.00272628
      3.22158    0.0136136   0.00376878
      3.22297    0.0148063   0.00494611
      3.22436    0.0164695   0.00546636
      3.22576   0.00774182   0.00377006
      3.22715   0.00452369   0.00286923
      3.22855   0.00487314   0.00354810
      3.22994   0.00708941   0.00503665
      3.23134   0.00873450   0.00355065
      3.23273   0.00645401   0.00226860
      3.23413   0.00625478   0.00171827
      3.23552   0.00581870   0.00168629
      3.23692   0.00671492   0.00175814
      3.23831   0.00699901   0.00216178
      3.23971   0.00968871   0.00238860
      3.24110    0.0116981   0.00226778
      3.24250   0.00807680   0.00226216
      3.24389   0.00502460   0.00312982
      3.24529   0.00552840   0.00374609
      3.24668   0.00312035   0.00422307
      3.24808   0.00727857   0.00384967
      3.24947    0.0139131   0.00277734
      3.25087    0.0140995   0.00197350
      3.25226   0.00995497   0.00167929
      3.25366   0.00732065   0.00161170
      3.25505   0.00898632   0.00156642
      3.25645    0.0118217   0.00172809
      3.25784    0.0124418   0.00201771
      3.25924   0.00594958   0.00304195
      3.26063   0.00239097   0.00430788
      3.26203   0.00380292   0.00370684
      3.26342   0.00988713   0.00240344
      3.26482    0.0122357   0.00197174
      3.26621    0.0115969   0.00203527
      3.26761    0.0125660   0.00233597
      3.26900    0.0111582   0.00327552
      3.27040   0.00231467   0.00436223
      3.27180   0.00558217   0.00282883
      3.27319    0.0124922   0.00200636
      3.27459    0.0119515   0.00160746
      3.27598    0.0142554   0.00160649
      3.27738    0.0135614   0.00198539
      3.27878    0.0134038   0.00260873
      3.28017    0.0144922   0.00226453
      3.28157    0.0118820   0.00173088
      3.28296    0.0109608   0.00158072
      3.28436    0.0122444   0.00157399
      3.28576    0.0117635   0.00149817
      3.28715    0.0106538   0.00150665
      3.28855    0.0105012   0.00164663
      3.28994    0.0119128   0.00174128
      3.29134    0.0147452   0.00197141
      3.29274    0.0200966   0.00225770
      3.29413    0.0240554   0.00269351
      3.29553    0.0291280   0.00327997
      3.29693    0.0304623   0.00383533
      3.29833    0.0198852   0.00414169
      3.29972    0.0120116   0.00301166
      3.30112    0.0121226   0.00228341
      3.30252    0.0106646   0.00204510
      3.30391   0.00697148   0.00210594
      3.30531    0.0106293   0.00199295
      3.30671    0.0152765   0.00206899
      3.30811    0.0157601   0.00223629
      3.30950    0.0173507   0.00238026
      3.31090    0.0312927   0.00299585
      3.31230    0.0217061   0.00599841
      3.31370     0.101829    0.0195185
      3.31509    0.0177993    0.0296315
      3.31649   -0.0411332    0.0210927
      3.31789    0.0158547    0.0122110
      3.31929    0.0147818   0.00704508
      3.32069    0.0161932   0.00441773
      3.32208    0.0135473   0.00316456
      3.32348   0.00951965   0.00242550
      3.32488    0.0134087   0.00198332
      3.32628    0.0179067   0.00226483
      3.32768    0.0153157   0.00237828
      3.32908    0.0136825   0.00193822
      3.33048    0.0158441   0.00157230
      3.33188    0.0146279   0.00159139
      3.33327    0.0145590   0.00169336
      3.33467    0.0158285   0.00161925
      3.33607    0.0151125   0.00174883
      3.33747    0.0147429   0.00189341
      3.33887    0.0136579   0.00213290
      3.34027    0.0178777   0.00204434
      3.34167    0.0212804   0.00193637
      3.34307    0.0185289   0.00201157
      3.34447    0.0153661   0.00237804
      3.34587    0.0186246   0.00231577
      3.34727    0.0200894   0.00176312
      3.34867    0.0177994   0.00162048
      3.35007    0.0182106   0.00167905
      3.35147    0.0190181   0.00166747
      3.35287    0.0194514   0.00184472
      3.35427    0.0201962   0.00233528
      3.35567    0.0200799   0.00264510
      3.35707    0.0207952   0.00218444
      3.35847    0.0194062   0.00181563
      3.35988    0.0175790   0.00186626
      3.36128    0.0160875   0.00194146
      3.36268    0.0162533   0.00191736
      3.36408    0.0169200   0.00167747
      3.36548    0.0169880   0.00185516
      3.36688    0.0198668   0.00219065
      3.36828    0.0191039   0.00216769
      3.36969    0.0167769   0.00188835
      3.37109    0.0171747   0.00169688
      3.37249    0.0173366   0.00158290
      3.37389    0.0168487   0.00162323
      3.37530    0.0180838   0.00160692
      3.37670    0.0202281   0.00192328
      3.37810    0.0201927   0.00222860
      3.37950    0.0180921   0.00235876
      3.38091    0.0197013   0.00207452
      3.38231    0.0227675   0.00197034
      3.38371    0.0192858   0.00179516
      3.38512    0.0161287   0.00162358
      3.38652    0.0187379   0.00157393
      3.38792    0.0197043   0.00163110
      3.38933    0.0195801   0.00197810
      3.39073    0.0202918   0.00231550
      3.39213    0.0199168   0.00197912
      3.39354    0.0219949   0.00167151
      3.39494    0.0216413   0.00153163
      3.39635    0.0207026   0.00154616
      3.39775    0.0213953   0.00143287
      3.39916    0.0201572   0.00153353
      3.40056    0.0197909   0.00175694
      3.40196    0.0210136   0.00223645
      3.40337    0.0198307   0.00242651
      3.40477    0.0208509   0.00200562
      3.40618    0.0202520   0.00193806
      3.40759    0.0185690   0.00192961
      3.40899    0.0204373   0.00172663
      3.41040    0.0218244   0.00157447
      3.41180    0.0213479   0.00172262
      3.41321    0.0229823   0.00202533
      3.41461    0.0221523   0.00222680
      3.41602    0.0203110   0.00185345
      3.41743    0.0203739   0.00167506
      3.41883    0.0218487   0.00153177
      3.42024    0.0230401   0.00161392
      3.42165    0.0238350   0.00154527
      3.42305    0.0246016   0.00161787
      3.42446    0.0238871   0.00176861
      3.42587    0.0206983   0.00204135
      3.42727    0.0196497   0.00192833
      3.42868    0.0207699   0.00172403
      3.43009    0.0200628   0.00155703
      3.43150    0.0206939   0.00147824
      3.43290    0.0225332   0.00151064
      3.43431    0.0217391   0.00145357
      3.43572    0.0213439   0.00150603
      3.43713    0.0222550   0.00156456
      3.43854    0.0224308   0.00176214
      3.43995    0.0223456   0.00181802
      3.44135    0.0218988   0.00158403
      3.44276    0.0215072   0.00149076
      3.44417    0.0226989   0.00146025
      3.44558    0.0244888   0.00148487
      3.44699    0.0252919   0.00141843
      3.44840    0.0250683   0.00147122
      3.44981    0.0248413   0.00154919
      3.45122    0.0228444   0.00167647
      3.45263    0.0206866   0.00164248
      3.45404    0.0223923   0.00158326
      3.45545    0.0244190   0.00148993
      3.45686    0.0250178   0.00142697
      3.45827    0.0244724   0.00147132
      3.45968    0.0224538   0.00142988
      3.46109    0.0223439   0.00147967
      3.46250    0.0236699   0.00157989
      3.46391    0.0253768   0.00159390
      3.46532    0.0250366   0.00165795
      3.46673    0.0243860   0.00152423
      3.46815    0.0241767   0.00140945
      3.46956    0.0244861   0.00137369
      3.47097    0.0253695   0.00141953
      3.47238    0.0261866   0.00142353
      3.47379    0.0260413   0.00142880
      3.47520    0.0253311   0.00145857
      3.47662    0.0258585   0.00149139
      3.47803    0.0260743   0.00148761
      3.47944    0.0244145   0.00146300
      3.48085    0.0229939   0.00143994
      3.48227    0.0225552   0.00142864
      3.48368    0.0248576   0.00141002
      3.48509    0.0285122   0.00139831
      3.48651    0.0277737   0.00148811
      3.48792    0.0266428   0.00143609
      3.48933    0.0283453   0.00146785
      3.49075    0.0287764   0.00145225
      3.49216    0.0288835   0.00142932
      3.49357    0.0288898   0.00141453
      3.49499    0.0283474   0.00138444
      3.49640    0.0280642   0.00144314
      3.49782    0.0279345   0.00138352
      3.49923    0.0295148   0.00149472
      3.50065    0.0301630   0.00151569
      3.50206    0.0301307   0.00144301
      3.50348    0.0311346   0.00141077
      3.50489    0.0305414   0.00139119
      3.50631    0.0290944   0.00150846
      3.50772    0.0283726   0.00147916
      3.50914    0.0297394   0.00139424
      3.51055    0.0309231   0.00151928
      3.51197    0.0305850   0.00152391
      3.51339    0.0291224   0.00144642
      3.51480    0.0283609   0.00135717
      3.51622    0.0289718   0.00142151
      3.51763    0.0279406   0.00144123
      3.51905    0.0270059   0.00137942
      3.52047    0.0273765   0.00135631
      3.52188    0.0286991   0.00135716
      3.52330    0.0289408   0.00140758
      3.52472    0.0270857   0.00135660
      3.52614    0.0265769   0.00149291
      3.52755    0.0296005   0.00141738
      3.52897    0.0312618   0.00141700
      3.53039    0.0289917   0.00145305
      3.53181    0.0274728   0.00150053
      3.53323    0.0285155   0.00145070
      3.53464    0.0299276   0.00149876
      3.53606    0.0290843   0.00153799
      3.53748    0.0281201   0.00149464
      3.53890    0.0286855   0.00160451
      3.54032    0.0265251   0.00156388
      3.54174    0.0255424   0.00157878
      3.54316    0.0297285   0.00149008
      3.54457    0.0317749   0.00155720
      3.54599    0.0312506   0.00155287
      3.54741    0.0323429   0.00158851
      3.54883    0.0334464   0.00149539
      3.55025    0.0317274   0.00149936
      3.55167    0.0326795   0.00151847
      3.55309    0.0338567   0.00161534
      3.55451    0.0336637   0.00162007
      3.55593    0.0340787   0.00149310
      3.55735    0.0322121   0.00148387
      3.55877    0.0336184   0.00153897
      3.56019    0.0365302   0.00148315
      3.56161    0.0364913   0.00150436
      3.56304    0.0357402   0.00148965
      3.56446    0.0352447   0.00156692
      3.56588    0.0338362   0.00161550
      3.56730    0.0318810   0.00153600
      3.56872    0.0347627   0.00153181
      3.57014    0.0367664   0.00153701
      3.57156    0.0381153   0.00156270
      3.57299    0.0397712   0.00159629
      3.57441    0.0387254   0.00148600
      3.57583    0.0372271   0.00159640
      3.57725    0.0362517   0.00149632
      3.57867    0.0377590   0.00147096
      3.58010    0.0400285   0.00160197
      3.58152    0.0399481   0.00156981
      3.58294    0.0392926   0.00152070
      3.58436    0.0392551   0.00152552
      3.58579    0.0395820   0.00147912
      3.58721    0.0401646   0.00153173
      3.58863    0.0422036   0.00159057
      3.59006    0.0426566   0.00152529
      3.59148    0.0415642   0.00149776
      3.59290    0.0414970   0.00151573
      3.59433    0.0406761   0.00152952
      3.59575    0.0401274   0.00156643
      3.59718    0.0403533   0.00151855
      3.59860    0.0418612   0.00157501
      3.60002    0.0432242   0.00141889
      3.60145    0.0417731   0.00141895
      3.60287    0.0402786   0.00154487
      3.60430    0.0403877   0.00146472
      3.60572    0.0403652   0.00143540
      3.60715    0.0404333   0.00148173
      3.60857    0.0430631   0.00150344
      3.61000    0.0464082   0.00153773
      3.61142    0.0479150   0.00160017
      3.61285    0.0490880   0.00157190
      3.61427    0.0459447   0.00147143
      3.61570    0.0425527   0.00146167
      3.61712    0.0421035   0.00144189
      3.61855    0.0435802   0.00148823
      3.61997    0.0448448   0.00148650
      3.62140    0.0447302   0.00143027
      3.62283    0.0473351   0.00142283
      3.62425    0.0488539   0.00150074
      3.62568    0.0476931   0.00158149
      3.62710    0.0482170   0.00155525
      3.62853    0.0489548   0.00162329
      3.62996    0.0474125   0.00158006
      3.63138    0.0478252   0.00150488
      3.63281    0.0509768   0.00150406
      3.63424    0.0508008   0.00151756
      3.63566    0.0490332   0.00152507
      3.63709    0.0483681   0.00157507
      3.63852    0.0491227   0.00140372
      3.63995    0.0490060   0.00143815
      3.64137    0.0476896   0.00139166
      3.64280    0.0494443   0.00145842
      3.64423    0.0500386   0.00140592
      3.64566    0.0484978   0.00148864
      3.64708    0.0496780   0.00146379
      3.64851    0.0506088   0.00158201
      3.64994    0.0493477   0.00159694
      3.65137    0.0503198   0.00139925
      3.65280    0.0528748   0.00139741
      3.65422    0.0522449   0.00146980
      3.65565    0.0503307   0.00139869
      3.65708    0.0503478   0.00138895
      3.65851    0.0523173   0.00151206
      3.65994    0.0536798   0.00154287
      3.66137    0.0523600   0.00144915
      3.66279    0.0517313   0.00144641
      3.66422    0.0517557   0.00147131
      3.66565    0.0510136   0.00154133
      3.66708    0.0511574   0.00147253
      3.66851    0.0517475   0.00159077
      3.66994    0.0522167   0.00147819
      3.67137    0.0516996   0.00148880
      3.67280    0.0512784   0.00148347
      3.67423    0.0521903   0.00149714
      3.67565    0.0525396   0.00158172
      3.67708    0.0541359   0.00159055
      3.67851    0.0534792   0.00148038
      3.67994    0.0541811   0.00143935
      3.68137    0.0542498   0.00149295
      3.68280    0.0550876   0.00155104
      3.68423    0.0574416   0.00143000
      3.68566    0.0588797   0.00145078
      3.68709    0.0574581   0.00148040
      3.68852    0.0542019   0.00143024
      3.68995    0.0552936   0.00142261
      3.69138    0.0582942   0.00143395
      3.69281    0.0596242   0.00153724
      3.69424    0.0603029   0.00143722
      3.69567    0.0602702   0.00145730
      3.69710    0.0589085   0.00137607
      3.69853    0.0585430   0.00139832
      3.69996    0.0580707   0.00142280
      3.70139    0.0578944   0.00144681
      3.70282    0.0584717   0.00143005
      3.70425    0.0572277   0.00141334
      3.70569    0.0585871   0.00145277
      3.70712    0.0587895   0.00148181
      3.70855    0.0574189   0.00141963
      3.70998    0.0584454   0.00146668
      3.71141    0.0616524   0.00145954
      3.71284    0.0620799   0.00141388
      3.71427    0.0611325   0.00144501
      3.71570    0.0626707   0.00144299
      3.71713    0.0632486   0.00136081
      3.71856    0.0611632   0.00146139
      3.71999    0.0601084   0.00141022
      3.72142    0.0599188   0.00141315
      3.72286    0.0587845   0.00145219
      3.72429    0.0594261   0.00138242
      3.72572    0.0599840   0.00135854
      3.72715    0.0613705   0.00146374
      3.72858    0.0629451   0.00141376
      3.73001    0.0640600   0.00141350
      3.73144    0.0644165   0.00145398
      3.73287    0.0640696   0.00137196
      3.73430    0.0655927   0.00141286
      3.73574    0.0686832   0.00158331
      3.73717    0.0725838   0.00139941
      3.73860    0.0783444   0.00158756
      3.74003    0.0801133   0.00163186
      3.74146    0.0774283   0.00154538
      3.74289    0.0741721   0.00152577
      3.74432    0.0704240   0.00146802
      3.74576    0.0690593   0.00145957
      3.74719    0.0691170   0.00144359
      3.74862    0.0682081   0.00148864
      3.75005    0.0681722   0.00147709
      3.75148    0.0664148   0.00148551
      3.75291    0.0640934   0.00155018
      3.75434    0.0657848   0.00148935
      3.75577    0.0676799   0.00153971
      3.75721    0.0667358   0.00151919
      3.75864    0.0669713   0.00136621
      3.76007    0.0683348   0.00159046
      3.76150    0.0678809   0.00161875
      3.76293    0.0656006   0.00153071
      3.76436    0.0655205   0.00145176
      3.76579    0.0639786   0.00157029
      3.76723    0.0664620   0.00164003
      3.76866    0.0710576   0.00159929
      3.77009    0.0708498   0.00155576
      3.77152    0.0713294   0.00150540
      3.77295    0.0695721   0.00160230
      3.77438    0.0709004   0.00160091
      3.77581    0.0710507   0.00155745
      3.77724    0.0682854   0.00141893
      3.77868    0.0671106   0.00146657
      3.78011    0.0679298   0.00145094
      3.78154    0.0684578   0.00163893
      3.78297    0.0681258   0.00155803
      3.78440    0.0698269   0.00158520
      3.78583    0.0680647   0.00154317
      3.78726    0.0672824   0.00161160
      3.78869    0.0686538   0.00148151
      3.79012    0.0678769   0.00163411
      3.79155    0.0679082   0.00153181
      3.79298    0.0703870   0.00163095
      3.79442    0.0695571   0.00153883
      3.79585    0.0692864   0.00158325
      3.79728    0.0706726   0.00156328
      3.79871    0.0681029   0.00147312
      3.80014    0.0652898   0.00155729
      3.80157    0.0675080   0.00156673
      3.80300    0.0686326   0.00148923
      3.80443    0.0678230   0.00164672
      3.80586    0.0686235   0.00152398
      3.80729    0.0693152   0.00157322
      3.80872    0.0696121   0.00155129
      3.81015    0.0689262   0.00162008
      3.81158    0.0687843   0.00151612
      3.81301    0.0682949   0.00144882
      3.81444    0.0690950   0.00158989
      3.81587    0.0711383   0.00164898
      3.81730    0.0712072   0.00156734
      3.81873    0.0701569   0.00149856
      3.82016    0.0682155   0.00150922
      3.82159    0.0667070   0.00157643
      3.82302    0.0674023   0.00149951
      3.82445    0.0664511   0.00156037
      3.82588    0.0668391   0.00153493
      3.82730    0.0673670   0.00160843
      3.82873    0.0659286   0.00155444
      3.83016    0.0676325   0.00151230
      3.83159    0.0683523   0.00164583
      3.83302    0.0674144   0.00159538
      3.83445    0.0660732   0.00166480
      3.83588    0.0679550   0.00162270
      3.83731    0.0716022   0.00167730
      3.83873    0.0703649   0.00144491
      3.84016    0.0709015   0.00150496
      3.84159    0.0739252   0.00155888
      3.84302    0.0729019   0.00154872
      3.84445    0.0700139   0.00159334
      3.84587    0.0714953   0.00152786
      3.84730    0.0717810   0.00169121
      3.84873    0.0708361   0.00157703
      3.85016    0.0704409   0.00161572
      3.85158    0.0707695   0.00158801
      3.85301    0.0719774   0.00160147
      3.85444    0.0725479   0.00160215
      3.85587    0.0738031   0.00166230
      3.85729    0.0744887   0.00161357
      3.85872    0.0756601   0.00162468
      3.86015    0.0751369   0.00169739
      3.86157    0.0749892   0.00169908
      3.86300    0.0742304   0.00179619
      3.86442    0.0717433   0.00167453
      3.86585    0.0739511   0.00186300
      3.86728    0.0752197   0.00172589
      3.86870    0.0765124   0.00169091
      3.87013    0.0760660   0.00166213
      3.87155    0.0729540   0.00170476
      3.87298    0.0747867   0.00175113
      3.87440    0.0784503   0.00183594
      3.87583    0.0809074   0.00174930
      3.87725    0.0782523   0.00185503
      3.87868    0.0778443   0.00181172
      3.88010    0.0788395   0.00187873
      3.88153    0.0779842   0.00159149
      3.88295    0.0780595   0.00174878
      3.88437    0.0804888   0.00180852
      3.88580    0.0788802   0.00183922
      3.88722    0.0759267   0.00178783
      3.88864    0.0788894   0.00171328
      3.89007    0.0803980   0.00179000
      3.89149    0.0801239   0.00191808
      3.89291    0.0806934   0.00169968
      3.89433    0.0795455   0.00176442
      3.89576    0.0801635   0.00173041
      3.89718    0.0809849   0.00173465
      3.89860    0.0803606   0.00178000
      3.90002    0.0816155   0.00176948
      3.90144    0.0839001   0.00176790
      3.90287    0.0850859   0.00193096
      3.90429    0.0831210   0.00181313
      3.90571    0.0805412   0.00187769
      3.90713    0.0789538   0.00192433
      3.90855    0.0818977   0.00206458
      3.90997    0.0833387   0.00175746
      3.91139    0.0811953   0.00176309
      3.91281    0.0811616   0.00181979
      3.91423    0.0825572   0.00183156
      3.91565    0.0808716   0.00177304
      3.91707    0.0823931   0.00184323
      3.91849    0.0844749   0.00182972
      3.91991    0.0845751   0.00194600
      3.92132    0.0838671   0.00186978
      3.92274    0.0862110   0.00196793
      3.92416    0.0838950   0.00188432
      3.92558    0.0811552   0.00175330
      3.92700    0.0822708   0.00171952
      3.92841    0.0812584   0.00170468
      3.92983    0.0811419   0.00173615
      3.93125    0.0822548   0.00177929
      3.93266    0.0819965   0.00175228
      3.93408    0.0790281   0.00164740
      3.93550    0.0773972   0.00161104
      3.93691    0.0768878   0.00181868
      3.93833    0.0781851   0.00172442
      3.93974    0.0808451   0.00188924
      3.94116    0.0838677   0.00178100
      3.94257    0.0833484   0.00176050
      3.94399    0.0840413   0.00168738
      3.94540    0.0844174   0.00170386
      3.94681    0.0829752   0.00180760
      3.94823    0.0807667   0.00179624
      3.94964    0.0770930   0.00171877
      3.95105    0.0780136   0.00180407
      3.95247    0.0792031   0.00174815
      3.95388    0.0773716   0.00166830
      3.95529    0.0784740   0.00172589
      3.95670    0.0809251   0.00192369
      3.95811    0.0833045   0.00174428
      3.95952    0.0821918   0.00183830
      3.96094    0.0793941   0.00171823
      3.96235    0.0788114   0.00172904
      3.96376    0.0768079   0.00170216
      3.96517    0.0789016   0.00163358
      3.96658    0.0809615   0.00175831
      3.96798    0.0802013   0.00178490
      3.96939    0.0817856   0.00176783
      3.97080    0.0846555   0.00176938
      3.97221    0.0875265   0.00188555
      3.97362    0.0867524   0.00175220
      3.97503    0.0836105   0.00171552
      3.97643    0.0836794   0.00166536
      3.97784    0.0809432   0.00178993
      3.97925    0.0795202   0.00175369
      3.98065    0.0819864   0.00173976
      3.98206    0.0860306   0.00181826
      3.98346    0.0851229   0.00199420
      3.98487    0.0835553   0.00180943
      3.98627    0.0845108   0.00173404
      3.98768    0.0821831   0.00185915
      3.98908    0.0808328   0.00182040
      3.99049    0.0837192   0.00179779
      3.99189    0.0857992   0.00177531
      3.99329    0.0864708   0.00188055
      3.99470    0.0850642   0.00186184
      3.99610    0.0859539   0.00183823
      3.99750    0.0875117   0.00175613
      3.99890    0.0848458   0.00184229
      4.00030    0.0826844   0.00184379
      4.00170    0.0844475   0.00177845
      4.00310    0.0888125   0.00188899
      4.00450    0.0906868   0.00180333
      4.00590    0.0886429   0.00179126
      4.00730    0.0876086   0.00180978
      4.00870    0.0871531   0.00203701
      4.01010    0.0843636   0.00180363
      4.01150    0.0888175   0.00179951
      4.01289    0.0952292   0.00186969
      4.01429    0.0896646   0.00193311
      4.01569    0.0867676   0.00195171
      4.01708    0.0881313   0.00186957
      4.01848    0.0886276   0.00193329
      4.01987    0.0911084   0.00197134
      4.02127    0.0916233   0.00187764
      4.02266    0.0920779   0.00188902
      4.02406    0.0918303   0.00196846
      4.02545    0.0906799   0.00212030
      4.02684    0.0927932   0.00186837
      4.02824    0.0936888   0.00195098
      4.02963    0.0932070   0.00195765
      4.03102    0.0912662   0.00192908
      4.03241    0.0890826   0.00202717
      4.03380    0.0913105   0.00205056
      4.03519    0.0927861   0.00192532
      4.03658    0.0905483   0.00191543
      4.03797    0.0899929   0.00195915
      4.03936    0.0905757   0.00205574
      4.04075    0.0911228   0.00185571
      4.04214    0.0902535   0.00223981
      4.04352    0.0933777   0.00207655
      4.04491    0.0911499   0.00209447
      4.04630    0.0914490   0.00220109
      4.04768    0.0979390   0.00212596
      4.04907     0.100510   0.00204864
      4.05045     0.107390   0.00204622
      4.05184     0.118207   0.00218660
      4.05322     0.130851   0.00228437
      4.05461     0.125767   0.00218687
      4.05599     0.111599   0.00213332
      4.05737     0.105293   0.00236971
      4.05875    0.0997046   0.00198287
      4.06013    0.0943133   0.00231134
      4.06151    0.0935825   0.00236376
      4.06290    0.0899461   0.00194990
      4.06427    0.0857804   0.00226081
      4.06565    0.0888294   0.00205736
      4.06703    0.0911626   0.00224250
      4.06841    0.0895841   0.00203806
      4.06979    0.0897287   0.00210415
      4.07117    0.0933313   0.00205238
      4.07254    0.0958111   0.00202454
      4.07392    0.0944801   0.00205395
      4.07529    0.0929683   0.00221335
      4.07667    0.0940912   0.00213891
      4.07804    0.0909287   0.00211321
      4.07942    0.0904211   0.00210230
      4.08079    0.0930438   0.00230040
      4.08216    0.0916110   0.00245459
      4.08353    0.0924202   0.00209413
      4.08491    0.0932067   0.00222955
      4.08628    0.0917441   0.00216731
      4.08765    0.0915748   0.00229427
      4.08902    0.0928927   0.00232183
      4.09038    0.0945867   0.00243292
      4.09175    0.0914859   0.00238305
      4.09312    0.0879989   0.00224271
      4.09449    0.0888599   0.00219897
      4.09585    0.0923236   0.00227959
      4.09722    0.0948896   0.00232149
      4.09859    0.0923066   0.00231435
      4.09995    0.0901317   0.00257774
      4.10132    0.0895648   0.00229920
      4.10268    0.0929179   0.00253991
      4.10404     0.101301   0.00226781
      4.10540     0.101541   0.00229179
      4.10676    0.0927926   0.00242229
      4.10813    0.0922057   0.00259390
      4.10949    0.0956777   0.00247869
      4.11085    0.0976355   0.00216706
      4.11220    0.0961347   0.00228180
      4.11356    0.0906794   0.00249678
      4.11492    0.0957207   0.00229610
      4.11628     0.100062   0.00231016
      4.11763    0.0981397   0.00258170
      4.11899    0.0923850   0.00290880
      4.12034    0.0939655   0.00221152
      4.12170    0.0985452   0.00233155
      4.12305    0.0995538   0.00246401
      4.12440    0.0969909   0.00265572
      4.12576    0.0904235   0.00238110
      4.12711    0.0875624   0.00248360
      4.12846    0.0916107   0.00253819
      4.12981    0.0950194   0.00252266
      4.13116     0.101001   0.00243003
      4.13251     0.108681   0.00249150
      4.13386     0.101711   0.00241191
      4.13520    0.0944339   0.00239474
      4.13655    0.0989162   0.00262286
      4.13790     0.107675   0.00259416
      4.13924     0.109664   0.00268968
      4.14058     0.101142   0.00271058
      4.14193    0.0953709   0.00237365
      4.14327    0.0935312   0.00264893
      4.14461    0.0966929   0.00266730
      4.14595     0.103728   0.00226905
      4.14730     0.102462   0.00268338
      4.14864     0.103284   0.00289005
      4.14997     0.105946   0.00316529
      4.15131     0.101955   0.00283651
      4.15265     0.100761   0.00249678
      4.15399     0.105016   0.00276789
      4.15532     0.109019   0.00249619
      4.15666     0.108370   0.00269616
      4.15799     0.109289   0.00301621
      4.15933     0.106853   0.00317744
      4.16066     0.105954   0.00291761
      4.16199     0.104045   0.00358519
      4.16332     0.103472   0.00326126
      4.16465     0.102489   0.00340857
      4.16598    0.0986458   0.00332337
      4.16731    0.0954248   0.00342723
      4.16864    0.0952866   0.00365930
      4.16997     0.106752   0.00387048
      4.17129     0.115876   0.00349816
      4.17262     0.112581   0.00427931
      4.17394     0.112092   0.00435063
      4.17527     0.110718   0.00428409
      4.17659     0.103452   0.00446505
      4.17791     0.101894   0.00473672
      4.17923    0.0951336   0.00468962
      4.18056    0.0897640   0.00535555
      4.18187    0.0904588   0.00639464
      4.18319    0.0861136   0.00772760
      4.18451    0.0839533    0.0109580
      4.18583    0.0676198    0.0167919
      4.18715   0.00235869    0.0236619
      4.18846     0.113952    0.0521028
      4.18977     0.176990     0.121882
      4.19109    -0.867392     0.315651
      4.19240    -0.331441     0.905867
      4.19371     -85.6172      1.32293
      4.19502     -70.2844      3.22534
      4.19633     -35.4390      2881.79
      4.19764     -27.6219      37.7261
      4.19895      1.88762      1.90257
      4.20026     -80.0724      2.25411
      4.20157     -64.1596      2.19470
      4.20287      3.12824      6.11165
      4.20418     -5.39610      3.76765
      4.20548     -3.71040      2.39831
      4.20678      1.35172      1.73739
      4.20808      1.47747      2.04182
      4.20938      2.47266      1.98503
      4.21068     -1.59950      2.01146
      4.21198     -2.00200      4.42767
      4.21328      2.56057      3.56705
      4.21458      1.40534      1.92715
      4.21587      30.6832      2.06622
      4.21717      29.7587      17.1959
      4.21846      5.94743      2.74203
      4.21976      3.90933      19.9157
      4.22105      5.87403      8.48399
      4.22234      7.82620      32.2874
      4.22363     -25.9683      4.89927
      4.22492     -24.2757      2.37376
      4.22621    -0.435530      2.25033
      4.22749      4.27239      24632.2
      4.22878      4.34709      3.80807
      4.23007     0.322369      12.8535
      4.23135      1.59174      7.86163
      4.23263     -21.9433      1.06252
      4.23392     -29.0183      14.5556
      4.23520     -9.29245      7.90211
      4.23648    -0.670283      1.12928
      4.23776     -1.90410      5.61849
      4.23903    -0.664580      6.46653
      4.24031     0.806162      2.20639
      4.24159     0.131368      2.23360
      4.24286     0.251078      1.31610
      4.24414      1.52892      12.0206
      4.24541      7.46470      2.16212
      4.24668      6.93663      5.93728
      4.24795     0.804841      2.73264
      4.24922     -2.17416      2.58216
      4.25049    -0.903232      2.48201
      4.25176      0.00000      1.77675
