SOURCE  = Cha T 42                      / Source name
STANDARD= BS 5041                       / Standard name
OBSDATE = 06-01-2001                    / Date of observation
SPOS    = 11:09:53.1  -76:34:48.2       / Source position RA,DEC,J2000
STPOS   = 13:24:00.2  -64:32:46.1       / Standard position RA,DEC,J2000
STSPT   = G6II                          / Standard spectral type
STTEFF  = 5800                          / Standard effective temperature [K]
STMAG   = 2.53                          / Standard magnitude (adopted)
WAVEZP  = 3.45                          / Wavelength zero point [micron]
FLUXZP  = 290                           / Flux zero point [Jy]
SAIRM   = 1.629                         / Source mean airmass
STAIRM  = 1.62                          / Standard mean airmass
AIRMCORR= 1.0                           / Optimal (adopted) airmass correction
SPECRES = ~600                          / Spectral resolution

Created by E. Dartois and K. Pontoppidan (c)

Wavelength [micron] Flux [Jy] Statistical Error [Jy]

      2.81418      0.00000      3.65757
      2.81559    -0.261815      11.4291
      2.81701     0.828142      6.07106
      2.81843    -0.455462      3.06087
      2.81985     0.838411     0.692458
      2.82126      2.63336     0.338773
      2.82268      3.62456     0.226771
      2.82410      3.37946     0.177193
      2.82552      3.25063     0.129180
      2.82693      3.35927     0.106919
      2.82835      3.54823     0.102385
      2.82977      3.73583     0.120538
      2.83119      3.62605     0.220762
      2.83260      2.87691     0.678726
      2.83402      2.03834      1.47777
      2.83544      2.55753     0.960594
      2.83686      2.42919     0.405331
      2.83827      3.07390     0.221912
      2.83969      3.14178     0.115609
      2.84111      3.24100    0.0781868
      2.84253      3.42232    0.0691277
      2.84395      3.55380    0.0736002
      2.84536      3.36255     0.110431
      2.84678      3.08506     0.165367
      2.84820      3.14096     0.168630
      2.84962      3.54845     0.169006
      2.85103      3.67550     0.178874
      2.85245      3.04300     0.268870
      2.85387      2.43787     0.205323
      2.85529      3.09227     0.129307
      2.85671      3.40069     0.101502
      2.85812      3.20893    0.0811675
      2.85954      3.08665    0.0658874
      2.86096      3.34315    0.0552318
      2.86238      3.45944    0.0487336
      2.86380      3.40094    0.0517863
      2.86521      3.29365    0.0602636
      2.86663      3.41343    0.0726307
      2.86805      3.48463    0.0862936
      2.86947      3.42973    0.0940157
      2.87089      3.22930    0.0720908
      2.87231      3.34556    0.0502106
      2.87372      3.56256    0.0398194
      2.87514      3.47731    0.0370832
      2.87656      3.31990    0.0374989
      2.87798      3.20891    0.0394893
      2.87940      3.31240    0.0377856
      2.88082      3.38432    0.0382655
      2.88223      3.33684    0.0397327
      2.88365      3.38803    0.0416870
      2.88507      3.41833    0.0458861
      2.88649      3.32400    0.0487804
      2.88791      3.19747    0.0481012
      2.88933      3.21841    0.0445729
      2.89074      3.27499    0.0364933
      2.89216      3.25535    0.0309891
      2.89358      3.28673    0.0272146
      2.89500      3.41625    0.0251295
      2.89642      3.47263    0.0264317
      2.89784      3.41411    0.0323795
      2.89926      3.31097    0.0447285
      2.90067      3.21200    0.0591172
      2.90209      3.32456    0.0631438
      2.90351      3.27104    0.0548927
      2.90493      3.20206    0.0484094
      2.90635      3.21450    0.0403672
      2.90777      3.26659    0.0322347
      2.90919      3.34746    0.0281277
      2.91060      3.40796    0.0271095
      2.91202      3.37121    0.0279017
      2.91344      3.26013    0.0292560
      2.91486      3.22719    0.0291792
      2.91628      3.30262    0.0264881
      2.91770      3.41525    0.0262404
      2.91912      3.51369    0.0288152
      2.92054      3.45677    0.0371889
      2.92196      3.13174    0.0514097
      2.92337      2.94533    0.0474843
      2.92479      3.10633    0.0333050
      2.92621      3.33634    0.0258387
      2.92763      3.36814    0.0234048
      2.92905      3.32817    0.0224596
      2.93047      3.32787    0.0225444
      2.93189      3.36259    0.0218729
      2.93331      3.38043    0.0218145
      2.93473      3.38762    0.0227064
      2.93615      3.39393    0.0246830
      2.93757      3.29896    0.0269807
      2.93898      3.25783    0.0288024
      2.94040      3.31587    0.0294429
      2.94182      3.30983    0.0298138
      2.94324      3.27520    0.0298998
      2.94466      3.22887    0.0317270
      2.94608      3.25165    0.0301702
      2.94750      3.20527    0.0279672
      2.94892      3.26544    0.0249841
      2.95034      3.42886    0.0233532
      2.95176      3.40117    0.0251126
      2.95318      3.22164    0.0292326
      2.95460      3.14582    0.0301810
      2.95602      3.24956    0.0273853
      2.95744      3.36838    0.0240501
      2.95886      3.37064    0.0230701
      2.96028      3.33879    0.0227658
      2.96169      3.30890    0.0220693
      2.96311      3.31675    0.0211190
      2.96453      3.37994    0.0215044
      2.96595      3.43790    0.0231855
      2.96737      3.43785    0.0286860
      2.96879      3.35729    0.0387243
      2.97021      3.21543    0.0501565
      2.97163      3.19678    0.0551446
      2.97305      3.24850    0.0496215
      2.97447      3.32340    0.0391854
      2.97589      3.34357    0.0339193
      2.97731      3.41949    0.0319504
      2.97873      3.38176    0.0312203
      2.98015      3.26138    0.0297933
      2.98157      3.28237    0.0263153
      2.98299      3.34155    0.0227481
      2.98441      3.36155    0.0207171
      2.98583      3.37819    0.0196530
      2.98725      3.37690    0.0190690
      2.98867      3.40469    0.0187255
      2.99009      3.39895    0.0191098
      2.99151      3.37045    0.0198194
      2.99293      3.35049    0.0209701
      2.99435      3.38981    0.0223945
      2.99577      3.35679    0.0238252
      2.99719      3.30121    0.0242510
      2.99861      3.33754    0.0225746
      3.00003      3.44841    0.0202741
      3.00145      3.52263    0.0194776
      3.00287      3.48601    0.0204176
      3.00429      3.38008    0.0236306
      3.00571      3.30054    0.0268881
      3.00713      3.29967    0.0277839
      3.00855      3.38355    0.0245300
      3.00997      3.40828    0.0209001
      3.01139      3.45049    0.0195218
      3.01281      3.43055    0.0193698
      3.01423      3.41262    0.0198547
      3.01565      3.43922    0.0214536
      3.01707      3.43598    0.0235700
      3.01849      3.36956    0.0272233
      3.01992      3.31501    0.0315624
      3.02134      3.29428    0.0300991
      3.02276      3.32277    0.0253078
      3.02418      3.41540    0.0215570
      3.02560      3.47217    0.0192216
      3.02702      3.47480    0.0187966
      3.02844      3.44712    0.0195654
      3.02986      3.45898    0.0208257
      3.03128      3.46181    0.0229125
      3.03270      3.43422    0.0255608
      3.03412      3.38959    0.0266282
      3.03554      3.49371    0.0287153
      3.03696      3.41552    0.0313580
      3.03838      3.42072    0.0326692
      3.03980      3.50252    0.0278142
      3.04123      3.54683    0.0236104
      3.04265      3.56279    0.0223446
      3.04407      3.55536    0.0221805
      3.04549      3.48686    0.0232466
      3.04691      3.48520    0.0253716
      3.04833      3.50361    0.0261441
      3.04975      3.51741    0.0291248
      3.05117      3.47855    0.0334950
      3.05259      3.42977    0.0380944
      3.05401      3.35475    0.0413785
      3.05543      3.33734    0.0356731
      3.05686      3.36406    0.0269549
      3.05828      3.47603    0.0217606
      3.05970      3.54990    0.0203093
      3.06112      3.50744    0.0209414
      3.06254      3.42787    0.0228056
      3.06396      3.42609    0.0234481
      3.06538      3.50125    0.0230413
      3.06680      3.53118    0.0226705
      3.06823      3.52591    0.0242888
      3.06965      3.51515    0.0253926
      3.07107      3.45153    0.0274786
      3.07249      3.39631    0.0257420
      3.07391      3.44417    0.0224656
      3.07533      3.52269    0.0194278
      3.07675      3.56460    0.0180649
      3.07818      3.58588    0.0189201
      3.07960      3.54574    0.0220394
      3.08102      3.44275    0.0260642
      3.08244      3.40315    0.0285749
      3.08386      3.50273    0.0268641
      3.08528      3.57087    0.0239278
      3.08670      3.59027    0.0232506
      3.08813      3.58594    0.0234233
      3.08955      3.60060    0.0228607
      3.09097      3.60767    0.0242842
      3.09239      3.62242    0.0252267
      3.09381      3.59222    0.0277968
      3.09523      3.52883    0.0301093
      3.09666      3.51104    0.0296750
      3.09808      3.47882    0.0264944
      3.09950      3.53163    0.0224630
      3.10092      3.61552    0.0206017
      3.10234      3.63021    0.0211813
      3.10377      3.57936    0.0250414
      3.10519      3.46160    0.0303157
      3.10661      3.46513    0.0313749
      3.10803      3.56973    0.0292322
      3.10945      3.60040    0.0284071
      3.11088      3.53347    0.0280758
      3.11230      3.55760    0.0269844
      3.11372      3.60784    0.0259722
      3.11514      3.55468    0.0238100
      3.11656      3.49646    0.0215931
      3.11799      3.56101    0.0183725
      3.11941      3.62998    0.0165117
      3.12083      3.63563    0.0160192
      3.12225      3.64702    0.0168219
      3.12368      3.65231    0.0191535
      3.12510      3.59941    0.0236738
      3.12652      3.44854    0.0306459
      3.12794      3.42403    0.0300258
      3.12936      3.55368    0.0232563
      3.13079      3.67656    0.0185421
      3.13221      3.69781    0.0163260
      3.13363      3.67575    0.0156664
      3.13505      3.71944    0.0155066
      3.13648      3.73343    0.0164686
      3.13790      3.60501    0.0182081
      3.13932      3.56382    0.0204115
      3.14074      3.53007    0.0212450
      3.14217      3.66180    0.0195944
      3.14359      3.75687    0.0195114
      3.14501      3.68340    0.0216422
      3.14644      3.57847    0.0234016
      3.14786      3.57135    0.0223962
      3.14928      3.68357    0.0190630
      3.15070      3.75106    0.0170737
      3.15213      3.76238    0.0166302
      3.15355      3.74325    0.0171765
      3.15497      3.67741    0.0182795
      3.15639      3.63156    0.0189650
      3.15782      3.66285    0.0181864
      3.15924      3.69654    0.0170095
      3.16066      3.70513    0.0158482
      3.16209      3.72045    0.0150585
      3.16351      3.71797    0.0146330
      3.16493      3.71852    0.0148022
      3.16636      3.71353    0.0150080
      3.16778      3.71242    0.0151346
      3.16920      3.74712    0.0150351
      3.17063      3.77083    0.0153190
      3.17205      3.73999    0.0159554
      3.17347      3.71945    0.0167651
      3.17489      3.72585    0.0167403
      3.17632      3.75278    0.0160752
      3.17774      3.79021    0.0153322
      3.17916      3.82707    0.0151833
      3.18059      3.83163    0.0158712
      3.18201      3.80508    0.0170345
      3.18343      3.77213    0.0177458
      3.18486      3.78428    0.0171573
      3.18628      3.80353    0.0163333
      3.18771      3.85402    0.0159761
      3.18913      3.85726    0.0176675
      3.19055      3.76972    0.0217589
      3.19198      3.66430    0.0262231
      3.19340      3.70140    0.0251445
      3.19482      3.88547    0.0221808
      3.19625      3.95575    0.0225692
      3.19767      3.84421    0.0267983
      3.19909      3.77301    0.0330984
      3.20052      3.81029    0.0364877
      3.20194      3.85476    0.0343454
      3.20337      3.90277    0.0349500
      3.20479      3.90546    0.0362215
      3.20621      3.92724    0.0379628
      3.20764      3.87748    0.0482633
      3.20906      3.82854    0.0566671
      3.21048      3.77971    0.0604725
      3.21191      3.74559    0.0508341
      3.21333      3.86003    0.0406078
      3.21476      3.92187    0.0342316
      3.21618      3.89275    0.0315359
      3.21761      3.90666    0.0286537
      3.21903      3.96564    0.0276956
      3.22045      3.99755    0.0303431
      3.22188      3.92339    0.0404152
      3.22330      3.77380    0.0574705
      3.22473      3.78120    0.0559245
      3.22615      3.96431    0.0411879
      3.22757      4.08122    0.0364144
      3.22900      4.00681    0.0384713
      3.23042      3.81291    0.0429103
      3.23185      3.77968    0.0326613
      3.23327      3.94974    0.0223898
      3.23470      4.03564    0.0178827
      3.23612      4.04669    0.0168467
      3.23755      3.98836    0.0182450
      3.23897      3.94161    0.0209987
      3.24039      3.95824    0.0239511
      3.24182      3.96333    0.0245549
      3.24324      4.04392    0.0258169
      3.24467      4.01232    0.0315754
      3.24609      3.92483    0.0414323
      3.24752      3.92686    0.0457724
      3.24894      3.82873    0.0381104
      3.25037      3.84845    0.0268085
      3.25179      3.95372    0.0198673
      3.25322      4.03598    0.0164959
      3.25464      4.04157    0.0154285
      3.25607      4.04963    0.0155539
      3.25749      4.04656    0.0172750
      3.25892      3.99580    0.0217481
      3.26034      3.89854    0.0320336
      3.26177      3.78884    0.0402074
      3.26319      3.90028    0.0316151
      3.26462      4.05889    0.0245620
      3.26604      4.13545    0.0215726
      3.26747      4.11274    0.0224050
      3.26889      4.01641    0.0277188
      3.27032      3.90731    0.0341606
      3.27174      3.86591    0.0322977
      3.27317      3.95349    0.0240860
      3.27459      4.11640    0.0186544
      3.27602      4.15915    0.0171014
      3.27744      4.10897    0.0182794
      3.27887      4.02641    0.0208608
      3.28029      3.98712    0.0217698
      3.28172      4.04854    0.0190736
      3.28314      4.14853    0.0159803
      3.28457      4.16008    0.0147320
      3.28600      4.12784    0.0141930
      3.28742      4.12407    0.0141472
      3.28885      4.11682    0.0147250
      3.29027      4.10221    0.0157707
      3.29170      4.11757    0.0178086
      3.29312      4.14764    0.0207095
      3.29455      4.20873    0.0251016
      3.29597      4.23123    0.0324828
      3.29740      4.18512    0.0387302
      3.29883      4.04750    0.0389596
      3.30025      4.01992    0.0321792
      3.30168      4.15142    0.0244526
      3.30310      4.17930    0.0216784
      3.30453      4.13069    0.0203097
      3.30596      4.13969    0.0203814
      3.30738      4.14312    0.0203960
      3.30881      4.13841    0.0214651
      3.31023      4.12094    0.0249365
      3.31166      4.15744    0.0317522
      3.31309      4.11120    0.0541816
      3.31451      3.79368     0.166222
      3.31594      3.54544     0.381499
      3.31736      3.92090     0.279661
      3.31879      4.11624     0.162124
      3.32022      3.91874    0.0928252
      3.32164      4.03627    0.0550672
      3.32307      4.07987    0.0364102
      3.32450      4.13881    0.0282403
      3.32592      4.16300    0.0257197
      3.32735      4.10415    0.0247112
      3.32878      4.07908    0.0221443
      3.33020      4.13939    0.0187100
      3.33163      4.20059    0.0165726
      3.33305      4.17221    0.0160029
      3.33448      4.17280    0.0158390
      3.33591      4.21202    0.0159455
      3.33733      4.24730    0.0166874
      3.33876      4.22578    0.0186324
      3.34019      4.18791    0.0202412
      3.34161      4.24023    0.0196559
      3.34304      4.31725    0.0198757
      3.34447      4.31581    0.0221929
      3.34590      4.15765    0.0218850
      3.34732      4.10803    0.0200726
      3.34875      4.23446    0.0174538
      3.35018      4.26954    0.0163124
      3.35160      4.25694    0.0165798
      3.35303      4.24525    0.0175296
      3.35446      4.21879    0.0200351
      3.35588      4.13018    0.0230311
      3.35731      4.10963    0.0225220
      3.35874      4.20474    0.0205164
      3.36017      4.27886    0.0190272
      3.36159      4.24440    0.0189896
      3.36302      4.22316    0.0183600
      3.36445      4.27523    0.0174278
      3.36587      4.29013    0.0178244
      3.36730      4.22793    0.0191958
      3.36873      4.18266    0.0204619
      3.37016      4.20853    0.0193552
      3.37158      4.27678    0.0172997
      3.37301      4.28171    0.0163133
      3.37444      4.29883    0.0158321
      3.37587      4.28886    0.0160284
      3.37729      4.27618    0.0174630
      3.37872      4.24379    0.0191046
      3.38015      4.20502    0.0205486
      3.38158      4.18862    0.0204572
      3.38300      4.25622    0.0187857
      3.38443      4.26461    0.0175810
      3.38586      4.27383    0.0163813
      3.38729      4.32113    0.0153599
      3.38872      4.33531    0.0157155
      3.39014      4.26601    0.0173939
      3.39157      4.20653    0.0188248
      3.39300      4.22372    0.0182744
      3.39443      4.34109    0.0163360
      3.39586      4.40746    0.0153348
      3.39728      4.40633    0.0147936
      3.39871      4.40383    0.0143978
      3.40014      4.40539    0.0147566
      3.40157      4.36712    0.0166925
      3.40300      4.27404    0.0194161
      3.40442      4.21140    0.0214367
      3.40585      4.26699    0.0206893
      3.40728      4.34248    0.0194523
      3.40871      4.33021    0.0186300
      3.41014      4.32795    0.0175526
      3.41157      4.35839    0.0166791
      3.41299      4.36405    0.0174063
      3.41442      4.31020    0.0188436
      3.41585      4.25752    0.0189982
      3.41728      4.26083    0.0173952
      3.41871      4.32158    0.0155072
      3.42014      4.35302    0.0147710
      3.42157      4.32487    0.0146511
      3.42299      4.33163    0.0147151
      3.42442      4.33316    0.0155403
      3.42585      4.29822    0.0174167
      3.42728      4.22262    0.0186339
      3.42871      4.23567    0.0177647
      3.43014      4.31141    0.0158784
      3.43157      4.37377    0.0147143
      3.43300      4.35748    0.0144795
      3.43443      4.32441    0.0143061
      3.43585      4.34362    0.0142177
      3.43728      4.34768    0.0147838
      3.43871      4.33334    0.0157913
      3.44014      4.29484    0.0162326
      3.44157      4.30676    0.0155705
      3.44300      4.36994    0.0146051
      3.44443      4.37872    0.0142724
      3.44586      4.36225    0.0142818
      3.44729      4.35775    0.0141167
      3.44872      4.36696    0.0141090
      3.45015      4.35696    0.0145839
      3.45158      4.34381    0.0154074
      3.45300      4.32285    0.0158041
      3.45443      4.33954    0.0152036
      3.45586      4.40207    0.0143369
      3.45729      4.43746    0.0137684
      3.45872      4.43684    0.0135467
      3.46015      4.42196    0.0134899
      3.46158      4.41350    0.0137065
      3.46301      4.38580    0.0142425
      3.46444      4.35856    0.0147966
      3.46587      4.34152    0.0147656
      3.46730      4.36210    0.0140915
      3.46873      4.40851    0.0135040
      3.47016      4.42127    0.0134057
      3.47159      4.41325    0.0135251
      3.47302      4.39673    0.0136570
      3.47445      4.38802    0.0138040
      3.47588      4.37492    0.0140568
      3.47731      4.37169    0.0141847
      3.47874      4.38218    0.0140589
      3.48017      4.41287    0.0137157
      3.48160      4.42992    0.0134377
      3.48303      4.42908    0.0133754
      3.48446      4.42501    0.0134232
      3.48589      4.42566    0.0135822
      3.48732      4.42758    0.0137968
      3.48875      4.43331    0.0139199
      3.49018      4.43641    0.0139305
      3.49161      4.43898    0.0137588
      3.49304      4.45275    0.0135130
      3.49447      4.47520    0.0133283
      3.49590      4.48424    0.0132585
      3.49734      4.47913    0.0132740
      3.49877      4.48771    0.0133153
      3.50020      4.50172    0.0133665
      3.50163      4.50633    0.0134308
      3.50306      4.47716    0.0133793
      3.50449      4.45406    0.0132413
      3.50592      4.47382    0.0130512
      3.50735      4.49089    0.0130439
      3.50878      4.48937    0.0131092
      3.51021      4.48924    0.0131165
      3.51164      4.50642    0.0130551
      3.51307      4.51986    0.0129903
      3.51451      4.51264    0.0129303
      3.51594      4.51366    0.0128937
      3.51737      4.54446    0.0129264
      3.51880      4.55267    0.0129482
      3.52023      4.54768    0.0129445
      3.52166      4.53862    0.0129048
      3.52309      4.53397    0.0128475
      3.52452      4.52618    0.0129031
      3.52596      4.51775    0.0129797
      3.52739      4.52149    0.0130560
      3.52882      4.53477    0.0130585
      3.53025      4.54692    0.0131748
      3.53168      4.53511    0.0134320
      3.53311      4.51951    0.0137671
      3.53454      4.52268    0.0138906
      3.53598      4.54717    0.0140298
      3.53741      4.55317    0.0141341
      3.53884      4.55503    0.0143407
      3.54027      4.54782    0.0144620
      3.54170      4.55808    0.0143137
      3.54313      4.56579    0.0142129
      3.54457      4.56006    0.0141410
      3.54600      4.53620    0.0140273
      3.54743      4.53433    0.0138500
      3.54886      4.55023    0.0136119
      3.55029      4.54786    0.0135586
      3.55173      4.53710    0.0136022
      3.55316      4.52648    0.0136360
      3.55459      4.53086    0.0135532
      3.55602      4.54920    0.0134334
      3.55746      4.56108    0.0134160
      3.55889      4.55105    0.0134019
      3.56032      4.55375    0.0133045
      3.56175      4.56599    0.0132645
      3.56318      4.54908    0.0134275
      3.56462      4.51840    0.0136948
      3.56605      4.52242    0.0137928
      3.56748      4.54989    0.0138010
      3.56891      4.55951    0.0137949
      3.57035      4.55922    0.0139784
      3.57178      4.56123    0.0142543
      3.57321      4.56402    0.0144269
      3.57465      4.56471    0.0142785
      3.57608      4.57054    0.0139464
      3.57751      4.58570    0.0137784
      3.57894      4.58878    0.0138784
      3.58038      4.58499    0.0139486
      3.58181      4.58595    0.0139587
      3.58324      4.58700    0.0138966
      3.58468      4.59508    0.0139716
      3.58611      4.59867    0.0139554
      3.58754      4.61103    0.0138631
      3.58898      4.62113    0.0137949
      3.59041      4.62326    0.0138119
      3.59184      4.60958    0.0137761
      3.59327      4.61541    0.0136517
      3.59471      4.61301    0.0134890
      3.59614      4.61347    0.0134450
      3.59757      4.60436    0.0134301
      3.59901      4.60347    0.0133745
      3.60044      4.61169    0.0133074
      3.60188      4.61778    0.0132851
      3.60331      4.62222    0.0134592
      3.60474      4.62091    0.0138548
      3.60618      4.60824    0.0139796
      3.60761      4.61224    0.0138327
      3.60904      4.62530    0.0135717
      3.61048      4.64916    0.0135435
      3.61191      4.64096    0.0135961
      3.61334      4.64097    0.0135388
      3.61478      4.64473    0.0133935
      3.61621      4.64461    0.0132954
      3.61765      4.67088    0.0132543
      3.61908      4.67876    0.0132017
      3.62051      4.68588    0.0131564
      3.62195      4.67505    0.0131840
      3.62338      4.67581    0.0133561
      3.62482      4.68062    0.0136129
      3.62625      4.68159    0.0136409
      3.62769      4.66994    0.0134854
      3.62912      4.67490    0.0133171
      3.63055      4.70252    0.0133504
      3.63199      4.70294    0.0134572
      3.63342      4.70006    0.0134713
      3.63486      4.71374    0.0134146
      3.63629      4.73009    0.0133413
      3.63773      4.74357    0.0132849
      3.63916      4.75593    0.0132829
      3.64060      4.75220    0.0132268
      3.64203      4.75158    0.0132660
      3.64347      4.73755    0.0134675
      3.64490      4.71451    0.0137877
      3.64634      4.70129    0.0138850
      3.64777      4.70429    0.0136699
      3.64921      4.71901    0.0134030
      3.65064      4.72253    0.0133703
      3.65208      4.72133    0.0133703
      3.65351      4.72967    0.0133188
      3.65495      4.72957    0.0132596
      3.65638      4.73095    0.0132007
      3.65782      4.75684    0.0131876
      3.65925      4.76662    0.0132195
      3.66069      4.75751    0.0131925
      3.66212      4.75058    0.0132126
      3.66356      4.74011    0.0133381
      3.66499      4.74053    0.0136729
      3.66643      4.73915    0.0139519
      3.66786      4.74651    0.0140420
      3.66930      4.77811    0.0140203
      3.67073      4.78703    0.0142280
      3.67217      4.76165    0.0146414
      3.67361      4.75612    0.0148698
      3.67504      4.78397    0.0148308
      3.67648      4.82477    0.0146550
      3.67791      4.83199    0.0145182
      3.67935      4.81650    0.0145784
      3.68079      4.80003    0.0145775
      3.68222      4.79933    0.0144180
      3.68366      4.77962    0.0142577
      3.68509      4.75116    0.0141831
      3.68653      4.73329    0.0141568
      3.68797      4.73764    0.0140342
      3.68940      4.74194    0.0137576
      3.69084      4.75917    0.0136103
      3.69227      4.77155    0.0135746
      3.69371      4.78676    0.0135790
      3.69515      4.79126    0.0135658
      3.69658      4.79794    0.0135682
      3.69802      4.79941    0.0134975
      3.69946      4.78825    0.0134083
      3.70089      4.77269    0.0133148
      3.70233      4.77411    0.0133066
      3.70377      4.78768    0.0133881
      3.70520      4.79382    0.0135850
      3.70664      4.78773    0.0137590
      3.70808      4.79313    0.0138308
      3.70951      4.80123    0.0138074
      3.71095      4.81745    0.0138196
      3.71239      4.81501    0.0138318
      3.71382      4.80864    0.0139104
      3.71526      4.81374    0.0139170
      3.71670      4.81522    0.0138645
      3.71814      4.81695    0.0137682
      3.71957      4.82512    0.0137204
      3.72101      4.81966    0.0136444
      3.72245      4.82320    0.0136947
      3.72389      4.81391    0.0137092
      3.72532      4.81359    0.0137608
      3.72676      4.80940    0.0138234
      3.72820      4.81057    0.0139168
      3.72963      4.81971    0.0139241
      3.73107      4.83729    0.0139847
      3.73251      4.85859    0.0140623
      3.73395      4.87856    0.0142272
      3.73539      4.89741    0.0142833
      3.73682      4.94519    0.0142562
      3.73826      4.99366    0.0142728
      3.73970      5.00978    0.0143556
      3.74114      4.98261    0.0143011
      3.74257      4.93806    0.0142066
      3.74401      4.91172    0.0140830
      3.74545      4.89827    0.0140330
      3.74689      4.88479    0.0140794
      3.74833      4.87523    0.0141589
      3.74977      4.85427    0.0141818
      3.75120      4.84491    0.0142219
      3.75264      4.83713    0.0141430
      3.75408      4.84306    0.0141215
      3.75552      4.83661    0.0141717
      3.75696      4.84023    0.0142920
      3.75840      4.84915    0.0144097
      3.75983      4.86621    0.0145481
      3.76127      4.86785    0.0146300
      3.76271      4.85405    0.0147671
      3.76415      4.82961    0.0148276
      3.76559      4.82949    0.0147623
      3.76703      4.83769    0.0146648
      3.76847      4.84142    0.0147097
      3.76990      4.83669    0.0147724
      3.77134      4.84034    0.0148995
      3.77278      4.83986    0.0148157
      3.77422      4.86106    0.0147478
      3.77566      4.83940    0.0145834
      3.77710      4.84686    0.0145000
      3.77854      4.86523    0.0145579
      3.77998      4.87640    0.0147168
      3.78142      4.86932    0.0147784
      3.78286      4.86804    0.0147575
      3.78430      4.86635    0.0146351
      3.78574      4.88645    0.0146226
      3.78718      4.89037    0.0147098
      3.78861      4.86718    0.0149443
      3.79005      4.86480    0.0151028
      3.79149      4.87812    0.0150825
      3.79293      4.88206    0.0148802
      3.79437      4.88507    0.0148082
      3.79581      4.87677    0.0148100
      3.79725      4.89083    0.0148800
      3.79869      4.89134    0.0149103
      3.80013      4.88962    0.0148852
      3.80157      4.89215    0.0148036
      3.80301      4.90115    0.0147822
      3.80445      4.89184    0.0146874
      3.80589      4.88939    0.0146391
      3.80733      4.89672    0.0146527
      3.80877      4.91309    0.0147934
      3.81021      4.92086    0.0149626
      3.81165      4.92517    0.0151424
      3.81309      4.92243    0.0151404
      3.81453      4.92178    0.0150819
      3.81598      4.92084    0.0149790
      3.81742      4.92430    0.0149696
      3.81886      4.92533    0.0150051
      3.82030      4.94758    0.0150399
      3.82174      4.94065    0.0149925
      3.82318      4.93131    0.0149628
      3.82462      4.92249    0.0149037
      3.82606      4.92368    0.0148490
      3.82750      4.92940    0.0147598
      3.82894      4.92711    0.0147010
      3.83038      4.93071    0.0146972
      3.83182      4.93448    0.0149071
      3.83327      4.93300    0.0151545
      3.83471      4.92948    0.0152939
      3.83615      4.92959    0.0152535
      3.83759      4.95095    0.0151989
      3.83903      4.94924    0.0151564
      3.84047      4.94398    0.0152591
      3.84191      4.94320    0.0154303
      3.84335      4.95807    0.0156619
      3.84480      4.95836    0.0157727
      3.84624      4.94050    0.0157377
      3.84768      4.94154    0.0156014
      3.84912      4.96994    0.0155507
      3.85056      4.97866    0.0155160
      3.85201      4.98232    0.0155999
      3.85345      4.98256    0.0157361
      3.85489      4.99358    0.0159235
      3.85633      4.99154    0.0160650
      3.85777      4.98391    0.0161611
      3.85921      4.98821    0.0162434
      3.86066      5.01098    0.0164552
      3.86210      5.03335    0.0166900
      3.86354      5.07121    0.0170208
      3.86498      5.12535    0.0174498
      3.86643      5.16326    0.0178759
      3.86787      5.14348    0.0181417
      3.86931      5.09634    0.0182649
      3.87075      5.05971    0.0184262
      3.87220      5.06650    0.0187056
      3.87364      5.02470    0.0188689
      3.87508      5.01837    0.0190672
      3.87652      5.02209    0.0191904
      3.87797      5.03622    0.0195061
      3.87941      5.02968    0.0197085
      3.88085      5.04040    0.0198654
      3.88230      5.05517    0.0199644
      3.88374      5.05514    0.0200567
      3.88518      5.05829    0.0201351
      3.88662      5.06693    0.0202334
      3.88807      5.07625    0.0202232
      3.88951      5.10164    0.0203006
      3.89095      5.10915    0.0202321
      3.89240      5.09310    0.0200810
      3.89384      5.09759    0.0198131
      3.89528      5.11412    0.0196761
      3.89673      5.13263    0.0193877
      3.89817      5.14470    0.0190850
      3.89961      5.11361    0.0187360
      3.90106      5.11403    0.0185786
      3.90250      5.11867    0.0185769
      3.90395      5.11720    0.0186610
      3.90539      5.09187    0.0186990
      3.90683      5.08292    0.0188460
      3.90828      5.08154    0.0190102
      3.90972      5.09133    0.0192459
      3.91117      5.07488    0.0192580
      3.91261      5.06406    0.0192308
      3.91405      5.03418    0.0191302
      3.91550      5.01504    0.0191732
      3.91694      5.01711    0.0192695
      3.91839      5.01612    0.0198853
      3.91983      4.89673    0.0194962
      3.92128      4.99090    0.0195825
      3.92272      4.99304    0.0195744
      3.92416      4.99398    0.0196728
      3.92561      4.99739    0.0196859
      3.92705      5.00853    0.0197123
      3.92850      5.00331    0.0195823
      3.92994      5.02124    0.0195053
      3.93139      5.02108    0.0193883
      3.93283      5.02699    0.0193383
      3.93428      5.03305    0.0192055
      3.93572      5.04973    0.0191678
      3.93717      5.04175    0.0190221
      3.93861      5.04686    0.0189378
      3.94006      5.02635    0.0188040
      3.94150      5.04310    0.0187785
      3.94295      5.04777    0.0186918
      3.94439      5.05023    0.0186470
      3.94584      5.05593    0.0184097
      3.94729      5.06891    0.0183112
      3.94873      5.05852    0.0182293
      3.95018      5.05793    0.0182174
      3.95162      5.06928    0.0181696
      3.95307      5.06796    0.0182268
      3.95451      5.03953    0.0181299
      3.95596      5.03467    0.0180570
      3.95741      5.03873    0.0179312
      3.95885      5.07265    0.0179727
      3.96030      5.04725    0.0179403
      3.96174      5.05115    0.0178967
      3.96319      5.04481    0.0177953
      3.96464      5.04157    0.0178132
      3.96608      5.03955    0.0178273
      3.96753      5.05214    0.0179290
      3.96897      5.09613    0.0179608
      3.97042      5.13496    0.0180455
      3.97187      5.11768    0.0180533
      3.97331      5.11251    0.0181347
      3.97476      5.10390    0.0181612
      3.97621      5.10958    0.0183022
      3.97765      5.12875    0.0183690
      3.97910      5.21458    0.0188139
      3.98055      5.25421    0.0190077
      3.98199      5.13826    0.0188081
      3.98344      5.16194    0.0187156
      3.98489      5.18368    0.0187359
      3.98634      5.19152    0.0187545
      3.98778      5.21045    0.0188971
      3.98923      5.21036    0.0189376
      3.99068      5.19000    0.0189743
      3.99212      5.16102    0.0188846
      3.99357      5.15007    0.0189557
      3.99502      5.15319    0.0189994
      3.99647      5.16922    0.0190780
      3.99791      5.18491    0.0191000
      3.99936      5.20167    0.0192411
      4.00081      5.20983    0.0193540
      4.00226      5.20261    0.0194364
      4.00371      5.18079    0.0194486
      4.00515      5.17240    0.0196423
      4.00660      5.13277    0.0198647
      4.00805      5.10099    0.0199109
      4.00950      5.12164    0.0200630
      4.01095      5.12471    0.0201857
      4.01239      5.11159    0.0201445
      4.01384      5.14819    0.0201996
      4.01529      5.17059    0.0202761
      4.01674      5.18283    0.0204874
      4.01819      5.17904    0.0205463
      4.01964      5.18012    0.0207323
      4.02108      5.19740    0.0208481
      4.02253      5.20723    0.0211756
      4.02398      5.18775    0.0210792
      4.02543      5.15888    0.0212152
      4.02688      5.13902    0.0213037
      4.02833      5.14521    0.0214945
      4.02978      5.13726    0.0216645
      4.03123      5.13101    0.0218864
      4.03267      5.12065    0.0220206
      4.03412      5.14078    0.0222788
      4.03557      5.14464    0.0225866
      4.03702      5.13111    0.0228497
      4.03847      5.11525    0.0230048
      4.03992      5.13168    0.0231696
      4.04137      5.14142    0.0232875
      4.04282      5.13973    0.0235214
      4.04427      5.13185    0.0238017
      4.04572      5.15305    0.0240217
      4.04717      5.18015    0.0240826
      4.04862      5.21777    0.0241462
      4.05007      5.27779    0.0241547
      4.05152      5.43111    0.0244902
      4.05297      5.57935    0.0249069
      4.05442      5.62629    0.0251447
      4.05587      5.53852    0.0250878
      4.05732      5.38293    0.0248997
      4.05877      5.25474    0.0247399
      4.06022      5.21201    0.0247262
      4.06167      5.20977    0.0247336
      4.06312      5.21384    0.0248229
      4.06457      5.18103    0.0249069
      4.06602      5.15321    0.0252320
      4.06747      5.14619    0.0254725
      4.06892      5.16627    0.0257166
      4.07037      5.16438    0.0260134
      4.07182      5.14858    0.0262045
      4.07327      5.14487    0.0263923
      4.07472      5.14245    0.0266697
      4.07617      5.13844    0.0268570
      4.07763      5.14396    0.0274399
      4.07908      5.15792    0.0278519
      4.08053      5.17105    0.0279296
      4.08198      5.17964    0.0282589
      4.08343      5.16190    0.0285216
      4.08488      5.14533    0.0289797
      4.08633      5.14921    0.0292567
      4.08778      5.15262    0.0291408
      4.08924      5.14423    0.0294638
      4.09069      5.15975    0.0296230
      4.09214      5.18327    0.0304397
      4.09359      5.16486    0.0302485
      4.09504      5.17034    0.0304219
      4.09649      5.15353    0.0305663
      4.09795      5.17205    0.0312706
      4.09940      5.16524    0.0309112
      4.10085      5.17851    0.0312013
      4.10230      5.17327    0.0312309
      4.10375      5.18330    0.0320093
      4.10521      5.17109    0.0322244
      4.10666      5.18608    0.0323887
      4.10811      5.18339    0.0321521
      4.10956      5.19368    0.0323378
      4.11102      5.19316    0.0329739
      4.11247      5.17414    0.0329123
      4.11392      5.17827    0.0335236
      4.11538      5.18754    0.0337881
      4.11683      5.16314    0.0339375
      4.11828      5.14217    0.0342080
      4.11973      5.15613    0.0347069
      4.12119      5.17708    0.0346327
      4.12264      5.17395    0.0347441
      4.12409      5.17953    0.0344395
      4.12555      5.15033    0.0345347
      4.12700      5.13975    0.0348870
      4.12845      5.16748    0.0357621
      4.12991      5.18549    0.0358475
      4.13136      5.16613    0.0359632
      4.13281      5.18070    0.0369105
      4.13427      5.18177    0.0366229
      4.13572      5.18404    0.0370236
      4.13717      5.18589    0.0378506
      4.13863      5.20926    0.0382415
      4.14008      5.19444    0.0387811
      4.14154      5.20270    0.0387275
      4.14299      5.19928    0.0391345
      4.14444      5.18590    0.0397583
      4.14590      5.20447    0.0407461
      4.14735      5.18182    0.0410580
      4.14881      5.15668    0.0415079
      4.15026      5.18124    0.0415685
      4.15172      5.16325    0.0427202
      4.15317      5.18912    0.0434822
      4.15462      5.18208    0.0437404
      4.15608      5.17397    0.0447884
      4.15753      5.21261    0.0457376
      4.15899      5.16764    0.0466181
      4.16044      5.16847    0.0479999
      4.16190      5.21625    0.0487713
      4.16335      5.16032    0.0499302
      4.16481      5.15244    0.0519767
      4.16626      5.17416    0.0526632
      4.16772      5.22189    0.0549111
      4.16917      5.27016    0.0572271
      4.17063      5.24893    0.0596027
      4.17208      5.24249    0.0619762
      4.17354      5.26764    0.0652425
      4.17500      5.28430    0.0685922
      4.17645      5.27929    0.0727292
      4.17791      5.27741    0.0773187
      4.17936      5.29088    0.0833857
      4.18082      5.25769    0.0910589
      4.18227      5.23747     0.102973
      4.18373      5.27665     0.120911
      4.18519      5.31537     0.149662
      4.18664      5.26432     0.198459
      4.18810      5.25695     0.290091
      4.18955      5.31376     0.487996
      4.19101      5.19908     0.923369
      4.19247      4.93935      2.11819
      4.19392      4.52366      5.74159
      4.19538     -2.34414      332.232
      4.19684     -15.4227      347.898
      4.19829      1.08451      20.7194
      4.19975      14.6084      69.2885
      4.20121      3.01777      106.687
      4.20266      11.2514      24.4615
      4.20412      3.58666      12.8112
      4.20558     -6.13068      97.0780
      4.20704     -47.2730      26.2567
      4.20849     -56.6387      1479.01
      4.20995      19.8186      35.1484
      4.21141      17.4725      32.5237
      4.21286      63.6968      1884.34
      4.21432     -131.256      9835.04
      4.21578      23.3281      6800.47
      4.21724      947.828      15595.5
      4.21869      11.0356      32.9415
      4.22015     -1.24520      77.1546
      4.22161      5.74091      23.2557
      4.22307      27.5362      3976.39
      4.22453     0.271447      233.796
      4.22598     -34.0842      89.5625
      4.22744     -40.4411      91.7243
      4.22890     -11.3872      42.1065
      4.23036     -24.7394      32322.3
      4.23182     -168.379      36.3619
      4.23328     -396.265      75.8213
      4.23473     -9.22624      30493.3
      4.23619     -33.7911      8953.18
      4.23765     -1445.04      1246.34
      4.23911     -2679.10      1676.50
      4.24057      2.90513      50.3380
      4.24203      9.51218      58.6141
      4.24349      5.03798      64.9310
      4.24495      7.72955      261.849
      4.24640      36.6519      102.409
      4.24786      26.0665      274.200
      4.24932     -2.46713      42.0896
      4.25078     -38.1101      21.7224
      4.25224     -94.4066      83.5704
      4.25370     -25.7345      47.9909
      4.25516     -13.0654      64.2788
      4.25662     -2.28773      27.5252
      4.25808     -46.8212      25.1860
      4.25954     -86.1864      154.108
      4.26100      7.03578      21.4027
      4.26246      24.5762      21.3885
      4.26392      48.3285      32.9140
      4.26538     -1208.41      29.7045
      4.26684     -2582.38      99.5773
      4.26830     -55.8986      84.4227
      4.26976     -82.2261      99.2638
      4.27122      26.4611      31.1536
      4.27268      17.9687      35.9864
      4.27414      2.81608      22.4137
      4.27560     -20.5830      10.1816
      4.27706     -54.6146      2775.10
      4.27852     -55.0201      64.8948
      4.27998     -36.2178      39.0952
      4.28144      0.00000      94.5876
