SOURCE  = TPSC 1                        / Source name
STANDARD= BS 1735                       / Standard name
OBSDATE = 13-11-2001                    / Date of observation
SPOS    = 05:40:27.3  -07:27:49.1       / Source position RA,DEC,J2000
STPOS   = 05:17:36.2  -06:51:14.7       / Standard position RA,DEC,J2000
STSPT   = B5III                         / Standard spectral type
STTEFF  = 14300 (Gulati et al 1989, A&AS/ Standard effective temperature [K]
STMAG   = 4.2                           / Standard magnitude (adopted)
WAVEZP  = 3.45                          / Wavelength zero point [micron]
FLUXZP  = 290                           / Flux zero point [Jy]
SAIRM   = 1.05                          / Source mean airmass
STAIRM  = 1.17                          / Standard mean airmass
AIRMCORR= 1.19                          / Optimal (adopted) airmass correction
SPECRES = ~1200                         / Spectral resolution

Created by K. M. Pontoppidan             Mon May 19 20:07:53 2003

Wavelength [micron] Flux [Jy] Statistical Error [Jy]

      2.78396      0.00000      7.54719
      2.78530      37.2308      11.2807
      2.78664     -32.0270      12.7216
      2.78798      5.43371      1.60021
      2.78932      4.85000      5.36644
      2.79067      63.1188      18.5292
      2.79201      39.1613      8.63231
      2.79335      2.48666      2.44652
      2.79469     -1.91166      6.63281
      2.79604     -1.66278      1.28122
      2.79738    -0.873712     0.920832
      2.79873    -0.329848     0.926120
      2.80007   -0.0149833     0.727493
      2.80142     -1.69619     0.932920
      2.80276     -9.78720      2.42913
      2.80411     -5.25336     0.683537
      2.80546      2.15505      1.37986
      2.80681     -4.97406      6.81771
      2.80815     -4.25074      1.00544
      2.80950     0.603835      1.56284
      2.81085  -0.00105765     0.274254
      2.81220    0.0341166    0.0989212
      2.81355     0.147509    0.0659193
      2.81490    -0.129039    0.0650286
      2.81625    -0.510272     0.144393
      2.81760    -0.522089     0.337280
      2.81895    -0.121832     0.318670
      2.82030    -0.593839     0.444443
      2.82165   -0.0197011     0.223393
      2.82300     0.182095    0.0730101
      2.82436    0.0531337    0.0269056
      2.82571    0.0378483    0.0156357
      2.82706    0.0195113    0.0119623
      2.82841   0.00387039    0.0102532
      2.82977   0.00499818   0.00769583
      2.83112   0.00479635   0.00612425
      2.83248   0.00602060   0.00655711
      2.83383    0.0352514    0.0129793
      2.83519   -0.0436164    0.0375279
      2.83654    -0.154429     0.153208
      2.83790    -0.296404     0.158725
      2.83926   -0.0676322    0.0546329
      2.84061  -0.00276908    0.0223718
      2.84197  -0.00423768    0.0113531
      2.84333    0.0118058   0.00693086
      2.84468   0.00854905   0.00455694
      2.84604   0.00547828   0.00425050
      2.84740   0.00219395   0.00578188
      2.84876   0.00788291    0.0117309
      2.85012    0.0285523    0.0174213
      2.85148 -1.69068e-05    0.0127681
      2.85284    0.0302372    0.0111838
      2.85420    0.0429539    0.0171575
      2.85556    0.0371323    0.0267746
      2.85692    0.0259946    0.0132566
      2.85828    0.0186844   0.00769229
      2.85964    0.0158351   0.00620895
      2.86101    0.0188201   0.00592239
      2.86237    0.0122830   0.00458529
      2.86373    0.0114787   0.00338783
      2.86509   0.00386467   0.00306932
      2.86646   0.00343660   0.00341672
      2.86782   0.00538181   0.00440686
      2.86919    0.0341917   0.00574888
      2.87055    0.0213597   0.00687511
      2.87191    0.0203704   0.00710507
      2.87328    0.0143647   0.00544507
      2.87464    0.0139103   0.00328648
      2.87601    0.0100818   0.00244537
      2.87738   0.00914582   0.00250180
      2.87874    0.0107715   0.00279147
      2.88011    0.0149488   0.00267642
      2.88148   0.00966100   0.00240643
      2.88284   0.00835276   0.00251493
      2.88421   0.00885980   0.00271443
      2.88558    0.0109402   0.00297003
      2.88695   0.00930621   0.00284769
      2.88832    0.0110211   0.00324084
      2.88969   0.00129668   0.00365623
      2.89106 -2.11614e-05   0.00280404
      2.89242   0.00212722   0.00235903
      2.89379   0.00199383   0.00206973
      2.89516   0.00600010   0.00172973
      2.89654   0.00894381   0.00156876
      2.89791   0.00477440   0.00162329
      2.89928   0.00429545   0.00203937
      2.90065   0.00969112   0.00316362
      2.90202   0.00859001   0.00478596
      2.90339   0.00370247   0.00389223
      2.90476   0.00107597   0.00369429
      2.90614  0.000294983   0.00354259
      2.90751   0.00145274   0.00279291
      2.90888   0.00285673   0.00218056
      2.91026   0.00575698   0.00183473
      2.91163   0.00818912   0.00169168
      2.91301   0.00744372   0.00184213
      2.91438   0.00562273   0.00204310
      2.91575   0.00790292   0.00185019
      2.91713   0.00817809   0.00175399
      2.91850   0.00592694   0.00167294
      2.91988   0.00563213   0.00175058
      2.92126   0.00647845   0.00219143
      2.92263   0.00212051   0.00353401
      2.92401   0.00106244   0.00412845
      2.92538   0.00593372   0.00244825
      2.92676   0.00677006   0.00172795
      2.92814   0.00415704   0.00153080
      2.92952   0.00583531   0.00152807
      2.93089   0.00682721   0.00145813
      2.93227   0.00518055   0.00141374
      2.93365   0.00682350   0.00145616
      2.93503   0.00575626   0.00146317
      2.93641   0.00571985   0.00155592
      2.93779   0.00749789   0.00177722
      2.93917   0.00492603   0.00197715
      2.94055   0.00474317   0.00194605
      2.94193   0.00370647   0.00195209
      2.94331   0.00327921   0.00214945
      2.94469   0.00630517   0.00211879
      2.94607   0.00387319   0.00207783
      2.94745   0.00177774   0.00208046
      2.94883   0.00363067   0.00180645
      2.95021   0.00795386   0.00155592
      2.95159   0.00496784   0.00157633
      2.95298   0.00342916   0.00183458
      2.95436   0.00441578   0.00214813
      2.95574   0.00807706   0.00204268
      2.95712   0.00405922   0.00167687
      2.95851   0.00122816   0.00158539
      2.95989   0.00540710   0.00151431
      2.96127   0.00643960   0.00152973
      2.96266   0.00752817   0.00145486
      2.96404    0.0104562   0.00144672
      2.96543   0.00964742   0.00146175
      2.96681   0.00510782   0.00166504
      2.96820   0.00252893   0.00224068
      2.96958   0.00171040   0.00301012
      2.97097   0.00756859   0.00393086
      2.97235   0.00959913   0.00411452
      2.97374   0.00765208   0.00322842
      2.97512   0.00582088   0.00271369
      2.97651    0.0116542   0.00222969
      2.97790   0.00603896   0.00209238
      2.97928   0.00171554   0.00217184
      2.98067   0.00186021   0.00216489
      2.98206   0.00501584   0.00170019
      2.98345   0.00629895   0.00148305
      2.98483   0.00478581   0.00136431
      2.98622   0.00404681   0.00130908
      2.98761   0.00629073   0.00124225
      2.98900   0.00577526   0.00122655
      2.99039   0.00740309   0.00125511
      2.99178   0.00543941   0.00134558
      2.99316   0.00362785   0.00138677
      2.99455   0.00645838   0.00148331
      2.99594   0.00562611   0.00158248
      2.99733   0.00612749   0.00164722
      2.99872   0.00538763   0.00152555
      3.00011   0.00599843   0.00134121
      3.00150   0.00839153   0.00124914
      3.00289   0.00671709   0.00136833
      3.00429   0.00614250   0.00160755
      3.00568   0.00563736   0.00185575
      3.00707   0.00416592   0.00188598
      3.00846   0.00285438   0.00163832
      3.00985   0.00392492   0.00136911
      3.01124   0.00428995   0.00130175
      3.01264   0.00537609   0.00129127
      3.01403   0.00570043   0.00134267
      3.01542   0.00552536   0.00136335
      3.01681   0.00569660   0.00151644
      3.01821   0.00573756   0.00191428
      3.01960   0.00562348   0.00202133
      3.02099   0.00592914   0.00196757
      3.02239   0.00460401   0.00173049
      3.02378   0.00645661   0.00136082
      3.02517   0.00484832   0.00124194
      3.02657   0.00308632   0.00127788
      3.02796   0.00352180   0.00132099
      3.02936   0.00482489   0.00135391
      3.03075   0.00474279   0.00150002
      3.03215   0.00400587   0.00171677
      3.03354   0.00589264   0.00176578
      3.03494   0.00370068   0.00187363
      3.03633   0.00496860   0.00221379
      3.03773   0.00812228   0.00238637
      3.03912   0.00629687   0.00194116
      3.04052   0.00737630   0.00171274
      3.04192   0.00486250   0.00153460
      3.04331   0.00374324   0.00149122
      3.04471   0.00571294   0.00160280
      3.04611   0.00444772   0.00166179
      3.04750   0.00268738   0.00173520
      3.04890   0.00250543   0.00194942
      3.05030   0.00130951   0.00210874
      3.05170  0.000466665   0.00244716
      3.05309   0.00617922   0.00294658
      3.05449   0.00614643   0.00262019
      3.05589   0.00250503   0.00208088
      3.05729   0.00410664   0.00161749
      3.05869   0.00365996   0.00136076
      3.06009   0.00326691   0.00133823
      3.06148   0.00284565   0.00150292
      3.06288   0.00436353   0.00160879
      3.06428   0.00354661   0.00158532
      3.06568   0.00418247   0.00152354
      3.06708   0.00666793   0.00160648
      3.06848   0.00339416   0.00164774
      3.06988  0.000515080   0.00177370
      3.07128   0.00173047   0.00182253
      3.07268   0.00399512   0.00167442
      3.07408   0.00451727   0.00138471
      3.07548   0.00438971   0.00123521
      3.07688   0.00307680   0.00124907
      3.07828   0.00278558   0.00137695
      3.07968   0.00624287   0.00156798
      3.08109   0.00581306   0.00194135
      3.08249   0.00466829   0.00195285
      3.08389   0.00503761   0.00169367
      3.08529   0.00739715   0.00164558
      3.08669   0.00371970   0.00155175
      3.08809   0.00144414   0.00158264
      3.08950   0.00226066   0.00161140
      3.09090   0.00369025   0.00163658
      3.09230   0.00198697   0.00175910
      3.09370   0.00168108   0.00198076
      3.09511   0.00345294   0.00204542
      3.09651   0.00317769   0.00194257
      3.09791   0.00342259   0.00170246
      3.09932   0.00548013   0.00147158
      3.10072   0.00387696   0.00133389
      3.10212   0.00212593   0.00145089
      3.10353   0.00239911   0.00172764
      3.10493   0.00356148   0.00227867
      3.10633   0.00109634   0.00215620
      3.10774  0.000854090   0.00188940
      3.10914   0.00141125   0.00183234
      3.11055   0.00241172   0.00206836
      3.11195   0.00276100   0.00175803
      3.11336   0.00356162   0.00161233
      3.11476   0.00369826   0.00163540
      3.11616   0.00437745   0.00141399
      3.11757   0.00423581   0.00115799
      3.11897   0.00281238   0.00104671
      3.12038   0.00365326   0.00106384
      3.12179   0.00548010   0.00110401
      3.12319   0.00394389   0.00129834
      3.12460   0.00350368   0.00164493
      3.12600   0.00271082   0.00215609
      3.12741   0.00165047   0.00212445
      3.12881   0.00398099   0.00155004
      3.13022   0.00689494   0.00117997
      3.13163   0.00687084   0.00105906
      3.13303   0.00496096   0.00103999
      3.13444   0.00355374   0.00100618
      3.13585   0.00394070   0.00107200
      3.13725   0.00319446   0.00120412
      3.13866   0.00419252   0.00140040
      3.14007   0.00462693   0.00141386
      3.14148   0.00416409   0.00128343
      3.14288   0.00423730   0.00128212
      3.14429   0.00484694   0.00144380
      3.14570   0.00645470   0.00161187
      3.14711   0.00885663   0.00145775
      3.14851   0.00820220   0.00121579
      3.14992   0.00534179   0.00112459
      3.15133   0.00600534   0.00109315
      3.15274   0.00563840   0.00110271
      3.15415   0.00413996   0.00121196
      3.15555   0.00430068   0.00127162
      3.15696   0.00456936   0.00124116
      3.15837   0.00476937   0.00113061
      3.15978   0.00621710   0.00108270
      3.16119   0.00641715   0.00101373
      3.16260   0.00602824  0.000984644
      3.16401   0.00681181  0.000977158
      3.16542   0.00636578  0.000971071
      3.16682   0.00748905  0.000976384
      3.16823   0.00730620  0.000987914
      3.16964   0.00586821   0.00101581
      3.17105   0.00444129   0.00106319
      3.17246   0.00711301   0.00110021
      3.17387   0.00778192   0.00109903
      3.17528   0.00672835   0.00107088
      3.17669   0.00589951   0.00102987
      3.17810   0.00586760   0.00100343
      3.17951   0.00732903   0.00104218
      3.18092   0.00644196   0.00107645
      3.18233   0.00638161   0.00113028
      3.18374   0.00739480   0.00113478
      3.18515   0.00772415   0.00109856
      3.18656   0.00696371   0.00108671
      3.18798   0.00651368   0.00110606
      3.18939   0.00584297   0.00129847
      3.19080   0.00681521   0.00167431
      3.19221   0.00671437   0.00181301
      3.19362   0.00650979   0.00149392
      3.19503   0.00563281   0.00139904
      3.19644   0.00721834   0.00155893
      3.19785   0.00665156   0.00216209
      3.19927   0.00802391   0.00239663
      3.20068   0.00471750   0.00228248
      3.20209    0.0174812   0.00235812
      3.20350    0.0151955   0.00227728
      3.20491    0.0119175   0.00234857
      3.20632   0.00947928   0.00291953
      3.20774   0.00848451   0.00358716
      3.20915   0.00572531   0.00395406
      3.21056   0.00733399   0.00378679
      3.21197   0.00831664   0.00301041
      3.21338   0.00766172   0.00234368
      3.21480   0.00450136   0.00204930
      3.21621   0.00520830   0.00199730
      3.21762   0.00732620   0.00181010
      3.21903   0.00268614   0.00170472
      3.22045   0.00626930   0.00193016
      3.22186   0.00831196   0.00281706
      3.22327   0.00666608   0.00384235
      3.22469   0.00339807   0.00378095
      3.22610    0.0130610   0.00253660
      3.22751    0.0119292   0.00220870
      3.22893   0.00848762   0.00258153
      3.23034   0.00766208   0.00277528
      3.23175    0.0130890   0.00193582
      3.23317    0.0174351   0.00125255
      3.23458    0.0192644   0.00109619
      3.23599    0.0187138   0.00109329
      3.23741    0.0140769   0.00117843
      3.23882    0.0120688   0.00134608
      3.24023   0.00804597   0.00153657
      3.24165    0.0112348   0.00148430
      3.24306    0.0178649   0.00162712
      3.24448    0.0129470   0.00216129
      3.24589    0.0106313   0.00266207
      3.24730    0.0106002   0.00284191
      3.24872   0.00570585   0.00227032
      3.25013    0.0126598   0.00157791
      3.25155    0.0142815   0.00115414
      3.25296    0.0137563   0.00101091
      3.25437    0.0139957  0.000962849
      3.25579    0.0133153  0.000994684
      3.25720    0.0127453   0.00110078
      3.25862   0.00986041   0.00138294
      3.26003  0.000280004   0.00186710
      3.26145   0.00997709   0.00248493
      3.26286    0.0192403   0.00199457
      3.26428    0.0159579   0.00155529
      3.26569    0.0193935   0.00134503
      3.26711    0.0237190   0.00139723
      3.26852    0.0203673   0.00164784
      3.26994    0.0123574   0.00200995
      3.27135   0.00904199   0.00207956
      3.27277    0.0144218   0.00155209
      3.27418    0.0158347   0.00116091
      3.27560    0.0169402   0.00108032
      3.27701    0.0194586   0.00113021
      3.27843    0.0221492   0.00134087
      3.27984    0.0250744   0.00141685
      3.28126    0.0192892   0.00126424
      3.28267    0.0178471   0.00102869
      3.28409    0.0188974  0.000928600
      3.28551    0.0214240  0.000915064
      3.28692    0.0252229  0.000899039
      3.28834    0.0226323  0.000947917
      3.28975    0.0213709   0.00100097
      3.29117 -4.85912e-05   0.00112194
      3.29258    0.0127121   0.00128229
      3.29400    0.0308732   0.00157963
      3.29542    0.0287701   0.00198102
      3.29683    0.0232245   0.00228530
      3.29825    0.0100262   0.00250424
      3.29966    0.0219668   0.00222466
      3.30108    0.0243490   0.00152805
      3.30250    0.0178037   0.00128900
      3.30391    0.0200902   0.00127447
      3.30533   0.00252928   0.00130323
      3.30675    0.0113797   0.00120738
      3.30816    0.0213828   0.00127150
      3.30958    0.0223515   0.00142330
      3.31099    0.0224618   0.00149559
      3.31241    0.0139840   0.00214027
      3.31383    0.0124206   0.00497176
      3.31524   -0.0279538    0.0145137
      3.31666    0.0211441    0.0137143
      3.31808    0.0382065   0.00860091
      3.31949    0.0292615   0.00569797
      3.32091    0.0232310   0.00350766
      3.32233    0.0201345   0.00219336
      3.32374    0.0206605   0.00156456
      3.32516    0.0193442   0.00141470
      3.32658    0.0203331   0.00132163
      3.32799    0.0216078   0.00147080
      3.32941    0.0210736   0.00133679
      3.33083    0.0199811   0.00105193
      3.33224    0.0214672  0.000970942
      3.33366    0.0206653  0.000968837
      3.33508    0.0219123   0.00101987
      3.33649    0.0219254  0.000986434
      3.33791    0.0239849   0.00109497
      3.33933    0.0257025   0.00120039
      3.34075    0.0265350   0.00131593
      3.34216    0.0254673   0.00118788
      3.34358    0.0244627   0.00117774
      3.34500    0.0235642   0.00128318
      3.34641    0.0234747   0.00130308
      3.34783    0.0245807   0.00113879
      3.34925    0.0242421   0.00107534
      3.35066    0.0251653  0.000988856
      3.35208    0.0240417   0.00100475
      3.35350    0.0237465   0.00107237
      3.35492    0.0234778   0.00125727
      3.35633    0.0230324   0.00141719
      3.35775    0.0252904   0.00132954
      3.35917    0.0246419   0.00120182
      3.36059    0.0237587   0.00113907
      3.36200    0.0246296   0.00111265
      3.36342    0.0250393   0.00112856
      3.36484    0.0262467   0.00107183
      3.36626    0.0263184   0.00103963
      3.36767    0.0274834   0.00112929
      3.36909    0.0287656   0.00124180
      3.37051    0.0283069   0.00120376
      3.37193    0.0272803   0.00107258
      3.37334    0.0271568   0.00101069
      3.37476    0.0281458  0.000962801
      3.37618    0.0291606   0.00102343
      3.37759    0.0283283   0.00107376
      3.37901    0.0304213   0.00119243
      3.38043    0.0300144   0.00126117
      3.38185    0.0295915   0.00129354
      3.38327    0.0297047   0.00116187
      3.38468    0.0297697   0.00104413
      3.38610    0.0292963  0.000990480
      3.38752    0.0298144  0.000961925
      3.38894    0.0281925  0.000940191
      3.39035    0.0289192   0.00103739
      3.39177    0.0302999   0.00116084
      3.39319    0.0310158   0.00112518
      3.39461    0.0311207   0.00102663
      3.39602    0.0315620  0.000916922
      3.39744    0.0301775  0.000871791
      3.39886    0.0300264  0.000883192
      3.40028    0.0312068  0.000880446
      3.40169    0.0318902  0.000980279
      3.40311    0.0335272   0.00115073
      3.40453    0.0327572   0.00132110
      3.40595    0.0311595   0.00121819
      3.40737    0.0309373   0.00114085
      3.40878    0.0337351   0.00109967
      3.41020    0.0329795   0.00105833
      3.41162    0.0305044  0.000981644
      3.41304    0.0310230   0.00104151
      3.41445    0.0329949   0.00105829
      3.41587    0.0324800   0.00116536
      3.41729    0.0317062   0.00117035
      3.41871    0.0333823  0.000975739
      3.42013    0.0338803  0.000925967
      3.42154    0.0334894  0.000886591
      3.42296    0.0327669  0.000893512
      3.42438    0.0338278  0.000951889
      3.42580    0.0349253   0.00100965
      3.42721    0.0333236   0.00110522
      3.42863    0.0338896   0.00118523
      3.43005    0.0331295   0.00106952
      3.43147    0.0339215  0.000911922
      3.43288    0.0343577  0.000887771
      3.43430    0.0330397  0.000871986
      3.43572    0.0338627  0.000888611
      3.43714    0.0346571  0.000901961
      3.43856    0.0340170  0.000926487
      3.43997    0.0340418   0.00100803
      3.44139    0.0353369  0.000990075
      3.44281    0.0351624  0.000940984
      3.44423    0.0327601  0.000869347
      3.44564    0.0325639  0.000853790
      3.44706    0.0342053  0.000871867
      3.44848    0.0353541  0.000864490
      3.44990    0.0367896  0.000881099
      3.45131    0.0369137  0.000891947
      3.45273    0.0362011  0.000973723
      3.45415    0.0371705  0.000972471
      3.45557    0.0371286  0.000948120
      3.45699    0.0361606  0.000872900
      3.45840    0.0359220  0.000832714
      3.45982    0.0365480  0.000805878
      3.46124    0.0368146  0.000823579
      3.46266    0.0362887  0.000845773
      3.46407    0.0357991  0.000890632
      3.46549    0.0367228  0.000913203
      3.46691    0.0373736  0.000872443
      3.46833    0.0372552  0.000873255
      3.46974    0.0368269  0.000838449
      3.47116    0.0368159  0.000822132
      3.47258    0.0365868  0.000805949
      3.47400    0.0376621  0.000856163
      3.47541    0.0384139  0.000837441
      3.47683    0.0384938  0.000864902
      3.47825    0.0377042  0.000837745
      3.47967    0.0378223  0.000846726
      3.48108    0.0384941  0.000838150
      3.48250    0.0403637  0.000854588
      3.48392    0.0408315  0.000830370
      3.48534    0.0395031  0.000791421
      3.48675    0.0397759  0.000837899
      3.48817    0.0401057  0.000833768
      3.48959    0.0405420  0.000877844
      3.49101    0.0399068  0.000874246
      3.49242    0.0402302  0.000847380
      3.49384    0.0402967  0.000853168
      3.49526    0.0392916  0.000807690
      3.49668    0.0394118  0.000836740
      3.49809    0.0404145  0.000821533
      3.49951    0.0437764  0.000844945
      3.50093    0.0447546  0.000824528
      3.50235    0.0431791  0.000825311
      3.50376    0.0433899  0.000845698
      3.50518    0.0435857  0.000798467
      3.50660    0.0441972  0.000823980
      3.50801    0.0449145  0.000828207
      3.50943    0.0442739  0.000820046
      3.51085    0.0452179  0.000848849
      3.51227    0.0465124  0.000831988
      3.51368    0.0471764  0.000833644
      3.51510    0.0474620  0.000842290
      3.51652    0.0476319  0.000826031
      3.51793    0.0480182  0.000803293
      3.51935    0.0481882  0.000795423
      3.52077    0.0485628  0.000811120
      3.52219    0.0488685  0.000785735
      3.52360    0.0481986  0.000797231
      3.52502    0.0493066  0.000826324
      3.52644    0.0507266  0.000805143
      3.52785    0.0499585  0.000830728
      3.52927    0.0492822  0.000803486
      3.53069    0.0497052  0.000804025
      3.53210    0.0501894  0.000816769
      3.53352    0.0490209  0.000860372
      3.53494    0.0486354  0.000833921
      3.53636    0.0500021  0.000843638
      3.53777    0.0517793  0.000858992
      3.53919    0.0519087  0.000859368
      3.54061    0.0529008  0.000909960
      3.54202    0.0537142  0.000900436
      3.54344    0.0521056  0.000846770
      3.54486    0.0523689  0.000830840
      3.54627    0.0528012  0.000815414
      3.54769    0.0530572  0.000837302
      3.54911    0.0533122  0.000810748
      3.55052    0.0544109  0.000816626
      3.55194    0.0539605  0.000812736
      3.55336    0.0542028  0.000864443
      3.55477    0.0545715  0.000823707
      3.55619    0.0556724  0.000836699
      3.55761    0.0558579  0.000835835
      3.55902    0.0557453  0.000824623
      3.56044    0.0567442  0.000824964
      3.56185    0.0567597  0.000819094
      3.56327    0.0583289  0.000806279
      3.56469    0.0581506  0.000813530
      3.56610    0.0577240  0.000832411
      3.56752    0.0586735  0.000859749
      3.56894    0.0579417  0.000858910
      3.57035    0.0578911  0.000821759
      3.57177    0.0583051  0.000843354
      3.57319    0.0594070  0.000855909
      3.57460    0.0603580  0.000869986
      3.57602    0.0590849  0.000844516
      3.57743    0.0607346  0.000826913
      3.57885    0.0621897  0.000806902
      3.58027    0.0624035  0.000827445
      3.58168    0.0616609  0.000856507
      3.58310    0.0606293  0.000870198
      3.58451    0.0615513  0.000863220
      3.58593    0.0631453  0.000857896
      3.58735    0.0642191  0.000856696
      3.58876    0.0636523  0.000846914
      3.59018    0.0635808  0.000861139
      3.59159    0.0642524  0.000849709
      3.59301    0.0658965  0.000840428
      3.59443    0.0664188  0.000836049
      3.59584    0.0664577  0.000839223
      3.59726    0.0667899  0.000838589
      3.59867    0.0664885  0.000820815
      3.60009    0.0672121  0.000848736
      3.60151    0.0679425  0.000812253
      3.60292    0.0682579  0.000830571
      3.60434    0.0688093  0.000835790
      3.60575    0.0683835  0.000821472
      3.60717    0.0699792  0.000875625
      3.60858    0.0708866  0.000857972
      3.61000    0.0696943  0.000842754
      3.61142    0.0701422  0.000868047
      3.61283    0.0710096  0.000838034
      3.61425    0.0709849  0.000810488
      3.61566    0.0715257  0.000840788
      3.61708    0.0720692  0.000810556
      3.61849    0.0724311  0.000830010
      3.61991    0.0726781  0.000854689
      3.62132    0.0730875  0.000824881
      3.62274    0.0738882  0.000844526
      3.62415    0.0748316  0.000845072
      3.62557    0.0758404  0.000874573
      3.62698    0.0764222  0.000857780
      3.62840    0.0749638  0.000882694
      3.62982    0.0744571  0.000864883
      3.63123    0.0758820  0.000823847
      3.63265    0.0760922  0.000827219
      3.63406    0.0764575  0.000848177
      3.63548    0.0767773  0.000792648
      3.63689    0.0771178  0.000803086
      3.63831    0.0780400  0.000808371
      3.63972    0.0779142  0.000810018
      3.64114    0.0791181  0.000779803
      3.64255    0.0801961  0.000826382
      3.64397    0.0823557  0.000831028
      3.64538    0.0825204  0.000861394
      3.64680    0.0821571  0.000869334
      3.64821    0.0837021  0.000852997
      3.64963    0.0827454  0.000831257
      3.65104    0.0825583  0.000813073
      3.65246    0.0819656  0.000800155
      3.65387    0.0818459  0.000820430
      3.65529    0.0825533  0.000802624
      3.65670    0.0825819  0.000794568
      3.65811    0.0826510  0.000795925
      3.65953    0.0832024  0.000838889
      3.66094    0.0834044  0.000841123
      3.66236    0.0848028  0.000815047
      3.66377    0.0862321  0.000859883
      3.66519    0.0862148  0.000808554
      3.66660    0.0856911  0.000819566
      3.66802    0.0863035  0.000842046
      3.66943    0.0865739  0.000836625
      3.67085    0.0882808  0.000877227
      3.67226    0.0885779  0.000882097
      3.67368    0.0872957  0.000888398
      3.67509    0.0882033  0.000889422
      3.67650    0.0879973  0.000900754
      3.67792    0.0872245  0.000874213
      3.67933    0.0885881  0.000872608
      3.68075    0.0889494  0.000820099
      3.68216    0.0892196  0.000858788
      3.68358    0.0914682  0.000831739
      3.68499    0.0905459  0.000855965
      3.68640    0.0898732  0.000826884
      3.68782    0.0915704  0.000824020
      3.68923    0.0921282  0.000843366
      3.69065    0.0914748  0.000863661
      3.69206    0.0916564  0.000799919
      3.69348    0.0910938  0.000792713
      3.69489    0.0909925  0.000800700
      3.69630    0.0923407  0.000806973
      3.69772    0.0933024  0.000823899
      3.69913    0.0947939  0.000799336
      3.70055    0.0933666  0.000828648
      3.70196    0.0927043  0.000836849
      3.70337    0.0948586  0.000816599
      3.70479    0.0965635  0.000830519
      3.70620    0.0951845  0.000844517
      3.70761    0.0957165  0.000836209
      3.70903    0.0973568  0.000850081
      3.71044    0.0972676  0.000857961
      3.71186    0.0954799  0.000896590
      3.71327    0.0963511  0.000866398
      3.71468    0.0976362  0.000827138
      3.71610    0.0978716  0.000854320
      3.71751    0.0976613  0.000847359
      3.71892    0.0977050  0.000798860
      3.72034    0.0986854  0.000800642
      3.72175    0.0997650  0.000837475
      3.72317     0.100529  0.000835737
      3.72458     0.100577  0.000835028
      3.72599     0.101416  0.000814995
      3.72741     0.102119  0.000876521
      3.72882     0.102922  0.000850298
      3.73023     0.104256  0.000862327
      3.73165     0.104168  0.000865654
      3.73306     0.105998  0.000859192
      3.73447     0.108623  0.000920140
      3.73589     0.110974  0.000877526
      3.73730     0.113438  0.000871151
      3.73871     0.116505  0.000925134
      3.74013     0.120460  0.000880094
      3.74154     0.119898  0.000854499
      3.74295     0.114880  0.000874056
      3.74437     0.112186  0.000850526
      3.74578     0.110814  0.000818534
      3.74719     0.111129  0.000812229
      3.74861     0.112444  0.000880844
      3.75002     0.111023  0.000831536
      3.75143     0.108109  0.000880000
      3.75285     0.107786  0.000885717
      3.75426     0.108205  0.000867117
      3.75567     0.110361  0.000872179
      3.75709     0.110653  0.000856045
      3.75850     0.111429  0.000863125
      3.75991     0.110776  0.000825011
      3.76133     0.109830  0.000872405
      3.76274     0.110287  0.000894141
      3.76415     0.109779  0.000860381
      3.76557     0.108420  0.000891356
      3.76698     0.108034  0.000888230
      3.76839     0.111523  0.000852359
      3.76980     0.112923  0.000867264
      3.77122     0.112684  0.000860045
      3.77263     0.112943  0.000905243
      3.77404     0.113382  0.000847557
      3.77546     0.112625  0.000906238
      3.77687     0.112574  0.000847967
      3.77828     0.116618  0.000877409
      3.77970     0.116319  0.000844056
      3.78111     0.115061  0.000900149
      3.78252     0.115138  0.000871181
      3.78393     0.117545  0.000899383
      3.78535     0.119799  0.000892637
      3.78676     0.118831  0.000867374
      3.78817     0.117349  0.000948751
      3.78959     0.118181  0.000918520
      3.79100     0.117847  0.000924971
      3.79241     0.116532  0.000847123
      3.79382     0.116701  0.000922663
      3.79524     0.117988  0.000869065
      3.79665     0.120454  0.000904618
      3.79806     0.120072  0.000902286
      3.79947     0.119130  0.000827744
      3.80089     0.120811  0.000890001
      3.80230     0.121325  0.000858462
      3.80371     0.120883  0.000866982
      3.80513     0.123422  0.000910697
      3.80654     0.126227  0.000861998
      3.80795     0.126760  0.000875598
      3.80936     0.126757  0.000891716
      3.81078     0.125946  0.000905770
      3.81219     0.123406  0.000918130
      3.81360     0.124111  0.000908192
      3.81501     0.124847  0.000880664
      3.81643     0.124797  0.000853431
      3.81784     0.125599  0.000923938
      3.81925     0.128299  0.000886770
      3.82067     0.128487  0.000913826
      3.82208     0.127444  0.000915180
      3.82349     0.127271  0.000881834
      3.82490     0.125798  0.000927831
      3.82632     0.124375  0.000937513
      3.82773     0.126244  0.000865908
      3.82914     0.128399  0.000899009
      3.83055     0.129505  0.000921411
      3.83197     0.129716  0.000908623
      3.83338     0.130470  0.000943199
      3.83479     0.131525  0.000923614
      3.83620     0.130407  0.000941343
      3.83762     0.129231  0.000875326
      3.83903     0.130528  0.000915771
      3.84044     0.131481  0.000907374
      3.84185     0.132043  0.000919485
      3.84327     0.135991  0.000976845
      3.84468     0.139364  0.000929687
      3.84609     0.137324  0.000902339
      3.84751     0.136025  0.000929913
      3.84892     0.135261  0.000892924
      3.85033     0.133480  0.000893217
      3.85174     0.133953  0.000916130
      3.85316     0.136374  0.000950736
      3.85457     0.137952  0.000932258
      3.85598     0.138071  0.000965343
      3.85739     0.137893  0.000922249
      3.85881     0.137522  0.000900198
      3.86022     0.135816  0.000911739
      3.86163     0.137642  0.000932534
      3.86304     0.138409  0.000979475
      3.86446     0.137609  0.000994712
      3.86587     0.140038  0.000911276
      3.86728     0.143433   0.00103907
      3.86870     0.141715  0.000971787
      3.87011     0.141647   0.00100239
      3.87152     0.144244   0.00106374
      3.87293     0.142881   0.00104430
      3.87435     0.141601   0.00105106
      3.87576     0.140307   0.00100192
      3.87717     0.141687   0.00102120
      3.87858     0.143946   0.00105660
      3.88000     0.146083   0.00101855
      3.88141     0.148030   0.00102552
      3.88282     0.147824   0.00103179
      3.88424     0.146420   0.00101873
      3.88565     0.145445   0.00104303
      3.88706     0.145816  0.000986833
      3.88847     0.148273  0.000975181
      3.88989     0.149127   0.00102959
      3.89130     0.148514   0.00103350
      3.89271     0.150901  0.000952260
      3.89413     0.149290  0.000997964
      3.89554     0.149509  0.000953112
      3.89695     0.148136   0.00102900
      3.89836     0.150046  0.000953272
      3.89978     0.152336  0.000950057
      3.90119     0.150669   0.00101613
      3.90260     0.151913   0.00105838
      3.90402     0.153784   0.00102604
      3.90543     0.156077   0.00103200
      3.90684     0.158196   0.00107029
      3.90826     0.158217   0.00105581
      3.90967     0.157514   0.00110537
      3.91108     0.153004  0.000970624
      3.91249     0.153362   0.00107025
      3.91391     0.153792   0.00104372
      3.91532     0.153790   0.00110113
      3.91673     0.156017   0.00108460
      3.91815     0.155730   0.00106074
      3.91956     0.155969   0.00109645
      3.92097     0.156864   0.00104098
      3.92239     0.156718   0.00103028
      3.92380     0.157261   0.00100199
      3.92521     0.158012   0.00101645
      3.92663     0.157301   0.00109040
      3.92804     0.155552   0.00106302
      3.92945     0.155983   0.00102143
      3.93087     0.158703  0.000973137
      3.93228     0.159357   0.00102437
      3.93369     0.159202  0.000924326
      3.93511     0.158471   0.00105793
      3.93652     0.158679  0.000993203
      3.93794     0.158905   0.00100064
      3.93935     0.160205   0.00106350
      3.94076     0.161082   0.00102624
      3.94218     0.161393  0.000989808
      3.94359     0.162781  0.000926942
      3.94500     0.162984  0.000981604
      3.94642     0.162539  0.000995452
      3.94783     0.162918   0.00110664
      3.94925     0.163772  0.000985523
      3.95066     0.163122  0.000957181
      3.95207     0.162102   0.00101332
      3.95349     0.162574  0.000979277
      3.95490     0.164488   0.00100919
      3.95632     0.166103  0.000979287
      3.95773     0.165296  0.000973033
      3.95914     0.164792   0.00104960
      3.96056     0.162497  0.000959037
      3.96197     0.162838   0.00103186
      3.96339     0.166062   0.00100285
      3.96480     0.168866  0.000998785
      3.96621     0.171182   0.00103274
      3.96763     0.174321   0.00101941
      3.96904     0.175102   0.00111838
      3.97046     0.173188   0.00102277
      3.97187     0.172999  0.000990099
      3.97329     0.172417   0.00108333
      3.97470     0.171731   0.00101251
      3.97612     0.170517   0.00101406
      3.97753     0.171808   0.00101747
      3.97895     0.173227   0.00101817
      3.98036     0.173829   0.00100228
      3.98178     0.171722   0.00103662
      3.98319     0.171512   0.00101632
      3.98460     0.174692   0.00104556
      3.98602     0.174231  0.000986702
      3.98743     0.173134  0.000956488
      3.98885     0.174002  0.000958890
      3.99026     0.175172  0.000983992
      3.99168     0.178099   0.00100018
      3.99310     0.178292   0.00104251
      3.99451     0.177865   0.00101989
      3.99593     0.181143   0.00102942
      3.99734     0.183408   0.00109266
      3.99876     0.181663  0.000953361
      4.00017     0.180485   0.00113103
      4.00159     0.181904   0.00110251
      4.00300     0.180990   0.00109195
      4.00442     0.182204  0.000956377
      4.00583     0.180940   0.00101028
      4.00725     0.181856   0.00104158
      4.00867     0.183893   0.00111424
      4.01008     0.183891   0.00110569
      4.01150     0.186811   0.00108577
      4.01291     0.188939   0.00112193
      4.01433     0.190903   0.00108228
      4.01575     0.191890   0.00111183
      4.01716     0.193684   0.00112695
      4.01858     0.195009   0.00107488
      4.02000     0.194845   0.00106379
      4.02141     0.194434   0.00112800
      4.02283     0.195006   0.00106763
      4.02424     0.193836   0.00121979
      4.02566     0.192897   0.00105834
      4.02708     0.193836   0.00113819
      4.02849     0.195259   0.00112013
      4.02991     0.193460   0.00123887
      4.03133     0.192546   0.00117743
      4.03275     0.193585   0.00125114
      4.03416     0.194060   0.00121047
      4.03558     0.193900   0.00116592
      4.03700     0.193637   0.00124942
      4.03841     0.193946   0.00119606
      4.03983     0.194648   0.00119298
      4.04125     0.194359   0.00130602
      4.04267     0.197111   0.00120182
      4.04408     0.197548   0.00118207
      4.04550     0.200596   0.00126923
      4.04692     0.207890   0.00130300
      4.04834     0.217514   0.00129406
      4.04975     0.227991   0.00126096
      4.05117     0.249131   0.00138102
      4.05259     0.274987   0.00143511
      4.05401     0.275346   0.00136152
      4.05543     0.255746   0.00127964
      4.05684     0.231690   0.00133137
      4.05826     0.213687   0.00129077
      4.05968     0.203495   0.00125816
      4.06110     0.203874   0.00123334
      4.06252     0.204880   0.00116666
      4.06394     0.205240   0.00136192
      4.06536     0.204509   0.00136372
      4.06677     0.205987   0.00128929
      4.06819     0.203544   0.00129921
      4.06961     0.201148   0.00123012
      4.07103     0.201083   0.00123915
      4.07245     0.202645   0.00115126
      4.07387     0.205845   0.00114285
      4.07529     0.206957   0.00128249
      4.07671     0.207074   0.00129517
      4.07813     0.205997   0.00126567
      4.07955     0.208290   0.00117329
      4.08097     0.210807   0.00128740
      4.08239     0.212689   0.00144227
      4.08381     0.213685   0.00140388
      4.08523     0.216300   0.00139764
      4.08665     0.221086   0.00163004
      4.08807     0.221441   0.00139709
      4.08949     0.219797   0.00143465
      4.09091     0.217022   0.00140364
      4.09233     0.212905   0.00155609
      4.09375     0.210557   0.00137451
      4.09517     0.214476   0.00147004
      4.09659     0.214436   0.00152025
      4.09801     0.217644   0.00135312
      4.09943     0.219943   0.00136315
      4.10086     0.219208   0.00130713
      4.10228     0.215477   0.00143939
      4.10370     0.217952   0.00151121
      4.10512     0.219176   0.00159295
      4.10654     0.220942   0.00142124
      4.10796     0.222792   0.00137340
      4.10939     0.225607   0.00147240
      4.11081     0.224902   0.00145506
      4.11223     0.224342   0.00146539
      4.11365     0.226887   0.00145465
      4.11507     0.223999   0.00152815
      4.11650     0.226489   0.00150228
      4.11792     0.228941   0.00139102
      4.11934     0.227766   0.00149040
      4.12076     0.225235   0.00132964
      4.12219     0.224804   0.00153739
      4.12361     0.225540   0.00162773
      4.12503     0.228636   0.00154010
      4.12646     0.227929   0.00151448
      4.12788     0.225375   0.00147798
      4.12930     0.224540   0.00147890
      4.13073     0.223640   0.00146722
      4.13215     0.222824   0.00146537
      4.13357     0.223988   0.00160637
      4.13500     0.223927   0.00153368
      4.13642     0.223200   0.00161513
      4.13785     0.225217   0.00156721
      4.13927     0.226797   0.00158811
      4.14070     0.230003   0.00156410
      4.14212     0.230733   0.00162091
      4.14355     0.228866   0.00160331
      4.14497     0.228883   0.00172002
      4.14640     0.228542   0.00167360
      4.14782     0.225327   0.00175251
      4.14925     0.227972   0.00176001
      4.15067     0.230016   0.00165510
      4.15210     0.233925   0.00168647
      4.15352     0.233067   0.00191906
      4.15495     0.231258   0.00191123
      4.15637     0.230392   0.00179709
      4.15780     0.224744   0.00194703
      4.15923     0.224299   0.00179345
      4.16065     0.232709   0.00183878
      4.16208     0.239457   0.00188922
      4.16351     0.237892   0.00188185
      4.16493     0.243066   0.00197545
      4.16636     0.243605   0.00208397
      4.16779     0.239242   0.00214013
      4.16922     0.237449   0.00217013
      4.17064     0.237116   0.00223277
      4.17207     0.236479   0.00221351
      4.17350     0.235186   0.00244464
      4.17493     0.238394   0.00239870
      4.17635     0.240361   0.00252173
      4.17778     0.235266   0.00253172
      4.17921     0.232267   0.00264203
      4.18064     0.226295   0.00279229
      4.18207     0.221616   0.00309807
      4.18350     0.224355   0.00359349
      4.18493     0.219407   0.00406272
      4.18636     0.210610   0.00494739
      4.18778     0.198149   0.00551992
      4.18921     0.171067   0.00754032
      4.19064     0.145005    0.0121011
      4.19207     0.161530    0.0173911
      4.19350     0.177481    0.0331360
      4.19493    0.0875645    0.0682596
      4.19636    -0.124422     0.155468
      4.19779     0.119919     0.439465
      4.19922     -3.44233      2.79477
      4.20066      74.5132      1.40688
      4.20209      40.8815      2.24114
      4.20352      4.24523      3.48448
      4.20495    -0.449780     0.939571
      4.20638     -2.32399     0.888700
      4.20781      60.6154      25.2614
      4.20924     -17.5370      1.99749
      4.21068      29.7650      8.35139
      4.21211      57.3448      6.29848
      4.21354      19.3732      4.26503
      4.21497      3.56343      1.47823
      4.21641      9.88153      17.7849
      4.21784      9.95615      8.57520
      4.21927     -33.4484      9.62300
      4.22071      18.4471      8.35613
      4.22214      19.6557      1.37875
      4.22357      0.00000      3.88818
