SOURCE  = WL 12                         / Source name
STANDARD= BS5812                        / Standard name
OBSDATE = 07-05-2002                    / Date of observation
SPOS    = 16:26:44.2  -24:35:17.0       / Source position RA,DEC,J2000
STPOS   = 15:38:39.2  -29:47:13.6       / Standard position RA,DEC,J2000
STSPT   = B2.5V                         / Standard spectral type
STTEFF  = 19950                         / Standard effective temperature [K]
STMAG   = 4.199                         / Standard magnitude (adopted)
WAVEZP  = 3.45                          / Wavelength zero point [micron]
FLUXZP  = 290                           / Flux zero point [Jy]
SAIRM   = 1.003                         / Source mean airmass
STAIRM  = 1.027                         / Standard mean airmass
AIRMCORR= 1.04                          / Optimal (adopted) airmass correction
SPECRES = ~1200                         / Spectral resolution

Created by K. M. Pontoppidan             Mon May 19 20:34:02 2003

Wavelength [micron] Flux [Jy] Statistical Error [Jy]

      2.81691      0.00000    0.0170263
      2.81837    0.0436897    0.0106967
      2.81983    0.0428507   0.00811247
      2.82129    0.0423226   0.00897368
      2.82274    0.0446499   0.00766472
      2.82420    0.0510585   0.00490431
      2.82566    0.0594850   0.00562949
      2.82711    0.0516249    0.0112734
      2.82857    0.0476420    0.0342098
      2.83003    0.0154281    0.0652194
      2.83148  -0.00207580    0.0520469
      2.83293    0.0486179    0.0443046
      2.83439    0.0694785    0.0165811
      2.83584    0.0652764   0.00803674
      2.83729    0.0403545   0.00745365
      2.83874    0.0476864   0.00451259
      2.84019    0.0545560   0.00368504
      2.84164    0.0623332   0.00495308
      2.84309    0.0689758   0.00805479
      2.84454    0.0422149    0.0132786
      2.84599    0.0616012   0.00815888
      2.84744    0.0971942   0.00612593
      2.84889    0.0672968   0.00948834
      2.85034    0.0420884    0.0245386
      2.85178    0.0454072    0.0173458
      2.85323    0.0690723   0.00713258
      2.85467    0.0839230   0.00482449
      2.85612    0.0695784   0.00555657
      2.85756    0.0538148   0.00516041
      2.85901    0.0404785   0.00362248
      2.86045    0.0432634   0.00318128
      2.86189    0.0478276   0.00322768
      2.86334    0.0546167   0.00390153
      2.86478    0.0537774   0.00474249
      2.86622    0.0453983   0.00492796
      2.86766    0.0415232   0.00490376
      2.86910    0.0385075   0.00643229
      2.87054    0.0417806   0.00542272
      2.87198    0.0468278   0.00295311
      2.87342    0.0439698   0.00243087
      2.87486    0.0455082   0.00300587
      2.87629    0.0455234   0.00314438
      2.87773    0.0411538   0.00276013
      2.87917    0.0427397   0.00272377
      2.88061    0.0423118   0.00277609
      2.88204    0.0400029   0.00319059
      2.88348    0.0483895   0.00298597
      2.88491    0.0592218   0.00309283
      2.88635    0.0487608   0.00458054
      2.88778    0.0356552   0.00385997
      2.88921    0.0398811   0.00290179
      2.89065    0.0429788   0.00280910
      2.89208    0.0431749   0.00256686
      2.89351    0.0444616   0.00215835
      2.89495    0.0461164   0.00200979
      2.89638    0.0462137   0.00206176
      2.89781    0.0459476   0.00277931
      2.89924    0.0404032   0.00458749
      2.90067    0.0450232   0.00512703
      2.90210    0.0439005   0.00361487
      2.90353    0.0355560   0.00392899
      2.90496    0.0420736   0.00364253
      2.90638    0.0356646   0.00292759
      2.90781    0.0423378   0.00248794
      2.90924    0.0454579   0.00222392
      2.91067    0.0414399   0.00214980
      2.91209    0.0403249   0.00227798
      2.91352    0.0375544   0.00255226
      2.91495    0.0351635   0.00243659
      2.91637    0.0362576   0.00224650
      2.91780    0.0370888   0.00216702
      2.91922    0.0360977   0.00214916
      2.92065    0.0365183   0.00272699
      2.92207    0.0349355   0.00448564
      2.92350    0.0371470   0.00627550
      2.92492    0.0358037   0.00335971
      2.92634    0.0329652   0.00210889
      2.92776    0.0355356   0.00189237
      2.92919    0.0352135   0.00203027
      2.93061    0.0329521   0.00201125
      2.93203    0.0341688   0.00192380
      2.93345    0.0367359   0.00196136
      2.93487    0.0348963   0.00193863
      2.93629    0.0337580   0.00194478
      2.93771    0.0338991   0.00223966
      2.93913    0.0346710   0.00255337
      2.94055    0.0347191   0.00238173
      2.94197    0.0335944   0.00226554
      2.94339    0.0324658   0.00266816
      2.94481    0.0349677   0.00271324
      2.94623    0.0339244   0.00240618
      2.94764    0.0335687   0.00286304
      2.94906    0.0352510   0.00251322
      2.95048    0.0343415   0.00196501
      2.95189    0.0321791   0.00189545
      2.95331    0.0298523   0.00227622
      2.95473    0.0338280   0.00281452
      2.95614    0.0378887   0.00256992
      2.95756    0.0361275   0.00226217
      2.95897    0.0342215   0.00200036
      2.96039    0.0318319   0.00208703
      2.96180    0.0306524   0.00195547
      2.96322    0.0299136   0.00200022
      2.96463    0.0293009   0.00197916
      2.96604    0.0302338   0.00182157
      2.96746    0.0327895   0.00205119
      2.96887    0.0352168   0.00249794
      2.97028    0.0335471   0.00305720
      2.97170    0.0286621   0.00434688
      2.97311    0.0292178   0.00398540
      2.97452    0.0371330   0.00337199
      2.97593    0.0371722   0.00314305
      2.97734    0.0323315   0.00257497
      2.97875    0.0322127   0.00222770
      2.98016    0.0367545   0.00265358
      2.98158    0.0367751   0.00259456
      2.98299    0.0298644   0.00214443
      2.98440    0.0274180   0.00193271
      2.98581    0.0281511   0.00180594
      2.98721    0.0293157   0.00182550
      2.98862    0.0296115   0.00176355
      2.99003    0.0293688   0.00162089
      2.99144    0.0307943   0.00163420
      2.99285    0.0279092   0.00179133
      2.99426    0.0293543   0.00185316
      2.99567    0.0353578   0.00189462
      2.99707    0.0354558   0.00210019
      2.99848    0.0310118   0.00222337
      2.99989    0.0272504   0.00202906
      3.00130    0.0285658   0.00177175
      3.00270    0.0319867   0.00165658
      3.00411    0.0331238   0.00180255
      3.00552    0.0318143   0.00206872
      3.00692    0.0317173   0.00250507
      3.00833    0.0321936   0.00232966
      3.00973    0.0299383   0.00214399
      3.01114    0.0277999   0.00187483
      3.01254    0.0288774   0.00165965
      3.01395    0.0276454   0.00167467
      3.01535    0.0254633   0.00181175
      3.01676    0.0275009   0.00173736
      3.01816    0.0277970   0.00201755
      3.01957    0.0276740   0.00238640
      3.02097    0.0289680   0.00237974
      3.02238    0.0225130   0.00271618
      3.02378    0.0187214   0.00278330
      3.02518    0.0260051   0.00189130
      3.02659    0.0264564   0.00174052
      3.02799    0.0306192   0.00173311
      3.02939    0.0343336   0.00177953
      3.03080    0.0325567   0.00183330
      3.03220    0.0318033   0.00195916
      3.03360    0.0309031   0.00220985
      3.03500    0.0304356   0.00217253
      3.03640    0.0293556   0.00222254
      3.03781    0.0277763   0.00281529
      3.03921    0.0262494   0.00287559
      3.04061    0.0249949   0.00233578
      3.04201    0.0292385   0.00222605
      3.04341    0.0308975   0.00183795
      3.04481    0.0313848   0.00190969
      3.04621    0.0340826   0.00204177
      3.04761    0.0337384   0.00209579
      3.04902    0.0322499   0.00212064
      3.05042    0.0352591   0.00225951
      3.05182    0.0358318   0.00235917
      3.05322    0.0280874   0.00281350
      3.05462    0.0249625   0.00309549
      3.05602    0.0253694   0.00315036
      3.05742    0.0223547   0.00248199
      3.05882    0.0219261   0.00195868
      3.06021    0.0253699   0.00166976
      3.06161    0.0254332   0.00170493
      3.06301    0.0246671   0.00190327
      3.06441    0.0232207   0.00190094
      3.06581    0.0250222   0.00184061
      3.06721    0.0270694   0.00197064
      3.06861    0.0282209   0.00194235
      3.07001    0.0304244   0.00202172
      3.07141    0.0315010   0.00222728
      3.07280    0.0268601   0.00226501
      3.07420    0.0213588   0.00220455
      3.07560    0.0262573   0.00177150
      3.07700    0.0308021   0.00154746
      3.07840    0.0293970   0.00157326
      3.07979    0.0272631   0.00165089
      3.08119    0.0241368   0.00207547
      3.08259    0.0285123   0.00257393
      3.08399    0.0330106   0.00219280
      3.08538    0.0312197   0.00195031
      3.08678    0.0282338   0.00188150
      3.08818    0.0273624   0.00189909
      3.08958    0.0312069   0.00186961
      3.09097    0.0309480   0.00195647
      3.09237    0.0314262   0.00185416
      3.09377    0.0318325   0.00210788
      3.09516    0.0274491   0.00218946
      3.09656    0.0285104   0.00231832
      3.09796    0.0321834   0.00227229
      3.09935    0.0357556   0.00221123
      3.10075    0.0368145   0.00202364
      3.10215    0.0310865   0.00171933
      3.10354    0.0356874   0.00180895
      3.10494    0.0402095   0.00218445
      3.10633    0.0315039   0.00271312
      3.10773    0.0277970   0.00228693
      3.10913    0.0290633   0.00201380
      3.11052    0.0301790   0.00217825
      3.11192    0.0304811   0.00236992
      3.11331    0.0325719   0.00208137
      3.11471    0.0319317   0.00194918
      3.11611    0.0309960   0.00215174
      3.11750    0.0313930   0.00186208
      3.11890    0.0323838   0.00153978
      3.12029    0.0318814   0.00146030
      3.12169    0.0326382   0.00148488
      3.12308    0.0335714   0.00154955
      3.12448    0.0349243   0.00161288
      3.12588    0.0360855   0.00199423
      3.12727    0.0339189   0.00251511
      3.12867    0.0348196   0.00266969
      3.13006    0.0374043   0.00204603
      3.13146    0.0362808   0.00163756
      3.13285    0.0344765   0.00146269
      3.13425    0.0356645   0.00143253
      3.13564    0.0352238   0.00141831
      3.13704    0.0348382   0.00139284
      3.13843    0.0379057   0.00155127
      3.13983    0.0394684   0.00190348
      3.14122    0.0394581   0.00194683
      3.14262    0.0418310   0.00162710
      3.14401    0.0395187   0.00157150
      3.14541    0.0388961   0.00170223
      3.14680    0.0409538   0.00216293
      3.14820    0.0451621   0.00201949
      3.14959    0.0431825   0.00163556
      3.15099    0.0397792   0.00152506
      3.15238    0.0410296   0.00145159
      3.15378    0.0402534   0.00150253
      3.15517    0.0394565   0.00159043
      3.15657    0.0417088   0.00170125
      3.15796    0.0444837   0.00163105
      3.15936    0.0421072   0.00149289
      3.16075    0.0414910   0.00148396
      3.16215    0.0429303   0.00142071
      3.16354    0.0424788   0.00137789
      3.16494    0.0421183   0.00142070
      3.16633    0.0456082   0.00145167
      3.16773    0.0447474   0.00140078
      3.16912    0.0438363   0.00139729
      3.17052    0.0451615   0.00139847
      3.17191    0.0438877   0.00142811
      3.17331    0.0441740   0.00155122
      3.17470    0.0452989   0.00151899
      3.17610    0.0472038   0.00149902
      3.17749    0.0487702   0.00142964
      3.17889    0.0495684   0.00139436
      3.18028    0.0507508   0.00139148
      3.18168    0.0533568   0.00154860
      3.18307    0.0514001   0.00165994
      3.18447    0.0494282   0.00165404
      3.18586    0.0487783   0.00156786
      3.18726    0.0492646   0.00140132
      3.18865    0.0521063   0.00145036
      3.19005    0.0553328   0.00171218
      3.19144    0.0562107   0.00230151
      3.19284    0.0552690   0.00244916
      3.19423    0.0532508   0.00188915
      3.19563    0.0561869   0.00159251
      3.19702    0.0586407   0.00191070
      3.19842    0.0603508   0.00266277
      3.19981    0.0649980   0.00248800
      3.20121    0.0650069   0.00258094
      3.20261    0.0665403   0.00279200
      3.20400    0.0668812   0.00243942
      3.20540    0.0638251   0.00254370
      3.20679    0.0639596   0.00310107
      3.20819    0.0645251   0.00304127
      3.20958    0.0624331   0.00372525
      3.21098    0.0570503   0.00405792
      3.21238    0.0592413   0.00304723
      3.21377    0.0584170   0.00243547
      3.21517    0.0581070   0.00230491
      3.21656    0.0598053   0.00235032
      3.21796    0.0573184   0.00200599
      3.21936    0.0618381   0.00201530
      3.22075    0.0626511   0.00241415
      3.22215    0.0592712   0.00344258
      3.22355    0.0625476   0.00400398
      3.22494    0.0668137   0.00358877
      3.22634    0.0695990   0.00233759
      3.22773    0.0667347   0.00226058
      3.22913    0.0622779   0.00336682
      3.23053    0.0665798   0.00378642
      3.23192    0.0636652   0.00224854
      3.23332    0.0636788   0.00152547
      3.23472    0.0658958   0.00145206
      3.23612    0.0680328   0.00152928
      3.23751    0.0689883   0.00165641
      3.23891    0.0666442   0.00206953
      3.24031    0.0631417   0.00211757
      3.24170    0.0647509   0.00179507
      3.24310    0.0702229   0.00218621
      3.24450    0.0722264   0.00279747
      3.24590    0.0708399   0.00292019
      3.24729    0.0742479   0.00301301
      3.24869    0.0728172   0.00279099
      3.25009    0.0668200   0.00209034
      3.25149    0.0713827   0.00152607
      3.25288    0.0718328   0.00141958
      3.25428    0.0712588   0.00139687
      3.25568    0.0699687   0.00144412
      3.25708    0.0688867   0.00161020
      3.25848    0.0717337   0.00224428
      3.25988    0.0747436   0.00318040
      3.26127    0.0743399   0.00285236
      3.26267    0.0746350   0.00219638
      3.26407    0.0797132   0.00162747
      3.26547    0.0803878   0.00167290
      3.26687    0.0806551   0.00187717
      3.26827    0.0797487   0.00235495
      3.26967    0.0785231   0.00303879
      3.27106    0.0781841   0.00282229
      3.27246    0.0757964   0.00184636
      3.27386    0.0776139   0.00145130
      3.27526    0.0799132   0.00143530
      3.27666    0.0827881   0.00156241
      3.27806    0.0832694   0.00194422
      3.27946    0.0784367   0.00224454
      3.28086    0.0780228   0.00161190
      3.28226    0.0823980   0.00140759
      3.28366    0.0823751   0.00134921
      3.28506    0.0799710   0.00133276
      3.28646    0.0810454   0.00133801
      3.28786    0.0840029   0.00134232
      3.28926    0.0842236   0.00149023
      3.29066    0.0878879   0.00165857
      3.29206    0.0887979   0.00173873
      3.29346    0.0897306   0.00227652
      3.29486    0.0951604   0.00240478
      3.29627     0.102385   0.00281615
      3.29767     0.103241   0.00345762
      3.29907     0.100029   0.00273090
      3.30047    0.0914588   0.00192294
      3.30187    0.0921717   0.00161407
      3.30327    0.0934931   0.00183370
      3.30467    0.0905703   0.00178201
      3.30608    0.0944593   0.00162264
      3.30748    0.0957206   0.00171376
      3.30888    0.0957768   0.00184354
      3.31028    0.0972678   0.00202042
      3.31168    0.0957870   0.00332884
      3.31309    0.0785324    0.0101486
      3.31449    0.0570845    0.0324474
      3.31589    0.0852982    0.0192361
      3.31729     0.125169    0.0114737
      3.31870     0.116174   0.00624833
      3.32010     0.110820   0.00416403
      3.32150     0.108935   0.00284075
      3.32291     0.102409   0.00216115
      3.32431    0.0990334   0.00178540
      3.32571     0.100368   0.00182529
      3.32712     0.100468   0.00204059
      3.32852    0.0994190   0.00176400
      3.32992    0.0996279   0.00139804
      3.33133    0.0991121   0.00135029
      3.33273    0.0985774   0.00147585
      3.33414    0.0993100   0.00143635
      3.33554     0.101039   0.00139134
      3.33694     0.103322   0.00150668
      3.33835     0.104857   0.00178874
      3.33975     0.108051   0.00166786
      3.34116     0.109204   0.00163939
      3.34256     0.107225   0.00153768
      3.34397     0.107677   0.00173066
      3.34537     0.111092   0.00203127
      3.34678     0.113450   0.00172655
      3.34819     0.110891   0.00142983
      3.34959     0.107673   0.00140161
      3.35100     0.107062   0.00139099
      3.35240     0.110650   0.00151213
      3.35381     0.111482   0.00172121
      3.35522     0.109345   0.00213682
      3.35662     0.113998   0.00227800
      3.35803     0.119568   0.00169319
      3.35943     0.117089   0.00142061
      3.36084     0.114641   0.00164876
      3.36225     0.115640   0.00161143
      3.36366     0.118440   0.00148233
      3.36506     0.119013   0.00148475
      3.36647     0.115147   0.00175298
      3.36788     0.113342   0.00196118
      3.36928     0.115947   0.00166178
      3.37069     0.115536   0.00156648
      3.37210     0.118434   0.00143319
      3.37351     0.120276   0.00135079
      3.37492     0.119884   0.00144873
      3.37632     0.122974   0.00148997
      3.37773     0.121347   0.00176052
      3.37914     0.116627   0.00213988
      3.38055     0.119738   0.00189885
      3.38196     0.122891   0.00159671
      3.38337     0.120862   0.00146812
      3.38478     0.119878   0.00160689
      3.38619     0.121820   0.00139645
      3.38760     0.122802   0.00132752
      3.38901     0.122585   0.00150872
      3.39042     0.122121   0.00203741
      3.39183     0.124971   0.00197948
      3.39324     0.124816   0.00158116
      3.39465     0.123458   0.00142384
      3.39606     0.123772   0.00135411
      3.39747     0.123161   0.00137436
      3.39888     0.123834   0.00134266
      3.40029     0.127046   0.00145406
      3.40170     0.127455   0.00184815
      3.40311     0.130509   0.00228603
      3.40452     0.129300   0.00183035
      3.40593     0.125611   0.00172609
      3.40734     0.130733   0.00170166
      3.40876     0.131633   0.00161722
      3.41017     0.128288   0.00150858
      3.41158     0.126332   0.00143897
      3.41299     0.122913   0.00161158
      3.41440     0.125139   0.00201126
      3.41582     0.129097   0.00188932
      3.41723     0.131348   0.00154178
      3.41864     0.132032   0.00142899
      3.42005     0.130579   0.00137167
      3.42147     0.130612   0.00143858
      3.42288     0.132515   0.00150771
      3.42429     0.134901   0.00156528
      3.42571     0.133522   0.00167206
      3.42712     0.129312   0.00204759
      3.42853     0.130578   0.00178456
      3.42995     0.135439   0.00133890
      3.43136     0.133541   0.00136018
      3.43278     0.131551   0.00134302
      3.43419     0.133084   0.00143224
      3.43560     0.135450   0.00144897
      3.43702     0.137320   0.00137233
      3.43843     0.134693   0.00151248
      3.43985     0.130267   0.00169054
      3.44126     0.133362   0.00152426
      3.44268     0.139235   0.00137944
      3.44409     0.140598   0.00130441
      3.44551     0.137419   0.00130041
      3.44693     0.138877   0.00135247
      3.44834     0.142240   0.00135966
      3.44976     0.140430   0.00133220
      3.45117     0.138902   0.00149869
      3.45259     0.136998   0.00161761
      3.45401     0.139750   0.00154362
      3.45542     0.140797   0.00135189
      3.45684     0.142514   0.00127595
      3.45826     0.144081   0.00125639
      3.45967     0.145009   0.00124018
      3.46109     0.147277   0.00132046
      3.46251     0.145386   0.00132077
      3.46392     0.144511   0.00144839
      3.46534     0.143923   0.00150636
      3.46676     0.142754   0.00139020
      3.46818     0.144952   0.00127581
      3.46959     0.146691   0.00127983
      3.47101     0.147861   0.00128251
      3.47243     0.148247   0.00127868
      3.47385     0.147153   0.00134624
      3.47527     0.147252   0.00131107
      3.47669     0.146709   0.00132229
      3.47810     0.145569   0.00132152
      3.47952     0.147404   0.00131132
      3.48094     0.150707   0.00123765
      3.48236     0.151252   0.00127870
      3.48378     0.151160   0.00126296
      3.48520     0.150703   0.00131716
      3.48662     0.151313   0.00132161
      3.48804     0.153012   0.00130165
      3.48946     0.155343   0.00134890
      3.49088     0.155565   0.00135648
      3.49230     0.156162   0.00131936
      3.49372     0.156730   0.00130556
      3.49514     0.154848   0.00126385
      3.49656     0.154530   0.00122096
      3.49798     0.154830   0.00130598
      3.49940     0.156925   0.00125369
      3.50082     0.153416   0.00131398
      3.50225     0.153798   0.00137008
      3.50367     0.158909   0.00129648
      3.50509     0.160832   0.00131068
      3.50651     0.162127   0.00127753
      3.50793     0.159741   0.00122267
      3.50935     0.161238   0.00122345
      3.51077     0.164032   0.00127671
      3.51220     0.163911   0.00129132
      3.51362     0.164256   0.00129001
      3.51504     0.163589   0.00117132
      3.51646     0.161128   0.00121847
      3.51789     0.162949   0.00120366
      3.51931     0.167748   0.00123526
      3.52073     0.168701   0.00119704
      3.52216     0.169927   0.00128569
      3.52358     0.171150   0.00122967
      3.52500     0.167889   0.00121522
      3.52642     0.166660   0.00124412
      3.52785     0.171086   0.00123510
      3.52927     0.173718   0.00126161
      3.53070     0.172764   0.00127783
      3.53212     0.172830   0.00126621
      3.53354     0.173120   0.00131380
      3.53497     0.174001   0.00129702
      3.53639     0.175957   0.00133802
      3.53782     0.179651   0.00131260
      3.53924     0.180168   0.00130857
      3.54067     0.178160   0.00134052
      3.54209     0.181965   0.00132224
      3.54351     0.183589   0.00139800
      3.54494     0.183592   0.00131330
      3.54636     0.181798   0.00124700
      3.54779     0.178950   0.00125060
      3.54922     0.178556   0.00127927
      3.55064     0.179611   0.00122078
      3.55207     0.182495   0.00126536
      3.55349     0.185039   0.00120249
      3.55492     0.185587   0.00125315
      3.55634     0.184408   0.00119848
      3.55777     0.186033   0.00123018
      3.55920     0.185319   0.00121316
      3.56062     0.185549   0.00124736
      3.56205     0.186103   0.00125945
      3.56347     0.188028   0.00134157
      3.56490     0.187178   0.00127527
      3.56633     0.186286   0.00128157
      3.56775     0.191065   0.00129180
      3.56918     0.194334   0.00132777
      3.57061     0.191663   0.00123565
      3.57204     0.189699   0.00131332
      3.57346     0.192071   0.00128761
      3.57489     0.194349   0.00132090
      3.57632     0.195712   0.00131843
      3.57774     0.197650   0.00126888
      3.57917     0.196447   0.00132677
      3.58060     0.196716   0.00127326
      3.58203     0.200396   0.00132454
      3.58346     0.201358   0.00126352
      3.58488     0.201048   0.00127734
      3.58631     0.200881   0.00127525
      3.58774     0.201253   0.00133748
      3.58917     0.203220   0.00134837
      3.59060     0.205669   0.00124751
      3.59202     0.206560   0.00122321
      3.59345     0.204409   0.00126654
      3.59488     0.203077   0.00125259
      3.59631     0.205133   0.00122669
      3.59774     0.206909   0.00123645
      3.59917     0.207483   0.00122482
      3.60060     0.205042   0.00120235
      3.60203     0.203810   0.00125387
      3.60346     0.206326   0.00121296
      3.60488     0.208651   0.00117506
      3.60631     0.209344   0.00125055
      3.60774     0.212144   0.00125688
      3.60917     0.215758   0.00126935
      3.61060     0.215012   0.00129918
      3.61203     0.212898   0.00121083
      3.61346     0.212072   0.00124132
      3.61489     0.211982   0.00121214
      3.61632     0.213466   0.00126930
      3.61775     0.213969   0.00130076
      3.61918     0.214432   0.00127622
      3.62061     0.216820   0.00119820
      3.62204     0.218731   0.00121581
      3.62347     0.219757   0.00119448
      3.62490     0.221617   0.00121531
      3.62633     0.221422   0.00126558
      3.62776     0.217736   0.00132315
      3.62919     0.218362   0.00134082
      3.63062     0.218745   0.00126918
      3.63205     0.220694   0.00130153
      3.63348     0.223924   0.00132360
      3.63492     0.223246   0.00120895
      3.63635     0.224454   0.00126735
      3.63778     0.225295   0.00121277
      3.63921     0.223736   0.00126136
      3.64064     0.223803   0.00121114
      3.64207     0.218171   0.00121499
      3.64350     0.217264   0.00117243
      3.64493     0.220277   0.00116454
      3.64636     0.213240   0.00120088
      3.64779     0.221936   0.00122661
      3.64923     0.224494   0.00122988
      3.65066     0.225179   0.00121421
      3.65209     0.235371   0.00121669
      3.65352     0.235574   0.00118293
      3.65495     0.233203   0.00122463
      3.65638     0.230628   0.00127061
      3.65781     0.228230   0.00126785
      3.65925     0.231396   0.00123412
      3.66068     0.234890   0.00127475
      3.66211     0.235031   0.00126586
      3.66354     0.236447   0.00118756
      3.66497     0.236171   0.00125574
      3.66640     0.236718   0.00122671
      3.66784     0.239139   0.00128161
      3.66927     0.240263   0.00130533
      3.67070     0.242414   0.00130139
      3.67213     0.245741   0.00123571
      3.67356     0.243533   0.00119581
      3.67499     0.241783   0.00129641
      3.67643     0.239516   0.00125907
      3.67786     0.239331   0.00119373
      3.67929     0.242320   0.00123321
      3.68072     0.242913   0.00130273
      3.68215     0.244952   0.00121618
      3.68359     0.247337   0.00122983
      3.68502     0.245902   0.00123144
      3.68645     0.246770   0.00119349
      3.68788     0.249622   0.00121769
      3.68931     0.249719   0.00118306
      3.69075     0.249993   0.00121435
      3.69218     0.249434   0.00125017
      3.69361     0.249865   0.00125021
      3.69504     0.252637   0.00120711
      3.69647     0.253081   0.00126035
      3.69791     0.252898   0.00131339
      3.69934     0.255064   0.00122157
      3.70077     0.254169   0.00118544
      3.70220     0.253638   0.00122387
      3.70363     0.255017   0.00119985
      3.70507     0.256666   0.00120562
      3.70650     0.259653   0.00127547
      3.70793     0.260101   0.00124343
      3.70936     0.259139   0.00127298
      3.71079     0.257903   0.00121402
      3.71223     0.262405   0.00130910
      3.71366     0.266749   0.00124725
      3.71509     0.264560   0.00125385
      3.71652     0.261686   0.00130752
      3.71795     0.260213   0.00122807
      3.71939     0.262127   0.00123272
      3.72082     0.265048   0.00132693
      3.72225     0.266586   0.00115139
      3.72368     0.263693   0.00125537
      3.72511     0.261232   0.00123258
      3.72654     0.260611   0.00126691
      3.72798     0.260773   0.00124247
      3.72941     0.261571   0.00120119
      3.73084     0.264479   0.00132284
      3.73227     0.269663   0.00128154
      3.73370     0.272081   0.00123888
      3.73513     0.275844   0.00124330
      3.73656     0.280749   0.00124914
      3.73800     0.278961   0.00130906
      3.73943     0.282306   0.00125208
      3.74086     0.291077   0.00129456
      3.74229     0.292744   0.00125317
      3.74372     0.286543   0.00124393
      3.74515     0.280976   0.00125134
      3.74658     0.281442   0.00124594
      3.74801     0.279348   0.00125103
      3.74944     0.277371   0.00127533
      3.75088     0.275897   0.00128930
      3.75231     0.274106   0.00125152
      3.75374     0.275716   0.00123932
      3.75517     0.279975   0.00126964
      3.75660     0.281729   0.00128412
      3.75803     0.284637   0.00128704
      3.75946     0.283948   0.00126901
      3.76089     0.280625   0.00129121
      3.76232     0.279093   0.00131072
      3.76375     0.277088   0.00129376
      3.76518     0.278710   0.00128430
      3.76661     0.282618   0.00122456
      3.76804     0.283910   0.00130780
      3.76947     0.283251   0.00129269
      3.77090     0.284968   0.00122712
      3.77233     0.283532   0.00129172
      3.77376     0.285429   0.00129044
      3.77519     0.293152   0.00130888
      3.77662     0.290414   0.00136377
      3.77805     0.286545   0.00131159
      3.77948     0.286280   0.00127969
      3.78090     0.283732   0.00128022
      3.78233     0.286606   0.00127271
      3.78376     0.289099   0.00138456
      3.78519     0.287685   0.00136092
      3.78662     0.287599   0.00127409
      3.78805     0.288339   0.00135940
      3.78948     0.290491   0.00141119
      3.79090     0.292903   0.00139163
      3.79233     0.296394   0.00138895
      3.79376     0.298998   0.00142813
      3.79519     0.295049   0.00133695
      3.79662     0.295361   0.00142717
      3.79804     0.294547   0.00142150
      3.79947     0.291647   0.00139690
      3.80090     0.291440   0.00131594
      3.80233     0.291912   0.00131502
      3.80375     0.296567   0.00128732
      3.80518     0.296458   0.00128204
      3.80661     0.294983   0.00127408
      3.80803     0.298800   0.00125250
      3.80946     0.301033   0.00136421
      3.81089     0.299597   0.00142753
      3.81231     0.300077   0.00141038
      3.81374     0.302357   0.00144657
      3.81516     0.305593   0.00136553
      3.81659     0.302878   0.00135849
      3.81802     0.307014   0.00139841
      3.81944     0.311751   0.00143467
      3.82087     0.307479   0.00140026
      3.82229     0.302532   0.00135488
      3.82372     0.302984   0.00147157
      3.82514     0.302981   0.00136520
      3.82657     0.303636   0.00139469
      3.82799     0.305618   0.00140791
      3.82941     0.310088   0.00139266
      3.83084     0.313732   0.00149787
      3.83226     0.313153   0.00143926
      3.83369     0.308789   0.00145993
      3.83511     0.315138   0.00146583
      3.83653     0.315128   0.00139011
      3.83795     0.311419   0.00145558
      3.83938     0.309930   0.00142461
      3.84080     0.311827   0.00139560
      3.84222     0.315567   0.00139167
      3.84365     0.317765   0.00145322
      3.84507     0.315657   0.00133617
      3.84649     0.310721   0.00139627
      3.84791     0.310970   0.00144531
      3.84933     0.316074   0.00146682
      3.85075     0.318553   0.00147929
      3.85217     0.320520   0.00147358
      3.85360     0.322441   0.00142519
      3.85502     0.317807   0.00144578
      3.85644     0.315885   0.00139707
      3.85786     0.318239   0.00137166
      3.85928     0.320636   0.00149646
      3.86070     0.321952   0.00158881
      3.86212     0.322857   0.00150707
      3.86353     0.319773   0.00154254
      3.86495     0.318739   0.00150323
      3.86637     0.322333   0.00153973
      3.86779     0.325972   0.00160211
      3.86921     0.328126   0.00159314
      3.87063     0.329191   0.00168142
      3.87204     0.329603   0.00160334
      3.87346     0.326277   0.00158970
      3.87488     0.330080   0.00158457
      3.87630     0.330021   0.00155359
      3.87771     0.326020   0.00164459
      3.87913     0.330109   0.00149003
      3.88055     0.336029   0.00159988
      3.88196     0.335801   0.00167766
      3.88338     0.334759   0.00161164
      3.88479     0.333044   0.00158659
      3.88621     0.331744   0.00165747
      3.88762     0.334136   0.00158494
      3.88904     0.331880   0.00160485
      3.89045     0.332637   0.00165250
      3.89186     0.333441   0.00165611
      3.89328     0.337420   0.00166884
      3.89469     0.336042   0.00146823
      3.89610     0.331022   0.00152486
      3.89752     0.328871   0.00149785
      3.89893     0.336467   0.00154221
      3.90034     0.345937   0.00163743
      3.90175     0.343363   0.00165384
      3.90316     0.340663   0.00158956
      3.90458     0.341737   0.00167879
      3.90599     0.344191   0.00168195
      3.90740     0.344136   0.00168975
      3.90881     0.343026   0.00170807
      3.91022     0.341846   0.00166058
      3.91163     0.342372   0.00168943
      3.91304     0.342894   0.00171883
      3.91445     0.345059   0.00161769
      3.91585     0.347538   0.00177532
      3.91726     0.344982   0.00156575
      3.91867     0.342454   0.00153790
      3.92008     0.343082   0.00162492
      3.92148     0.347820   0.00156514
      3.92289     0.346978   0.00172395
      3.92430     0.346099   0.00150723
      3.92570     0.340501   0.00160806
      3.92711     0.344159   0.00167733
      3.92852     0.353251   0.00157528
      3.92992     0.351471   0.00151422
      3.93132     0.345937   0.00148605
      3.93273     0.344818   0.00159497
      3.93413     0.346858   0.00157631
      3.93554     0.345461   0.00152049
      3.93694     0.350348   0.00152501
      3.93834     0.351798   0.00156515
      3.93975     0.350204   0.00148779
      3.94115     0.352634   0.00138946
      3.94255     0.355066   0.00158666
      3.94395     0.352083   0.00155414
      3.94535     0.346866   0.00143575
      3.94675     0.348670   0.00142238
      3.94815     0.352496   0.00163226
      3.94955     0.350245   0.00168449
      3.95095     0.348553   0.00138179
      3.95235     0.353401   0.00141165
      3.95375     0.352225   0.00147987
      3.95515     0.349093   0.00148381
      3.95654     0.349492   0.00144786
      3.95794     0.352529   0.00155220
      3.95934     0.353658   0.00155285
      3.96073     0.351920   0.00147404
      3.96213     0.351740   0.00146777
      3.96352     0.350979   0.00139104
      3.96492     0.350841   0.00140389
      3.96631     0.352237   0.00146356
      3.96771     0.354227   0.00150608
      3.96910     0.355222   0.00148270
      3.97050     0.352633   0.00150904
      3.97189     0.350842   0.00142818
      3.97328     0.354265   0.00140226
      3.97467     0.356355   0.00143129
      3.97606     0.357608   0.00151302
      3.97745     0.364460   0.00147485
      3.97885     0.370524   0.00157438
      3.98024     0.364789   0.00147077
      3.98162     0.360178   0.00144234
      3.98301     0.362993   0.00138713
      3.98440     0.361731   0.00145397
      3.98579     0.360295   0.00147774
      3.98718     0.357948   0.00146522
      3.98856     0.356021   0.00158500
      3.98995     0.358070   0.00146878
      3.99134     0.360571   0.00144813
      3.99272     0.366418   0.00150461
      3.99411     0.370088   0.00147470
      3.99549     0.372137   0.00156714
      3.99688     0.372395   0.00156553
      3.99826     0.369879   0.00148344
      3.99964     0.366515   0.00162087
      4.00103     0.363954   0.00163391
      4.00241     0.368041   0.00151320
      4.00379     0.371458   0.00169461
      4.00517     0.372841   0.00166046
      4.00655     0.374409   0.00171186
      4.00793     0.370484   0.00166693
      4.00931     0.370816   0.00157922
      4.01069     0.379084   0.00157985
      4.01207     0.377166   0.00152913
      4.01344     0.372468   0.00166677
      4.01482     0.376636   0.00155493
      4.01620     0.383161   0.00165448
      4.01757     0.384076   0.00166664
      4.01895     0.382503   0.00180999
      4.02032     0.386366   0.00164248
      4.02170     0.386359   0.00163090
      4.02307     0.382867   0.00178047
      4.02444     0.382184   0.00163104
      4.02582     0.381338   0.00179157
      4.02719     0.382199   0.00164173
      4.02856     0.382993   0.00170970
      4.02993     0.380128   0.00186231
      4.03130     0.379577   0.00174744
      4.03267     0.383011   0.00170361
      4.03404     0.385711   0.00175649
      4.03541     0.388577   0.00174561
      4.03678     0.391322   0.00177544
      4.03814     0.392880   0.00195432
      4.03951     0.390665   0.00186618
      4.04087     0.389615   0.00185260
      4.04224     0.394523   0.00193272
      4.04360     0.392076   0.00187564
      4.04497     0.391433   0.00173692
      4.04633     0.403151   0.00209215
      4.04769     0.408085   0.00189879
      4.04906     0.412503   0.00178464
      4.05042     0.430816   0.00194503
      4.05178     0.461814   0.00191035
      4.05314     0.472532   0.00200560
      4.05450     0.454186   0.00197458
      4.05586     0.433560   0.00192177
      4.05722     0.418587   0.00179181
      4.05857     0.411657   0.00197478
      4.05993     0.403386   0.00166695
      4.06129     0.396612   0.00183346
      4.06264     0.397401   0.00172123
      4.06400     0.397540   0.00183828
      4.06535     0.401109   0.00182269
      4.06670     0.405457   0.00185641
      4.06806     0.397200   0.00180907
      4.06941     0.398004   0.00204085
      4.07076     0.404090   0.00184959
      4.07211     0.398943   0.00181605
      4.07346     0.391972   0.00187784
      4.07481     0.393862   0.00205006
      4.07616     0.400447   0.00189504
      4.07750     0.398587   0.00195829
      4.07885     0.402267   0.00205928
      4.08020     0.396617   0.00220205
      4.08154     0.390686   0.00190181
      4.08289     0.395216   0.00182175
      4.08423     0.400365   0.00196997
      4.08558     0.399442   0.00200232
      4.08692     0.402603   0.00197749
      4.08826     0.400948   0.00215862
      4.08960     0.399974   0.00185459
      4.09094     0.404403   0.00203996
      4.09228     0.403035   0.00193426
      4.09362     0.398913   0.00211982
      4.09496     0.402165   0.00195070
      4.09629     0.403747   0.00214832
      4.09763     0.404566   0.00188769
      4.09897     0.403061   0.00203345
      4.10030     0.394529   0.00201917
      4.10164     0.394477   0.00184628
      4.10297     0.402958   0.00194663
      4.10430     0.411041   0.00221745
      4.10563     0.417775   0.00237491
      4.10696     0.409446   0.00221285
      4.10829     0.406054   0.00200260
      4.10962     0.412275   0.00199563
      4.11095     0.414667   0.00210198
      4.11228     0.410396   0.00224869
      4.11361     0.411072   0.00210456
      4.11493     0.419555   0.00211250
      4.11626     0.420691   0.00214462
      4.11758     0.417691   0.00206790
      4.11890     0.420447   0.00221433
      4.12023     0.425687   0.00227141
      4.12155     0.424326   0.00235747
      4.12287     0.417581   0.00221770
      4.12419     0.413769   0.00204396
      4.12551     0.417656   0.00225050
      4.12683     0.427159   0.00213635
      4.12814     0.427341   0.00226094
      4.12946     0.420682   0.00215820
      4.13078     0.416483   0.00195159
      4.13209     0.418864   0.00206373
      4.13341     0.421263   0.00222260
      4.13472     0.419523   0.00210879
      4.13603     0.423577   0.00244245
      4.13734     0.426392   0.00222820
      4.13865     0.421173   0.00234405
      4.13996     0.424336   0.00220808
      4.14127     0.427680   0.00227671
      4.14258     0.427192   0.00230148
      4.14388     0.431946   0.00238378
      4.14519     0.438389   0.00231395
      4.14650     0.430733   0.00217313
      4.14780     0.424225   0.00229838
      4.14910     0.428220   0.00246691
      4.15040     0.431143   0.00258310
      4.15171     0.422303   0.00261842
      4.15301     0.417211   0.00264706
      4.15430     0.427880   0.00242707
      4.15560     0.438909   0.00256938
      4.15690     0.440466   0.00260959
      4.15820     0.440779   0.00272178
      4.15949     0.442570   0.00303082
      4.16079     0.442485   0.00278778
      4.16208     0.450947   0.00270974
      4.16337     0.456507   0.00302460
      4.16466     0.452808   0.00296021
      4.16595     0.448080   0.00287357
      4.16724     0.454332   0.00310145
      4.16853     0.470305   0.00331143
      4.16982     0.460341   0.00368712
      4.17110     0.452973   0.00380123
      4.17239     0.458708   0.00367800
      4.17367     0.454045   0.00419543
      4.17496     0.465292   0.00415187
      4.17624     0.478433   0.00488775
      4.17752     0.480763   0.00560391
      4.17880     0.481755   0.00684965
      4.18008     0.465218   0.00907087
      4.18136     0.435883    0.0116078
      4.18264     0.389816    0.0175627
      4.18391     0.288111    0.0345753
      4.18519     0.279308    0.0700331
      4.18646     0.610812     0.231403
      4.18773     0.766547     0.794993
      4.18901     -33.4062      1.70357
      4.19028     -22.9345      4.37373
      4.19155      44.0747      3.92432
      4.19281      9.32780      14.1234
      4.19408     -10.6998      2.01156
      4.19535      4.89169      2.05486
      4.19661      3.92082      12.8296
      4.19788     0.390192      1.42484
      4.19914     0.195742      1.70166
      4.20040    -0.214492      1.00656
      4.20166      1.66077      4.83852
      4.20292      3.23371      1.72266
      4.20418      3.19992      2.61513
      4.20544   -0.0528263      1.01665
      4.20670     -2.16521      9.18056
      4.20795     -51.6434      1.31379
      4.20921     -57.1820      449.485
      4.21046      12.7801      38.8548
      4.21171      74.2547      4.82031
      4.21296      102.569      24.2029
      4.21421     -1.25264      18.4727
      4.21546      25.1952      2.34851
      4.21670      39.3167      6.49932
      4.21795      21.1684      2.80038
      4.21920      23.4915      25.3861
      4.22044      6.12328      21.6664
      4.22168      11.6137      19.9149
      4.22292     -10.7948      67.2854
      4.22416      2.76535      1.65021
      4.22540      2.28461      3.12790
      4.22664     0.801967      1.44424
      4.22788      1.26673      1.13426
      4.22911     0.706576      1.67629
      4.23034     0.838841      2.62956
      4.23158    -0.233672      1.44007
      4.23281      19.2341      3.38770
      4.23404      24.4873      2.74526
      4.23527     -2.39550      5.96584
      4.23650     -4.27919     0.967325
      4.23772     -8.99888      1.01752
      4.23895     -7.60684      2.28493
      4.24017     -13.8561      3.97135
      4.24139     -7.24892      1677.55
      4.24261      24.6479     0.765476
      4.24383      34.2557      6.25446
      4.24505      0.00000      3.06402
