SOURCE  = WL 20                         / Source name
STANDARD= BS5812                        / Standard name
OBSDATE = 07-05-2002                    / Date of observation
SPOS    = 16:27:15.7  -24:38:59.8       / Source position RA,DEC,J2000
STPOS   = 15:38:39.2  -29:47:13.6       / Standard position RA,DEC,J2000
STSPT   = B2.5V                         / Standard spectral type
STTEFF  = 19950                         / Standard effective temperature [K]
STMAG   = 4.199                         / Standard magnitude (adopted)
WAVEZP  = 3.45                          / Wavelength zero point [micron]
FLUXZP  = 290                           / Flux zero point [Jy]
SAIRM   = 1.055                         / Source mean airmass
STAIRM  = 1.027                         / Standard mean airmass
AIRMCORR= 1.00                          / Optimal (adopted) airmass correction
SPECRES = ~1200                         / Spectral resolution

Created by K. M. Pontoppidan             Mon May 19 20:46:17 2003

Wavelength [micron] Flux [Jy] Statistical Error [Jy]

      2.81691      0.00000     0.149596
      2.81837    0.0469627     0.104769
      2.81983    0.0356638    0.0300937
      2.82129    0.0245476    0.0175565
      2.82274   0.00961684    0.0148299
      2.82420    0.0177778    0.0154058
      2.82566    0.0269011    0.0102593
      2.82711    0.0291739   0.00753823
      2.82857    0.0212260   0.00958608
      2.83003   0.00753599    0.0201644
      2.83148   -0.0169828    0.0494571
      2.83293    -0.224084    0.0909942
      2.83439    -0.126418    0.0820832
      2.83584    0.0442900    0.0567916
      2.83729    0.0242252    0.0242512
      2.83874    0.0530015    0.0143752
      2.84019   0.00810052   0.00886150
      2.84164  -0.00161242   0.00586843
      2.84309    0.0159597   0.00532077
      2.84454    0.0179968   0.00721765
      2.84599    0.0262965    0.0130509
      2.84744    0.0161449    0.0167468
      2.84889   0.00988617    0.0110124
      2.85034    0.0503940    0.0110517
      2.85178 -0.000131342    0.0166629
      2.85323   -0.0409032    0.0377680
      2.85467    0.0152317    0.0208864
      2.85612    0.0219052   0.00858465
      2.85756   0.00711606   0.00667258
      2.85901    0.0154585   0.00737141
      2.86045  0.000254000   0.00616956
      2.86189   0.00629295   0.00427940
      2.86334   0.00194368   0.00371737
      2.86478   0.00927707   0.00406694
      2.86622    0.0196090   0.00565248
      2.86766    0.0135000   0.00610355
      2.86910   0.00159522   0.00586633
      2.87054   0.00571240   0.00717649
      2.87198    0.0121554   0.00842132
      2.87342   0.00805276   0.00494075
      2.87486   0.00263245   0.00331825
      2.87629   0.00748550   0.00300667
      2.87773 -0.000504628   0.00366515
      2.87917    0.0154521   0.00334026
      2.88061    0.0110143   0.00324108
      2.88204    0.0188259   0.00297546
      2.88348 -0.000494018   0.00345040
      2.88491   0.00695708   0.00359125
      2.88635    0.0120376   0.00325338
      2.88778    0.0220298   0.00381570
      2.88921    0.0290163   0.00514892
      2.89065   0.00890527   0.00421110
      2.89208   0.00330469   0.00367249
      2.89351 -0.000155865   0.00313501
      2.89495    0.0207728   0.00247556
      2.89638    0.0141644   0.00222629
      2.89781    0.0137789   0.00207413
      2.89924    0.0141272   0.00244876
      2.90067    0.0117313   0.00323906
      2.90210    0.0268117   0.00517089
      2.90353    0.0254604   0.00585859
      2.90496    0.0106846   0.00483058
      2.90638    0.0147259   0.00473252
      2.90781  -0.00665153   0.00390233
      2.90924  -0.00301051   0.00352057
      2.91067   0.00557386   0.00271630
      2.91209   0.00685757   0.00223459
      2.91352   0.00340322   0.00216768
      2.91495   0.00803808   0.00236461
      2.91637   0.00832332   0.00267499
      2.91780    0.0131616   0.00272037
      2.91922    0.0106728   0.00250215
      2.92065   0.00733500   0.00220576
      2.92207    0.0128467   0.00245696
      2.92350    0.0107848   0.00351848
      2.92492   0.00523174   0.00557585
      2.92634    0.0158756   0.00526558
      2.92776   0.00185796   0.00335982
      2.92919   0.00411571   0.00227904
      2.93061   0.00428908   0.00192424
      2.93203   0.00587343   0.00203409
      2.93345   0.00633543   0.00202246
      2.93487   0.00977643   0.00189852
      2.93629   0.00883437   0.00187660
      2.93771    0.0116674   0.00193680
      2.93913    0.0112832   0.00206103
      2.94055    0.0124889   0.00229628
      2.94197   0.00635476   0.00277763
      2.94339   0.00104119   0.00235935
      2.94481   0.00722333   0.00259329
      2.94623   0.00372920   0.00278236
      2.94764    0.0128424   0.00257621
      2.94906   0.00642261   0.00274205
      2.95048    0.0140344   0.00287689
      2.95189    0.0133848   0.00247940
      2.95331   0.00642318   0.00184989
      2.95473    0.0109209   0.00190765
      2.95614    0.0120470   0.00278370
      2.95756   0.00748394   0.00287242
      2.95897   0.00675911   0.00255674
      2.96039   0.00675435   0.00215084
      2.96180   0.00781482   0.00200733
      2.96322   0.00771995   0.00187890
      2.96463    0.0142148   0.00179548
      2.96604   0.00902615   0.00183301
      2.96746   0.00606968   0.00170142
      2.96887   0.00693929   0.00177261
      2.97028    0.0106850   0.00221521
      2.97170   0.00695935   0.00274311
      2.97311   0.00201255   0.00405587
      2.97452   -0.0104977   0.00463262
      2.97593   -0.0107463   0.00462170
      2.97734  -0.00192246   0.00406915
      2.97875   0.00123952   0.00337496
      2.98016   0.00570161   0.00254276
      2.98158   0.00478450   0.00275495
      2.98299   0.00920211   0.00266368
      2.98440   0.00261323   0.00270522
      2.98581   0.00648614   0.00218059
      2.98721   0.00938057   0.00193739
      2.98862   0.00992274   0.00169286
      2.99003   0.00516193   0.00173439
      2.99144   0.00631932   0.00159112
      2.99285   0.00693847   0.00153469
      2.99426  0.000801672   0.00177608
      2.99567    0.0107212   0.00176753
      2.99707   0.00947984   0.00178527
      2.99848   0.00330327   0.00175945
      2.99989   0.00943977   0.00219632
      3.00130   0.00729484   0.00212332
      3.00270   0.00857328   0.00195067
      3.00411   0.00644736   0.00150804
      3.00552   0.00978252   0.00154113
      3.00692   0.00819165   0.00176310
      3.00833    0.0124850   0.00225878
      3.00973   0.00789226   0.00260212
      3.01114   0.00677953   0.00264672
      3.01254   0.00822591   0.00214909
      3.01395   0.00953750   0.00178174
      3.01535    0.0119548   0.00166054
      3.01676   0.00981293   0.00161162
      3.01816   0.00515532   0.00162580
      3.01957   0.00786153   0.00181042
      3.02097   0.00851326   0.00211242
      3.02238    0.0109380   0.00252886
      3.02378    0.0105993   0.00285983
      3.02518   0.00760821   0.00295058
      3.02659   0.00761625   0.00238124
      3.02799   0.00843216   0.00188120
      3.02939   0.00778088   0.00171221
      3.03080   0.00680391   0.00167687
      3.03220   0.00655895   0.00176340
      3.03360   0.00453176   0.00181567
      3.03500   0.00650930   0.00203665
      3.03640   0.00659484   0.00242597
      3.03781   0.00399087   0.00259711
      3.03921   0.00640711   0.00259866
      3.04061   0.00853703   0.00341371
      3.04201   0.00838746   0.00319182
      3.04341   0.00574753   0.00262935
      3.04481   0.00905670   0.00240758
      3.04621   0.00763416   0.00196229
      3.04761   0.00996821   0.00182790
      3.04902   0.00732709   0.00201201
      3.05042   0.00517586   0.00223925
      3.05182   0.00288839   0.00240394
      3.05322   0.00531230   0.00264800
      3.05462   0.00630537   0.00271737
      3.05602    0.0152743   0.00354223
      3.05742    0.0219915   0.00416429
      3.05882   0.00585861   0.00361478
      3.06021  0.000534030   0.00256110
      3.06161   0.00849886   0.00198216
      3.06301   0.00958865   0.00172202
      3.06441   0.00654002   0.00179658
      3.06581   0.00300759   0.00207556
      3.06721    0.0129096   0.00210698
      3.06861    0.0114483   0.00202955
      3.07001   0.00913727   0.00197043
      3.07141   0.00534544   0.00204770
      3.07280   0.00914214   0.00230367
      3.07420   0.00929481   0.00230772
      3.07560   0.00557759   0.00249897
      3.07700   0.00646040   0.00216474
      3.07840   0.00303801   0.00180524
      3.07979   0.00642986   0.00160430
      3.08119   0.00506521   0.00152443
      3.08259   0.00582348   0.00194246
      3.08399    0.0100545   0.00216152
      3.08538   0.00912464   0.00282088
      3.08678    0.0115695   0.00248767
      3.08818   0.00840971   0.00201764
      3.08958   0.00666844   0.00217614
      3.09097    0.0103842   0.00192138
      3.09237   0.00151685   0.00205737
      3.09377   0.00479096   0.00210546
      3.09516   0.00381132   0.00213794
      3.09656   0.00207006   0.00236716
      3.09796    0.0124277   0.00244440
      3.09935  -0.00227223   0.00260528
      3.10075  -0.00445560   0.00265025
      3.10215   0.00668142   0.00219831
      3.10354   0.00544345   0.00184933
      3.10494   0.00879083   0.00180190
      3.10633   0.00725453   0.00194757
      3.10773    0.0136986   0.00277669
      3.10913   0.00998974   0.00283190
      3.11052   0.00371091   0.00291592
      3.11192   0.00678765   0.00238657
      3.11331   0.00719429   0.00252836
      3.11471    0.0124564   0.00242978
      3.11611    0.0161576   0.00241297
      3.11750    0.0102475   0.00216434
      3.11890   0.00923598   0.00210512
      3.12029   0.00940493   0.00185991
      3.12169   0.00908346   0.00158407
      3.12308   0.00507715   0.00130984
      3.12448   0.00853715   0.00140670
      3.12588    0.0103973   0.00147685
      3.12727    0.0128513   0.00166345
      3.12867    0.0103237   0.00227253
      3.13006  0.000600313   0.00290016
      3.13146   0.00469683   0.00291645
      3.13285    0.0137412   0.00226153
      3.13425   0.00772724   0.00171778
      3.13564   0.00525197   0.00136502
      3.13704   0.00579901   0.00125132
      3.13843   0.00603425   0.00133194
      3.13983   0.00896198   0.00153682
      3.14122   0.00492571   0.00158967
      3.14262 -7.84897e-05   0.00196969
      3.14401   0.00526562   0.00204069
      3.14541   0.00728356   0.00180334
      3.14680   0.00971234   0.00170482
      3.14820   0.00527250   0.00199674
      3.14959   0.00680857   0.00221703
      3.15099   0.00832400   0.00200522
      3.15238   0.00763791   0.00171809
      3.15378   0.00801805   0.00139857
      3.15517   0.00756181   0.00131033
      3.15657    0.0115857   0.00156344
      3.15796   0.00960278   0.00161174
      3.15936   0.00471767   0.00159789
      3.16075   0.00599437   0.00171791
      3.16215   0.00456099   0.00142160
      3.16354   0.00973318   0.00145162
      3.16494   0.00912220   0.00130574
      3.16633   0.00752979   0.00124520
      3.16773   0.00700880   0.00118174
      3.16912   0.00700125   0.00142241
      3.17052   0.00828992   0.00140854
      3.17191   0.00888507   0.00140477
      3.17331    0.0114325   0.00128553
      3.17470   0.00966595   0.00136051
      3.17610   0.00722172   0.00148370
      3.17749   0.00814261   0.00162389
      3.17889    0.0105259   0.00147467
      3.18028   0.00835939   0.00138497
      3.18168   0.00668380   0.00131245
      3.18307   0.00988886   0.00139185
      3.18447    0.0110908   0.00166296
      3.18586    0.0125096   0.00172089
      3.18726    0.0119179   0.00166956
      3.18865   0.00828434   0.00148819
      3.19005   0.00367935   0.00148029
      3.19144   0.00704712   0.00165730
      3.19284   0.00697521   0.00177936
      3.19423    0.0107430   0.00280584
      3.19563   0.00798182   0.00253745
      3.19702   0.00746291   0.00211643
      3.19842    0.0120577   0.00190887
      3.19981   0.00883658   0.00258274
      3.20121   0.00579865   0.00324093
      3.20261    0.0167359   0.00341198
      3.20400    0.0145588   0.00324318
      3.20540   0.00999732   0.00334879
      3.20679    0.0160460   0.00315208
      3.20819    0.0137992   0.00353942
      3.20958   0.00561561   0.00391443
      3.21098    0.0142007   0.00485375
      3.21238    0.0166922   0.00541256
      3.21377    0.0160054   0.00436678
      3.21517    0.0159953   0.00349376
      3.21656   0.00222565   0.00300167
      3.21796   0.00358645   0.00269120
      3.21936    0.0118022   0.00256270
      3.22075    0.0130741   0.00223726
      3.22215    0.0134422   0.00277112
      3.22355    0.0140150   0.00326186
      3.22494    0.0220987   0.00502156
      3.22634   0.00417518   0.00523583
      3.22773   0.00528915   0.00409711
      3.22913    0.0135633   0.00304414
      3.23053    0.0177733   0.00331236
      3.23192   0.00326094   0.00445174
      3.23332   0.00304327   0.00378372
      3.23472    0.0123957   0.00239949
      3.23612    0.0146284   0.00166493
      3.23751    0.0129098   0.00165663
      3.23891    0.0123009   0.00171541
      3.24031    0.0109345   0.00189617
      3.24170    0.0132629   0.00256701
      3.24310   0.00901224   0.00243026
      3.24450    0.0144172   0.00228678
      3.24590   0.00992942   0.00263887
      3.24729    0.0143724   0.00376332
      3.24869    0.0296013   0.00423216
      3.25009    0.0145544   0.00404259
      3.25149    0.0113777   0.00297654
      3.25288    0.0105477   0.00221186
      3.25428   0.00866562   0.00161529
      3.25568    0.0117880   0.00147158
      3.25708    0.0113718   0.00137991
      3.25848    0.0130998   0.00157730
      3.25988    0.0140699   0.00196698
      3.26127    0.0104111   0.00307192
      3.26267    0.0170856   0.00378589
      3.26407    0.0175699   0.00381819
      3.26547    0.0168144   0.00252894
      3.26687    0.0176776   0.00213052
      3.26827    0.0193998   0.00191010
      3.26967   0.00785585   0.00236655
      3.27106    0.0117404   0.00306097
      3.27246   0.00405114   0.00362756
      3.27386    0.0165894   0.00309851
      3.27526    0.0117339   0.00197121
      3.27666    0.0114794   0.00175076
      3.27806    0.0178140   0.00157414
      3.27946    0.0219345   0.00186468
      3.28086    0.0228817   0.00224618
      3.28226    0.0148054   0.00241871
      3.28366    0.0164787   0.00185874
      3.28506    0.0179818   0.00137448
      3.28646    0.0167376   0.00134951
      3.28786    0.0173879   0.00140844
      3.28926    0.0178243   0.00136033
      3.29066    0.0188660   0.00144782
      3.29206    0.0147412   0.00156634
      3.29346    0.0127399   0.00183517
      3.29486    0.0186991   0.00214833
      3.29627    0.0208397   0.00264718
      3.29767    0.0280876   0.00305273
      3.29907    0.0225545   0.00359154
      3.30047    0.0176144   0.00382860
      3.30187   0.00998398   0.00318026
      3.30327    0.0129068   0.00233706
      3.30467    0.0172676   0.00205194
      3.30608    0.0231538   0.00205998
      3.30748    0.0134167   0.00208239
      3.30888    0.0151802   0.00200198
      3.31028    0.0171872   0.00191888
      3.31168    0.0225706   0.00232867
      3.31309    0.0165205   0.00292752
      3.31449   0.00524933   0.00466169
      3.31589    0.0334623    0.0111931
      3.31729   0.00386663    0.0259391
      3.31870  -0.00225755    0.0217990
      3.32010  0.000513485    0.0126164
      3.32150 -0.000297207   0.00816695
      3.32291   0.00967568   0.00559505
      3.32431    0.0146792   0.00367690
      3.32571    0.0169240   0.00252176
      3.32712    0.0179122   0.00205939
      3.32852    0.0143675   0.00220299
      3.32992    0.0126060   0.00214871
      3.33133    0.0148479   0.00188986
      3.33273    0.0179320   0.00158005
      3.33414    0.0169800   0.00135647
      3.33554    0.0161068   0.00146989
      3.33694    0.0161930   0.00134634
      3.33835    0.0187949   0.00155811
      3.33975    0.0217397   0.00160037
      3.34116    0.0183238   0.00172310
      3.34256    0.0158104   0.00183576
      3.34397    0.0142495   0.00174634
      3.34537    0.0155837   0.00177968
      3.34678    0.0159758   0.00222252
      3.34819    0.0171956   0.00219416
      3.34959    0.0172999   0.00184865
      3.35100    0.0158241   0.00152267
      3.35240    0.0128734   0.00154739
      3.35381    0.0161477   0.00140368
      3.35522    0.0182650   0.00175959
      3.35662    0.0170412   0.00187416
      3.35803    0.0203095   0.00235848
      3.35943    0.0132757   0.00222039
      3.36084   0.00854971   0.00177527
      3.36225    0.0135106   0.00172418
      3.36366    0.0158058   0.00182771
      3.36506    0.0166735   0.00165771
      3.36647    0.0161095   0.00158869
      3.36788    0.0150513   0.00175284
      3.36928    0.0151078   0.00188188
      3.37069    0.0142632   0.00217171
      3.37210    0.0152107   0.00189433
      3.37351    0.0168733   0.00166185
      3.37492    0.0170391   0.00152708
      3.37632    0.0157495   0.00148502
      3.37773    0.0139175   0.00157602
      3.37914    0.0158657   0.00183992
      3.38055    0.0229073   0.00197907
      3.38196    0.0253655   0.00219921
      3.38337    0.0167576   0.00198791
      3.38478    0.0175438   0.00184594
      3.38619    0.0178393   0.00177591
      3.38760    0.0158245   0.00149827
      3.38901    0.0150722   0.00149128
      3.39042    0.0198970   0.00148311
      3.39183    0.0204292   0.00178017
      3.39324    0.0139196   0.00208918
      3.39465    0.0174423   0.00206667
      3.39606    0.0199292   0.00170853
      3.39747    0.0190871   0.00147911
      3.39888    0.0199630   0.00137660
      3.40029    0.0188756   0.00136333
      3.40170    0.0213558   0.00148834
      3.40311    0.0231352   0.00167091
      3.40452    0.0154263   0.00217191
      3.40593    0.0156370   0.00240258
      3.40734    0.0181270   0.00216672
      3.40876    0.0238870   0.00192520
      3.41017    0.0231709   0.00187436
      3.41158    0.0217547   0.00160034
      3.41299    0.0199638   0.00168236
      3.41440    0.0234539   0.00162816
      3.41582    0.0213693   0.00210942
      3.41723    0.0209914   0.00212305
      3.41864    0.0153857   0.00187246
      3.42005    0.0187279   0.00161432
      3.42147    0.0208290   0.00149698
      3.42288    0.0213931   0.00137353
      3.42429    0.0245424   0.00141820
      3.42571    0.0216763   0.00139678
      3.42712    0.0195125   0.00166175
      3.42853    0.0183763   0.00200932
      3.42995    0.0211697   0.00206584
      3.43136    0.0188618   0.00174732
      3.43278    0.0191122   0.00148271
      3.43419    0.0215350   0.00149973
      3.43560    0.0212226   0.00139071
      3.43702    0.0205705   0.00137710
      3.43843    0.0209614   0.00147194
      3.43985    0.0210553   0.00152651
      3.44126    0.0181996   0.00173215
      3.44268    0.0188127   0.00186096
      3.44409    0.0209544   0.00149806
      3.44551    0.0200231   0.00133908
      3.44693    0.0213511   0.00139317
      3.44834    0.0187338   0.00146153
      3.44976    0.0181768   0.00143143
      3.45117    0.0219996   0.00147424
      3.45259    0.0224564   0.00164218
      3.45401    0.0171364   0.00169331
      3.45542    0.0201028   0.00169407
      3.45684    0.0189623   0.00175705
      3.45826    0.0219011   0.00137084
      3.45967    0.0214957   0.00121100
      3.46109    0.0210929   0.00139076
      3.46251    0.0222018   0.00131144
      3.46392    0.0246632   0.00128253
      3.46534    0.0253412   0.00153272
      3.46676    0.0183207   0.00161002
      3.46818    0.0178016   0.00155794
      3.46959    0.0240260   0.00146004
      3.47101    0.0218538   0.00122616
      3.47243    0.0246222   0.00125288
      3.47385    0.0234073   0.00120177
      3.47527    0.0213386   0.00144999
      3.47669    0.0241927   0.00120262
      3.47810    0.0263975   0.00142376
      3.47952    0.0230240   0.00138568
      3.48094    0.0207768   0.00150300
      3.48236    0.0206366   0.00156149
      3.48378    0.0234200   0.00130392
      3.48520    0.0224533   0.00135597
      3.48662    0.0211443   0.00123972
      3.48804    0.0218420   0.00127448
      3.48946    0.0212975   0.00137775
      3.49088    0.0221015   0.00138931
      3.49230    0.0231973   0.00149886
      3.49372    0.0230666   0.00148306
      3.49514    0.0206055   0.00134114
      3.49656    0.0205268   0.00142795
      3.49798    0.0198918   0.00153214
      3.49940    0.0169600   0.00144416
      3.50082    0.0169848   0.00119008
      3.50225    0.0199296   0.00135902
      3.50367    0.0206104   0.00146033
      3.50509    0.0218137   0.00133622
      3.50651    0.0206032   0.00143827
      3.50793    0.0226720   0.00133191
      3.50935    0.0247708   0.00126221
      3.51077    0.0232071   0.00135343
      3.51220    0.0223779   0.00133372
      3.51362    0.0222957   0.00138661
      3.51504    0.0211290   0.00121508
      3.51646    0.0192943   0.00131714
      3.51789    0.0186557   0.00120277
      3.51931    0.0249324   0.00128255
      3.52073    0.0265132   0.00124811
      3.52216    0.0230444   0.00119153
      3.52358    0.0222207   0.00124771
      3.52500    0.0205464   0.00127201
      3.52642    0.0219500   0.00124724
      3.52785    0.0216723   0.00124712
      3.52927    0.0229253   0.00119229
      3.53070    0.0223683   0.00132308
      3.53212    0.0207530   0.00130834
      3.53354    0.0200456   0.00121258
      3.53497    0.0183178   0.00127023
      3.53639    0.0183934   0.00136154
      3.53782    0.0218765   0.00133475
      3.53924    0.0221268   0.00140695
      3.54067    0.0215020   0.00134538
      3.54209    0.0205925   0.00126925
      3.54351    0.0213421   0.00140639
      3.54494    0.0221464   0.00159055
      3.54636    0.0224725   0.00140336
      3.54779    0.0233942   0.00130493
      3.54922    0.0202836   0.00148206
      3.55064    0.0197898   0.00131415
      3.55207    0.0192862   0.00121665
      3.55349    0.0219492   0.00129504
      3.55492    0.0235446   0.00130697
      3.55634    0.0224342   0.00140956
      3.55777    0.0209423   0.00125286
      3.55920    0.0225385   0.00119926
      3.56062    0.0202894   0.00149899
      3.56205    0.0228003   0.00140094
      3.56347    0.0226224   0.00128220
      3.56490    0.0229530   0.00126087
      3.56633    0.0194644   0.00135848
      3.56775    0.0214288   0.00129925
      3.56918    0.0219706   0.00137396
      3.57061    0.0200684   0.00137351
      3.57204    0.0238656   0.00161238
      3.57346    0.0243216   0.00141812
      3.57489    0.0234923   0.00134624
      3.57632    0.0185608   0.00138395
      3.57774    0.0228081   0.00150218
      3.57917    0.0222839   0.00133459
      3.58060    0.0219728   0.00150635
      3.58203    0.0271257   0.00129979
      3.58346    0.0244747   0.00138486
      3.58488    0.0273642   0.00147891
      3.58631    0.0281591   0.00135364
      3.58774    0.0252697   0.00139751
      3.58917    0.0220398   0.00149409
      3.59060    0.0218545   0.00130418
      3.59202    0.0250427   0.00130743
      3.59345    0.0261338   0.00139055
      3.59488    0.0256154   0.00128329
      3.59631    0.0250154   0.00132073
      3.59774    0.0255587   0.00130923
      3.59917    0.0222178   0.00143321
      3.60060    0.0190052   0.00133284
      3.60203    0.0225797   0.00135681
      3.60346    0.0237527   0.00133597
      3.60488    0.0231793   0.00135265
      3.60631    0.0239618   0.00132058
      3.60774    0.0241819   0.00146307
      3.60917    0.0232791   0.00142593
      3.61060    0.0251328   0.00137476
      3.61203    0.0225693   0.00146553
      3.61346    0.0258556   0.00145277
      3.61489    0.0257414   0.00147066
      3.61632    0.0251355   0.00153657
      3.61775    0.0243139   0.00134582
      3.61918    0.0250848   0.00135019
      3.62061    0.0217017   0.00139495
      3.62204    0.0243315   0.00131512
      3.62347    0.0238504   0.00137485
      3.62490    0.0231764   0.00133236
      3.62633    0.0247420   0.00139690
      3.62776    0.0224871   0.00150550
      3.62919    0.0217924   0.00132470
      3.63062    0.0226513   0.00139543
      3.63205    0.0246932   0.00143906
      3.63348    0.0261841   0.00147360
      3.63492    0.0229761   0.00141884
      3.63635    0.0236299   0.00131529
      3.63778    0.0271243   0.00140706
      3.63921    0.0286434   0.00133475
      3.64064    0.0275281   0.00118780
      3.64207    0.0248823   0.00114520
      3.64350    0.0276874   0.00136289
      3.64493    0.0254738   0.00128395
      3.64636    0.0255212   0.00132674
      3.64779    0.0250377   0.00123727
      3.64923    0.0247053   0.00125615
      3.65066    0.0233764   0.00132675
      3.65209    0.0254682   0.00134938
      3.65352    0.0229178   0.00147933
      3.65495    0.0245191   0.00133932
      3.65638    0.0227216   0.00131144
      3.65781    0.0234227   0.00132403
      3.65925    0.0243362   0.00132233
      3.66068    0.0232975   0.00125780
      3.66211    0.0241402   0.00138381
      3.66354    0.0249507   0.00121706
      3.66497    0.0262598   0.00129879
      3.66640    0.0227078   0.00138365
      3.66784    0.0232299   0.00129234
      3.66927    0.0264640   0.00131789
      3.67070    0.0260677   0.00130847
      3.67213    0.0240510   0.00130961
      3.67356    0.0222886   0.00128693
      3.67499    0.0240512   0.00133819
      3.67643    0.0262310   0.00144186
      3.67786    0.0236959   0.00129910
      3.67929    0.0256057   0.00139727
      3.68072    0.0238610   0.00139407
      3.68215    0.0197724   0.00122465
      3.68359    0.0219486   0.00131695
      3.68502    0.0258478   0.00128835
      3.68645    0.0269731   0.00127793
      3.68788    0.0273184   0.00123406
      3.68931    0.0299558   0.00115307
      3.69075    0.0331457   0.00136733
      3.69218    0.0289555   0.00137828
      3.69361    0.0293774   0.00138200
      3.69504    0.0262645   0.00133943
      3.69647    0.0274590   0.00128859
      3.69791    0.0251602   0.00135568
      3.69934    0.0258938   0.00127012
      3.70077    0.0261484   0.00131961
      3.70220    0.0253292   0.00139693
      3.70363    0.0245154   0.00121318
      3.70507    0.0267424   0.00131761
      3.70650    0.0287703   0.00137557
      3.70793    0.0266034   0.00130230
      3.70936    0.0265649   0.00126691
      3.71079    0.0264566   0.00134438
      3.71223    0.0242771   0.00132633
      3.71366    0.0257590   0.00123643
      3.71509    0.0285019   0.00135042
      3.71652    0.0279349   0.00126248
      3.71795    0.0258401   0.00129136
      3.71939    0.0237838   0.00128694
      3.72082    0.0273633   0.00145800
      3.72225    0.0260549   0.00139512
      3.72368    0.0236190   0.00147915
      3.72511    0.0262854   0.00128423
      3.72654    0.0276984   0.00138805
      3.72798    0.0256403   0.00136088
      3.72941    0.0285796   0.00130290
      3.73084    0.0301713   0.00124398
      3.73227    0.0280427   0.00134241
      3.73370    0.0282818   0.00134390
      3.73513    0.0280937   0.00123182
      3.73656    0.0280862   0.00125712
      3.73800    0.0268319   0.00136673
      3.73943    0.0275575   0.00126418
      3.74086    0.0268569   0.00126983
      3.74229    0.0330524   0.00163236
      3.74372    0.0317828   0.00138145
      3.74515    0.0348843   0.00144222
      3.74658    0.0323334   0.00132576
      3.74801    0.0279505   0.00134585
      3.74944    0.0233094   0.00132532
      3.75088    0.0277937   0.00135410
      3.75231    0.0255551   0.00135497
      3.75374    0.0300737   0.00117065
      3.75517    0.0320361   0.00132398
      3.75660    0.0289081   0.00132831
      3.75803    0.0319537   0.00139564
      3.75946    0.0250776   0.00136744
      3.76089    0.0308819   0.00128991
      3.76232    0.0240595   0.00125417
      3.76375    0.0258303   0.00141883
      3.76518    0.0275062   0.00136233
      3.76661    0.0283431   0.00140217
      3.76804    0.0311609   0.00144579
      3.76947    0.0265517   0.00154060
      3.77090    0.0267938   0.00143501
      3.77233    0.0301570   0.00140975
      3.77376    0.0296655   0.00136064
      3.77519    0.0271458   0.00143716
      3.77662    0.0259300   0.00141466
      3.77805    0.0246307   0.00140939
      3.77948    0.0261874   0.00144149
      3.78090    0.0263074   0.00143652
      3.78233    0.0268418   0.00153271
      3.78376    0.0241737   0.00142788
      3.78519    0.0288973   0.00137593
      3.78662    0.0213806   0.00135498
      3.78805    0.0211354   0.00132240
      3.78948    0.0253273   0.00136307
      3.79090    0.0269535   0.00133294
      3.79233    0.0263441   0.00167746
      3.79376    0.0317956   0.00144048
      3.79519    0.0273912   0.00137946
      3.79662    0.0288799   0.00145935
      3.79804    0.0306274   0.00145212
      3.79947    0.0326834   0.00130029
      3.80090    0.0292811   0.00139439
      3.80233    0.0248330   0.00147345
      3.80375    0.0258781   0.00144159
      3.80518    0.0236576   0.00142189
      3.80661    0.0291430   0.00140397
      3.80803    0.0324531   0.00144498
      3.80946    0.0305600   0.00135960
      3.81089    0.0274117   0.00134937
      3.81231    0.0256038   0.00139466
      3.81374    0.0294603   0.00145806
      3.81516    0.0314828   0.00160656
      3.81659    0.0273773   0.00142955
      3.81802    0.0268621   0.00152713
      3.81944    0.0307214   0.00142008
      3.82087    0.0317731   0.00136206
      3.82229    0.0321792   0.00137222
      3.82372    0.0324791   0.00133119
      3.82514    0.0289275   0.00124503
      3.82657    0.0280791   0.00149381
      3.82799    0.0277297   0.00140380
      3.82941    0.0235092   0.00167453
      3.83084    0.0238651   0.00143883
      3.83226    0.0296011   0.00148164
      3.83369    0.0303963   0.00154172
      3.83511    0.0287692   0.00150256
      3.83653    0.0281007   0.00147680
      3.83795    0.0273962   0.00144933
      3.83938    0.0280383   0.00154265
      3.84080    0.0295576   0.00159229
      3.84222    0.0288811   0.00147883
      3.84365    0.0275277   0.00121389
      3.84507    0.0298271   0.00160103
      3.84649    0.0284265   0.00153899
      3.84791    0.0260684   0.00153429
      3.84933    0.0299877   0.00173891
      3.85075    0.0322813   0.00149863
      3.85217    0.0279981   0.00135149
      3.85360    0.0271745   0.00152396
      3.85502    0.0268660   0.00155667
      3.85644    0.0270073   0.00152313
      3.85786    0.0277461   0.00162958
      3.85928    0.0350465   0.00150179
      3.86070    0.0290306   0.00150528
      3.86212    0.0264475   0.00149186
      3.86353    0.0276976   0.00148051
      3.86495    0.0272332   0.00160435
      3.86637    0.0254435   0.00137295
      3.86779    0.0260855   0.00148315
      3.86921    0.0288462   0.00154963
      3.87063    0.0244745   0.00162636
      3.87204    0.0305884   0.00156057
      3.87346    0.0285359   0.00165284
      3.87488    0.0262489   0.00161193
      3.87630    0.0239835   0.00190591
      3.87771    0.0206242   0.00211168
      3.87913    0.0315394   0.00182369
      3.88055    0.0296503   0.00161425
      3.88196    0.0232790   0.00175570
      3.88338    0.0272018   0.00174101
      3.88479    0.0290772   0.00163171
      3.88621    0.0267296   0.00173507
      3.88762    0.0318480   0.00173381
      3.88904    0.0308834   0.00185745
      3.89045    0.0334623   0.00159518
      3.89186    0.0333652   0.00170621
      3.89328    0.0330652   0.00150561
      3.89469    0.0287132   0.00148157
      3.89610    0.0235946   0.00149820
      3.89752    0.0282285   0.00162374
      3.89893    0.0357965   0.00155747
      3.90034    0.0318626   0.00146650
      3.90175    0.0302243   0.00157829
      3.90316    0.0290082   0.00160904
      3.90458    0.0320556   0.00159924
      3.90599    0.0327613   0.00185838
      3.90740    0.0382295   0.00184025
      3.90881    0.0289673   0.00170458
      3.91022    0.0280072   0.00169953
      3.91163    0.0270394   0.00212901
      3.91304    0.0232289   0.00171025
      3.91445    0.0237598   0.00174634
      3.91585    0.0281804   0.00184904
      3.91726    0.0296200   0.00174277
      3.91867    0.0254452   0.00194471
      3.92008    0.0201440   0.00189619
      3.92148    0.0271122   0.00176164
      3.92289    0.0329729   0.00197848
      3.92430    0.0318910   0.00160745
      3.92570    0.0283290   0.00189104
      3.92711    0.0251094   0.00188379
      3.92852    0.0284200   0.00180384
      3.92992    0.0300030   0.00150197
      3.93132    0.0284900   0.00164231
      3.93273    0.0309231   0.00176791
      3.93413    0.0251797   0.00162142
      3.93554    0.0313858   0.00162410
      3.93694    0.0300316   0.00165592
      3.93834    0.0275618   0.00157982
      3.93975    0.0290572   0.00155333
      3.94115    0.0313995   0.00165408
      3.94255    0.0338576   0.00178874
      3.94395    0.0348751   0.00155876
      3.94535    0.0280655   0.00174952
      3.94675    0.0274650   0.00151827
      3.94815    0.0311728   0.00156633
      3.94955    0.0335214   0.00170571
      3.95095    0.0331934   0.00166838
      3.95235    0.0304895   0.00186536
      3.95375    0.0304220   0.00153276
      3.95515    0.0298780   0.00161540
      3.95654    0.0298160   0.00160874
      3.95794    0.0309297   0.00190588
      3.95934    0.0279331   0.00167774
      3.96073    0.0271761   0.00163043
      3.96213    0.0276028   0.00180427
      3.96352    0.0296038   0.00167758
      3.96492    0.0305756   0.00177828
      3.96631    0.0332134   0.00161178
      3.96771    0.0277615   0.00164125
      3.96910    0.0318105   0.00159974
      3.97050    0.0283445   0.00180202
      3.97189    0.0267747   0.00158106
      3.97328    0.0313581   0.00168977
      3.97467    0.0319036   0.00157140
      3.97606    0.0315862   0.00169264
      3.97745    0.0303241   0.00151750
      3.97885    0.0287984   0.00159873
      3.98024    0.0292646   0.00178319
      3.98162    0.0269828   0.00179676
      3.98301    0.0277913   0.00152395
      3.98440    0.0303321   0.00157205
      3.98579    0.0332174   0.00150236
      3.98718    0.0270188   0.00166273
      3.98856    0.0259038   0.00166394
      3.98995    0.0333691   0.00168738
      3.99134    0.0267809   0.00171967
      3.99272    0.0266412   0.00155187
      3.99411    0.0269932   0.00179723
      3.99549    0.0284183   0.00167384
      3.99688    0.0306464   0.00159974
      3.99826    0.0282969   0.00141371
      3.99964    0.0319312   0.00165998
      4.00103    0.0324123   0.00166889
      4.00241    0.0298597   0.00165935
      4.00379    0.0321897   0.00177830
      4.00517    0.0310194   0.00185735
      4.00655    0.0314468   0.00174207
      4.00793    0.0331203   0.00180320
      4.00931    0.0317321   0.00171504
      4.01069    0.0318133   0.00171398
      4.01207    0.0295237   0.00168082
      4.01344    0.0292499   0.00175803
      4.01482    0.0320747   0.00192480
      4.01620    0.0350812   0.00182760
      4.01757    0.0324677   0.00185623
      4.01895    0.0332233   0.00163189
      4.02032    0.0319221   0.00179213
      4.02170    0.0300584   0.00183570
      4.02307    0.0212890   0.00171502
      4.02444    0.0280852   0.00164896
      4.02582    0.0321830   0.00187612
      4.02719    0.0361813   0.00168268
      4.02856    0.0335869   0.00185925
      4.02993    0.0297290   0.00160759
      4.03130    0.0276228   0.00173096
      4.03267    0.0290290   0.00159934
      4.03404    0.0313698   0.00174748
      4.03541    0.0342596   0.00202463
      4.03678    0.0340534   0.00172304
      4.03814    0.0275157   0.00203044
      4.03951    0.0294024   0.00209909
      4.04087    0.0294935   0.00179871
      4.04224    0.0269181   0.00190904
      4.04360    0.0260756   0.00212882
      4.04497    0.0334985   0.00211552
      4.04633    0.0265255   0.00223023
      4.04769    0.0268138   0.00213720
      4.04906    0.0351390   0.00211241
      4.05042    0.0296195   0.00204765
      4.05178    0.0333094   0.00235575
      4.05314    0.0398229   0.00199782
      4.05450    0.0444838   0.00200724
      4.05586    0.0515013   0.00191315
      4.05722    0.0415953   0.00166602
      4.05857    0.0358103   0.00209937
      4.05993    0.0272517   0.00203665
      4.06129    0.0302932   0.00231488
      4.06264    0.0322866   0.00191255
      4.06400    0.0268382   0.00196499
      4.06535    0.0268959   0.00176871
      4.06670    0.0315246   0.00198516
      4.06806    0.0394438   0.00216220
      4.06941    0.0344398   0.00192130
      4.07076    0.0297238   0.00179768
      4.07211    0.0345736   0.00190794
      4.07346    0.0328658   0.00202384
      4.07481    0.0275080   0.00191948
      4.07616    0.0326147   0.00231916
      4.07750    0.0313051   0.00195673
      4.07885    0.0276775   0.00209688
      4.08020    0.0307153   0.00222622
      4.08154    0.0340073   0.00207261
      4.08289    0.0271845   0.00190897
      4.08423    0.0272161   0.00208389
      4.08558    0.0274323   0.00202218
      4.08692    0.0283167   0.00225750
      4.08826    0.0293805   0.00233165
      4.08960    0.0341977   0.00262329
      4.09094    0.0341223   0.00191673
      4.09228    0.0340961   0.00228841
      4.09362    0.0286683   0.00215991
      4.09496    0.0234501   0.00215893
      4.09629    0.0290329   0.00240126
      4.09763    0.0359633   0.00235537
      4.09897    0.0353008   0.00223801
      4.10030    0.0343884   0.00215135
      4.10164    0.0367949   0.00234765
      4.10297    0.0371258   0.00245879
      4.10430    0.0312217   0.00228587
      4.10563    0.0215915   0.00236614
      4.10696    0.0383084   0.00233053
      4.10829    0.0429412   0.00221003
      4.10962    0.0366566   0.00221119
      4.11095    0.0392294   0.00227771
      4.11228    0.0371392   0.00228450
      4.11361    0.0384887   0.00241602
      4.11493    0.0347997   0.00252424
      4.11626    0.0399471   0.00237372
      4.11758    0.0317366   0.00251212
      4.11890    0.0310204   0.00228793
      4.12023    0.0307622   0.00231372
      4.12155    0.0319697   0.00242912
      4.12287    0.0332370   0.00236743
      4.12419    0.0320636   0.00259113
      4.12551    0.0246542   0.00247032
      4.12683    0.0284518   0.00234347
      4.12814    0.0375512   0.00228577
      4.12946    0.0312189   0.00226684
      4.13078    0.0281972   0.00265848
      4.13209    0.0278314   0.00222574
      4.13341    0.0382849   0.00245250
      4.13472    0.0265349   0.00231121
      4.13603    0.0306623   0.00249757
      4.13734    0.0238376   0.00219246
      4.13865    0.0274469   0.00223745
      4.13996    0.0318052   0.00289248
      4.14127    0.0371718   0.00246683
      4.14258    0.0355293   0.00241651
      4.14388    0.0315979   0.00296381
      4.14519    0.0284105   0.00257008
      4.14650    0.0309429   0.00280898
      4.14780    0.0332838   0.00249531
      4.14910    0.0381939   0.00271075
      4.15040    0.0337891   0.00270783
      4.15171    0.0309354   0.00308875
      4.15301    0.0363269   0.00286475
      4.15430    0.0306040   0.00235300
      4.15560    0.0400517   0.00295704
      4.15690    0.0404387   0.00295631
      4.15820    0.0394405   0.00295395
      4.15949    0.0383089   0.00290632
      4.16079    0.0243593   0.00311898
      4.16208    0.0222786   0.00304346
      4.16337    0.0362391   0.00351525
      4.16466    0.0372212   0.00397529
      4.16595    0.0324942   0.00384376
      4.16724    0.0306781   0.00407633
      4.16853    0.0391745   0.00367376
      4.16982    0.0469783   0.00389186
      4.17110    0.0374476   0.00387679
      4.17239    0.0398737   0.00432369
      4.17367    0.0473613   0.00403836
      4.17496    0.0327456   0.00480410
      4.17624    0.0282622   0.00517646
      4.17752    0.0446124   0.00559641
      4.17880    0.0372017   0.00605254
      4.18008    0.0205742   0.00637404
      4.18136   0.00879503   0.00896855
      4.18264    0.0145318    0.0119876
      4.18391   -0.0104917    0.0173673
      4.18519   -0.0310753    0.0277349
      4.18646    0.0241720    0.0554908
      4.18773     0.195092     0.145793
      4.18901      2.13850      1.85567
      4.19028      4.74614      2.68246
      4.19155      2.97944     0.796575
      4.19281    -0.212373     0.430889
      4.19408    -0.880790     0.540321
      4.19535    -0.147821     0.178587
      4.19661   -0.0821861     0.521024
      4.19788      1.27359      1.10274
      4.19914     0.837551     0.532605
      4.20040     0.460948     0.394718
      4.20166    0.0294792     0.164548
      4.20292    -0.232666     0.191992
      4.20418    -0.723308     0.245879
      4.20544   -0.0879314     0.189178
      4.20670     0.513902     0.197352
      4.20795     0.215098     0.238793
      4.20921     0.176763     0.276573
      4.21046     0.738255     0.238645
      4.21171     0.373382     0.226465
      4.21296     0.438837     0.224901
      4.21421    -0.265113     0.295754
      4.21546    -0.303149     0.278966
      4.21670     0.105603     0.243413
      4.21795     0.267583     0.375503
      4.21920     0.160210     0.312460
      4.22044     0.132878     0.232116
      4.22168     0.387178     0.279051
      4.22292     0.771925     0.252153
      4.22416     0.631146     0.201331
      4.22540     0.365669     0.242927
      4.22664    -0.137645     0.596449
      4.22788     0.243411     0.416158
      4.22911     0.417930     0.303702
      4.23034     0.150571     0.197374
      4.23158    -0.263622     0.209494
      4.23281    -0.195223     0.223418
      4.23404    0.0967151     0.334999
      4.23527      1.20734     0.725412
      4.23650     0.394077     0.845633
      4.23772     0.391759     0.475711
      4.23895    -0.130328     0.922037
      4.24017     -1.28314      1.00619
      4.24139     -2.12345     0.927624
      4.24261     -18.0318      9.83933
      4.24383  -0.00620905      3.76804
      4.24505      0.00000     0.671197
