SOURCE  = WL 20 East                    / Source name
STANDARD= BS5812                        / Standard name
OBSDATE = 07-05-2002                    / Date of observation
SPOS    = 16:27:15.7  -24:38:59.8       / Source position RA,DEC,J2000
STPOS   = 15:38:39.2  -29:47:13.6       / Standard position RA,DEC,J2000
STSPT   = B2.5V                         / Standard spectral type
STTEFF  = 19950                         / Standard effective temperature [K]
STMAG   = 4.199                         / Standard magnitude (adopted)
WAVEZP  = 3.45                          / Wavelength zero point [micron]
FLUXZP  = 290                           / Flux zero point [Jy]
SAIRM   = 1.055                         / Source mean airmass
STAIRM  = 1.027                         / Standard mean airmass
AIRMCORR= 1.08                          / Optimal (adopted) airmass correction
SPECRES = ~1200                         / Spectral resolution

Created by K. M. Pontoppidan             Mon May 19 20:56:48 2003

Wavelength [micron] Flux [Jy] Statistical Error [Jy]

      2.81691      0.00000     0.263416
      2.81837   -0.0522817     0.166427
      2.81983   -0.0269087    0.0513240
      2.82129    0.0252062    0.0303396
      2.82274    0.0287662    0.0260166
      2.82420   0.00922178    0.0263297
      2.82566    0.0623599    0.0179443
      2.82711    0.0489965    0.0131960
      2.82857    0.0377418    0.0165808
      2.83003    0.0155111    0.0352793
      2.83148    0.0143746    0.0921183
      2.83293     0.222685     0.156021
      2.83439    0.0119174     0.145619
      2.83584   -0.0134080    0.0969773
      2.83729    0.0268138    0.0422590
      2.83874   0.00990190    0.0251734
      2.84019   -0.0123239    0.0155207
      2.84164    0.0380149    0.0101747
      2.84309    0.0501978   0.00919844
      2.84454    0.0251280    0.0128030
      2.84599    0.0341824    0.0229070
      2.84744    0.0214998    0.0303497
      2.84889    0.0118396    0.0188917
      2.85034    0.0156955    0.0189543
      2.85178   -0.0315400    0.0297062
      2.85323   -0.0629407    0.0677024
      2.85467   0.00532189    0.0368034
      2.85612    0.0157609    0.0148700
      2.85756    0.0587996    0.0116667
      2.85901    0.0709476    0.0130414
      2.86045    0.0545809    0.0107575
      2.86189    0.0476386   0.00746856
      2.86334    0.0533427   0.00652499
      2.86478    0.0591180   0.00716476
      2.86622    0.0622703   0.00997300
      2.86766    0.0604052    0.0106943
      2.86910    0.0583429    0.0102195
      2.87054    0.0558759    0.0125220
      2.87198    0.0209723    0.0147157
      2.87342    0.0344357   0.00857110
      2.87486    0.0589479   0.00582757
      2.87629    0.0577316   0.00528649
      2.87773    0.0630653   0.00641116
      2.87917    0.0611880   0.00586375
      2.88061    0.0498952   0.00570576
      2.88204    0.0557810   0.00522573
      2.88348    0.0557284   0.00606808
      2.88491    0.0540765   0.00632362
      2.88635    0.0576725   0.00574021
      2.88778    0.0540955   0.00668799
      2.88921    0.0375731   0.00910436
      2.89065    0.0443944   0.00743366
      2.89208    0.0465119   0.00640015
      2.89351    0.0506520   0.00551189
      2.89495    0.0506781   0.00439438
      2.89638    0.0542996   0.00391723
      2.89781    0.0559927   0.00362783
      2.89924    0.0578028   0.00426503
      2.90067    0.0471966   0.00573814
      2.90210    0.0487060   0.00930101
      2.90353    0.0545095    0.0102484
      2.90496    0.0341954   0.00840562
      2.90638    0.0411720   0.00837269
      2.90781    0.0426985   0.00685819
      2.90924    0.0476931   0.00620350
      2.91067    0.0456988   0.00477324
      2.91209    0.0469964   0.00393413
      2.91352    0.0515895   0.00382438
      2.91495    0.0519967   0.00416489
      2.91637    0.0538610   0.00470067
      2.91780    0.0428098   0.00478384
      2.91922    0.0608489   0.00439884
      2.92065    0.0514025   0.00387646
      2.92207    0.0557056   0.00433109
      2.92350    0.0543260   0.00617830
      2.92492    0.0389174   0.00980226
      2.92634    0.0411973   0.00929353
      2.92776    0.0508049   0.00590488
      2.92919    0.0499351   0.00401253
      2.93061    0.0503273   0.00339458
      2.93203    0.0489750   0.00358315
      2.93345    0.0470424   0.00356582
      2.93487    0.0498659   0.00335324
      2.93629    0.0492013   0.00330622
      2.93771    0.0463322   0.00341520
      2.93913    0.0429241   0.00363596
      2.94055    0.0462949   0.00405041
      2.94197    0.0465646   0.00488514
      2.94339    0.0505278   0.00416352
      2.94481    0.0445693   0.00456966
      2.94623    0.0376505   0.00488858
      2.94764    0.0450855   0.00455648
      2.94906    0.0500522   0.00482434
      2.95048    0.0439048   0.00506535
      2.95189    0.0507302   0.00438654
      2.95331    0.0518238   0.00326770
      2.95473    0.0502370   0.00335947
      2.95614    0.0462261   0.00488949
      2.95756    0.0437494   0.00507109
      2.95897    0.0487607   0.00451147
      2.96039    0.0500620   0.00378703
      2.96180    0.0497919   0.00354026
      2.96322    0.0471172   0.00330948
      2.96463    0.0455840   0.00317857
      2.96604    0.0434751   0.00324342
      2.96746    0.0506144   0.00301000
      2.96887    0.0504977   0.00312430
      2.97028    0.0501770   0.00391626
      2.97170    0.0494638   0.00483721
      2.97311    0.0464629   0.00708072
      2.97452    0.0444150   0.00816443
      2.97593    0.0431073   0.00813202
      2.97734    0.0491676   0.00715465
      2.97875    0.0577974   0.00593421
      2.98016    0.0498063   0.00445357
      2.98158    0.0585873   0.00485421
      2.98299    0.0471019   0.00472482
      2.98440    0.0449517   0.00479445
      2.98581    0.0451753   0.00385921
      2.98721    0.0461444   0.00342752
      2.98862    0.0467239   0.00299307
      2.99003    0.0428416   0.00306423
      2.99144    0.0454744   0.00281613
      2.99285    0.0450021   0.00271987
      2.99426    0.0438062   0.00313558
      2.99567    0.0440434   0.00312803
      2.99707    0.0456676   0.00315260
      2.99848    0.0469778   0.00311743
      2.99989    0.0450599   0.00388719
      3.00130    0.0451630   0.00376495
      3.00270    0.0453037   0.00343055
      3.00411    0.0497786   0.00266549
      3.00552    0.0474771   0.00273047
      3.00692    0.0466417   0.00312352
      3.00833    0.0409660   0.00401151
      3.00973    0.0441636   0.00458992
      3.01114    0.0453659   0.00466259
      3.01254    0.0458015   0.00379438
      3.01395    0.0456329   0.00314453
      3.01535    0.0457860   0.00294147
      3.01676    0.0440559   0.00286309
      3.01816    0.0448598   0.00288527
      3.01957    0.0483717   0.00320704
      3.02097    0.0470303   0.00373756
      3.02238    0.0440497   0.00445199
      3.02378    0.0487175   0.00505095
      3.02518    0.0479422   0.00518229
      3.02659    0.0421661   0.00418489
      3.02799    0.0455297   0.00332069
      3.02939    0.0453794   0.00303553
      3.03080    0.0430924   0.00296506
      3.03220    0.0442411   0.00310653
      3.03360    0.0473503   0.00321840
      3.03500    0.0473802   0.00361057
      3.03640    0.0490980   0.00427797
      3.03781    0.0446584   0.00458315
      3.03921    0.0528942   0.00460735
      3.04061    0.0228626   0.00598518
      3.04201    0.0478736   0.00559420
      3.04341    0.0476951   0.00464442
      3.04481    0.0445276   0.00424169
      3.04621    0.0495687   0.00345708
      3.04761    0.0447423   0.00323135
      3.04902    0.0452575   0.00355019
      3.05042    0.0481235   0.00395055
      3.05182    0.0478870   0.00424559
      3.05322    0.0447060   0.00467283
      3.05462    0.0506675   0.00479285
      3.05602    0.0265659   0.00622013
      3.05742    0.0423130   0.00731073
      3.05882    0.0432669   0.00635983
      3.06021    0.0536288   0.00450956
      3.06161    0.0511778   0.00349732
      3.06301    0.0508980   0.00304993
      3.06441    0.0494940   0.00317909
      3.06581    0.0437091   0.00367196
      3.06721    0.0481813   0.00372490
      3.06861    0.0461616   0.00358843
      3.07001    0.0441796   0.00349124
      3.07141    0.0451177   0.00360004
      3.07280    0.0447900   0.00406987
      3.07420    0.0417071   0.00406971
      3.07560    0.0456295   0.00441557
      3.07700    0.0484696   0.00381132
      3.07840    0.0450112   0.00319554
      3.07979    0.0469815   0.00284119
      3.08119    0.0475509   0.00270219
      3.08259    0.0472888   0.00343451
      3.08399    0.0441348   0.00383289
      3.08538    0.0455265   0.00496184
      3.08678    0.0501342   0.00437583
      3.08818    0.0527667   0.00357495
      3.08958    0.0507470   0.00385078
      3.09097    0.0470377   0.00339903
      3.09237    0.0451362   0.00365439
      3.09377    0.0495583   0.00371064
      3.09516    0.0490395   0.00378759
      3.09656    0.0464841   0.00418002
      3.09796    0.0429396   0.00433167
      3.09935    0.0474329   0.00459315
      3.10075    0.0443503   0.00468834
      3.10215    0.0465840   0.00387809
      3.10354    0.0497170   0.00326566
      3.10494    0.0489784   0.00317343
      3.10633    0.0512792   0.00345082
      3.10773    0.0494733   0.00493809
      3.10913    0.0508672   0.00502975
      3.11052    0.0524975   0.00511314
      3.11192    0.0494715   0.00420592
      3.11331    0.0525700   0.00449795
      3.11471    0.0479379   0.00428555
      3.11611    0.0484798   0.00423365
      3.11750    0.0506848   0.00384510
      3.11890    0.0459896   0.00374268
      3.12029    0.0478814   0.00328117
      3.12169    0.0469797   0.00279651
      3.12308    0.0492723   0.00232839
      3.12448    0.0482520   0.00249464
      3.12588    0.0489518   0.00261348
      3.12727    0.0497228   0.00295025
      3.12867    0.0497590   0.00403831
      3.13006    0.0491549   0.00514902
      3.13146    0.0459321   0.00514326
      3.13285    0.0474041   0.00396838
      3.13425    0.0472339   0.00303050
      3.13564    0.0488302   0.00241828
      3.13704    0.0498527   0.00222098
      3.13843    0.0515265   0.00235934
      3.13983    0.0520557   0.00271921
      3.14122    0.0500076   0.00282662
      3.14262    0.0491275   0.00349480
      3.14401    0.0476166   0.00359751
      3.14541    0.0496711   0.00317906
      3.14680    0.0508097   0.00301307
      3.14820    0.0485633   0.00353968
      3.14959    0.0475050   0.00391869
      3.15099    0.0527557   0.00353078
      3.15238    0.0534976   0.00303002
      3.15378    0.0516316   0.00247361
      3.15517    0.0510748   0.00232161
      3.15657    0.0513100   0.00276908
      3.15796    0.0507684   0.00285760
      3.15936    0.0492298   0.00282512
      3.16075    0.0487277   0.00303432
      3.16215    0.0507018   0.00252153
      3.16354    0.0527919   0.00257024
      3.16494    0.0534105   0.00231184
      3.16633    0.0533068   0.00220590
      3.16773    0.0516734   0.00209872
      3.16912    0.0507928   0.00252130
      3.17052    0.0512640   0.00249243
      3.17191    0.0525926   0.00248639
      3.17331    0.0535785   0.00227819
      3.17470    0.0564834   0.00241346
      3.17610    0.0548973   0.00263123
      3.17749    0.0531261   0.00287400
      3.17889    0.0515490   0.00261286
      3.18028    0.0510119   0.00245270
      3.18168    0.0520988   0.00232475
      3.18307    0.0525989   0.00246512
      3.18447    0.0508156   0.00294541
      3.18586    0.0542821   0.00304152
      3.18726    0.0540654   0.00295206
      3.18865    0.0538240   0.00263124
      3.19005    0.0528294   0.00261036
      3.19144    0.0561715   0.00292578
      3.19284    0.0539790   0.00314987
      3.19423    0.0506165   0.00496434
      3.19563    0.0530188   0.00447805
      3.19702    0.0572538   0.00372951
      3.19842    0.0582952   0.00336448
      3.19981    0.0548062   0.00456938
      3.20121    0.0549845   0.00572505
      3.20261    0.0532676   0.00599003
      3.20400    0.0513786   0.00571619
      3.20540    0.0540754   0.00587626
      3.20679    0.0542186   0.00554083
      3.20819    0.0563697   0.00626039
      3.20958    0.0536621   0.00687497
      3.21098    0.0551955   0.00858951
      3.21238    0.0532397   0.00949822
      3.21377    0.0550341   0.00769843
      3.21517    0.0598738   0.00615711
      3.21656    0.0613931   0.00528232
      3.21796    0.0590909   0.00474727
      3.21936    0.0625551   0.00452171
      3.22075    0.0576903   0.00393197
      3.22215    0.0541513   0.00487748
      3.22355    0.0580432   0.00576243
      3.22494    0.0536315   0.00886126
      3.22634    0.0531646   0.00922620
      3.22773    0.0569389   0.00722685
      3.22913    0.0624100   0.00534830
      3.23053    0.0565268   0.00583593
      3.23192    0.0587799   0.00797465
      3.23332    0.0599934   0.00668583
      3.23472    0.0587569   0.00422344
      3.23612    0.0574729   0.00293525
      3.23751    0.0591126   0.00292250
      3.23891    0.0589020   0.00303444
      3.24031    0.0583654   0.00335666
      3.24170    0.0586458   0.00455885
      3.24310    0.0578605   0.00428714
      3.24450    0.0588258   0.00402917
      3.24590    0.0552141   0.00465883
      3.24729    0.0596334   0.00664705
      3.24869    0.0625101   0.00745611
      3.25009    0.0635742   0.00714455
      3.25149    0.0582838   0.00525921
      3.25288    0.0649869   0.00389695
      3.25428    0.0630162   0.00285084
      3.25568    0.0588433   0.00260780
      3.25708    0.0600826   0.00242938
      3.25848    0.0625977   0.00279224
      3.25988    0.0632699   0.00347842
      3.26127    0.0620430   0.00546548
      3.26267    0.0597631   0.00673343
      3.26407    0.0572725   0.00674881
      3.26547    0.0601026   0.00446310
      3.26687    0.0628563   0.00374459
      3.26827    0.0569560   0.00335134
      3.26967    0.0564507   0.00418149
      3.27106    0.0643129   0.00541743
      3.27246    0.0602309   0.00650458
      3.27386    0.0596621   0.00546580
      3.27526    0.0622599   0.00346511
      3.27666    0.0622025   0.00308920
      3.27806    0.0626583   0.00278546
      3.27946    0.0631886   0.00330163
      3.28086    0.0615685   0.00398505
      3.28226    0.0590341   0.00425885
      3.28366    0.0624802   0.00327891
      3.28506    0.0608562   0.00243893
      3.28646    0.0599163   0.00239349
      3.28786    0.0607047   0.00249368
      3.28926    0.0603603   0.00240911
      3.29066    0.0646541   0.00256018
      3.29206    0.0646492   0.00277942
      3.29346    0.0633452   0.00325331
      3.29486    0.0651210   0.00380175
      3.29627    0.0638369   0.00468812
      3.29767    0.0685805   0.00540788
      3.29907    0.0690624   0.00634240
      3.30047    0.0652958   0.00674996
      3.30187    0.0715416   0.00562061
      3.30327    0.0740971   0.00412116
      3.30467    0.0689973   0.00361901
      3.30608    0.0678740   0.00362946
      3.30748    0.0669312   0.00368244
      3.30888    0.0650099   0.00353029
      3.31028    0.0651789   0.00338724
      3.31168    0.0640631   0.00412689
      3.31309    0.0642118   0.00513006
      3.31449    0.0648395   0.00818927
      3.31589    0.0908101    0.0206427
      3.31729   -0.0315207    0.0471146
      3.31870   -0.0224931    0.0392004
      3.32010    0.0506180    0.0222036
      3.32150    0.0726697    0.0143713
      3.32291    0.0693939   0.00984525
      3.32431    0.0723493   0.00647410
      3.32571    0.0696542   0.00443709
      3.32712    0.0672572   0.00364220
      3.32852    0.0679891   0.00388871
      3.32992    0.0639846   0.00380180
      3.33133    0.0656404   0.00334114
      3.33273    0.0683588   0.00278802
      3.33414    0.0640544   0.00239942
      3.33554    0.0626638   0.00260338
      3.33694    0.0613888   0.00238769
      3.33835    0.0651935   0.00275061
      3.33975    0.0654955   0.00282199
      3.34116    0.0641265   0.00305395
      3.34256    0.0640931   0.00324194
      3.34397    0.0665956   0.00308783
      3.34537    0.0643567   0.00313864
      3.34678    0.0631899   0.00390841
      3.34819    0.0649639   0.00387097
      3.34959    0.0643583   0.00326454
      3.35100    0.0653184   0.00269270
      3.35240    0.0644733   0.00273753
      3.35381    0.0654882   0.00248572
      3.35522    0.0649868   0.00310836
      3.35662    0.0631682   0.00331463
      3.35803    0.0668388   0.00416182
      3.35943    0.0695775   0.00391008
      3.36084    0.0639658   0.00313475
      3.36225    0.0659150   0.00304710
      3.36366    0.0648849   0.00322130
      3.36506    0.0658376   0.00292521
      3.36647    0.0674254   0.00281071
      3.36788    0.0674466   0.00309772
      3.36928    0.0687053   0.00332912
      3.37069    0.0684482   0.00384147
      3.37210    0.0704342   0.00334172
      3.37351    0.0661407   0.00292654
      3.37492    0.0660235   0.00269552
      3.37632    0.0662365   0.00262728
      3.37773    0.0647899   0.00278895
      3.37914    0.0667688   0.00325211
      3.38055    0.0672049   0.00349760
      3.38196    0.0650426   0.00386482
      3.38337    0.0677404   0.00350475
      3.38478    0.0668583   0.00324510
      3.38619    0.0684649   0.00308927
      3.38760    0.0691943   0.00264703
      3.38901    0.0674196   0.00263542
      3.39042    0.0667358   0.00262537
      3.39183    0.0681815   0.00314169
      3.39324    0.0659081   0.00366091
      3.39465    0.0651413   0.00364445
      3.39606    0.0640750   0.00301832
      3.39747    0.0647205   0.00261079
      3.39888    0.0678857   0.00242589
      3.40029    0.0697547   0.00237341
      3.40170    0.0693938   0.00262226
      3.40311    0.0677358   0.00294978
      3.40452    0.0640193   0.00381891
      3.40593    0.0673130   0.00422865
      3.40734    0.0709370   0.00382198
      3.40876    0.0672869   0.00340426
      3.41017    0.0658036   0.00330630
      3.41158    0.0702704   0.00282558
      3.41299    0.0707428   0.00297374
      3.41440    0.0679963   0.00287648
      3.41582    0.0653821   0.00372278
      3.41723    0.0650779   0.00373941
      3.41864    0.0682706   0.00331692
      3.42005    0.0702935   0.00285184
      3.42147    0.0702847   0.00264645
      3.42288    0.0698047   0.00243138
      3.42429    0.0706893   0.00250511
      3.42571    0.0710188   0.00247092
      3.42712    0.0712194   0.00293703
      3.42853    0.0723377   0.00356110
      3.42995    0.0735423   0.00365230
      3.43136    0.0732820   0.00308167
      3.43278    0.0726333   0.00262247
      3.43419    0.0690976   0.00266136
      3.43560    0.0696403   0.00247110
      3.43702    0.0703476   0.00244042
      3.43843    0.0690152   0.00261082
      3.43985    0.0698466   0.00270281
      3.44126    0.0696488   0.00306943
      3.44268    0.0707147   0.00328252
      3.44409    0.0725150   0.00264732
      3.44551    0.0692549   0.00237507
      3.44693    0.0703747   0.00245721
      3.44834    0.0698110   0.00256769
      3.44976    0.0650410   0.00254115
      3.45117    0.0696905   0.00260711
      3.45259    0.0690337   0.00290548
      3.45401    0.0699606   0.00299128
      3.45542    0.0708360   0.00299613
      3.45684    0.0703301   0.00309856
      3.45826    0.0705624   0.00242488
      3.45967    0.0698475   0.00214742
      3.46109    0.0699635   0.00245950
      3.46251    0.0696476   0.00232245
      3.46392    0.0699903   0.00227404
      3.46534    0.0693471   0.00271643
      3.46676    0.0685005   0.00285214
      3.46818    0.0677473   0.00275637
      3.46959    0.0675886   0.00257890
      3.47101    0.0716005   0.00217601
      3.47243    0.0730438   0.00220970
      3.47385    0.0740530   0.00214835
      3.47527    0.0707617   0.00257062
      3.47669    0.0685257   0.00214115
      3.47810    0.0713844   0.00251818
      3.47952    0.0699315   0.00245211
      3.48094    0.0713592   0.00265571
      3.48236    0.0720388   0.00280198
      3.48378    0.0748516   0.00231640
      3.48520    0.0732739   0.00239917
      3.48662    0.0720127   0.00219763
      3.48804    0.0706863   0.00225999
      3.48946    0.0702594   0.00244063
      3.49088    0.0696714   0.00246233
      3.49230    0.0673228   0.00265272
      3.49372    0.0701986   0.00262311
      3.49514    0.0695445   0.00237415
      3.49656    0.0702229   0.00252514
      3.49798    0.0708764   0.00270734
      3.49940    0.0727410   0.00255402
      3.50082    0.0719975   0.00211189
      3.50225    0.0714115   0.00241574
      3.50367    0.0708746   0.00258919
      3.50509    0.0733421   0.00236886
      3.50651    0.0707919   0.00254323
      3.50793    0.0703432   0.00235499
      3.50935    0.0743981   0.00223463
      3.51077    0.0725437   0.00239889
      3.51220    0.0711388   0.00236609
      3.51362    0.0724252   0.00244961
      3.51504    0.0718186   0.00215648
      3.51646    0.0713578   0.00233386
      3.51789    0.0715228   0.00214086
      3.51931    0.0708687   0.00227434
      3.52073    0.0739052   0.00218741
      3.52216    0.0724428   0.00213342
      3.52358    0.0701862   0.00221064
      3.52500    0.0704034   0.00224983
      3.52642    0.0721955   0.00220844
      3.52785    0.0699484   0.00220503
      3.52927    0.0719040   0.00211161
      3.53070    0.0739295   0.00233674
      3.53212    0.0711183   0.00231531
      3.53354    0.0743724   0.00215071
      3.53497    0.0734860   0.00224971
      3.53639    0.0709203   0.00241076
      3.53782    0.0725026   0.00236604
      3.53924    0.0735987   0.00248554
      3.54067    0.0737086   0.00237552
      3.54209    0.0716092   0.00224693
      3.54351    0.0713914   0.00248889
      3.54494    0.0728648   0.00280737
      3.54636    0.0723709   0.00248141
      3.54779    0.0735351   0.00230959
      3.54922    0.0731126   0.00262034
      3.55064    0.0723387   0.00232574
      3.55207    0.0705824   0.00215222
      3.55349    0.0723669   0.00229197
      3.55492    0.0720237   0.00231037
      3.55634    0.0703152   0.00249434
      3.55777    0.0713351   0.00222176
      3.55920    0.0714639   0.00211474
      3.56062    0.0722765   0.00263267
      3.56205    0.0752211   0.00244831
      3.56347    0.0746643   0.00226044
      3.56490    0.0715098   0.00222492
      3.56633    0.0718298   0.00239430
      3.56775    0.0737473   0.00229217
      3.56918    0.0784704   0.00241979
      3.57061    0.0736665   0.00241076
      3.57204    0.0696960   0.00284125
      3.57346    0.0732813   0.00250560
      3.57489    0.0695123   0.00237656
      3.57632    0.0701611   0.00243122
      3.57774    0.0730211   0.00264318
      3.57917    0.0733728   0.00237721
      3.58060    0.0716304   0.00265487
      3.58203    0.0738349   0.00230209
      3.58346    0.0719996   0.00244574
      3.58488    0.0735880   0.00261373
      3.58631    0.0750093   0.00238653
      3.58774    0.0762973   0.00246338
      3.58917    0.0783190   0.00263259
      3.59060    0.0746254   0.00230763
      3.59202    0.0718696   0.00231036
      3.59345    0.0729678   0.00248530
      3.59488    0.0746596   0.00229329
      3.59631    0.0730139   0.00233205
      3.59774    0.0738522   0.00231353
      3.59917    0.0741863   0.00253213
      3.60060    0.0740389   0.00235613
      3.60203    0.0757779   0.00239712
      3.60346    0.0746751   0.00236011
      3.60488    0.0734393   0.00238548
      3.60631    0.0723626   0.00233721
      3.60774    0.0724431   0.00257255
      3.60917    0.0757420   0.00251728
      3.61060    0.0760501   0.00242868
      3.61203    0.0768550   0.00257555
      3.61346    0.0777481   0.00256006
      3.61489    0.0768542   0.00261150
      3.61632    0.0766422   0.00270568
      3.61775    0.0756981   0.00236314
      3.61918    0.0763113   0.00236819
      3.62061    0.0764688   0.00244343
      3.62204    0.0741191   0.00231956
      3.62347    0.0730319   0.00242505
      3.62490    0.0760388   0.00235390
      3.62633    0.0756646   0.00246820
      3.62776    0.0747408   0.00265571
      3.62919    0.0773784   0.00234273
      3.63062    0.0748840   0.00247100
      3.63205    0.0746673   0.00255139
      3.63348    0.0748006   0.00260411
      3.63492    0.0759183   0.00249304
      3.63635    0.0745344   0.00231773
      3.63778    0.0757513   0.00248690
      3.63921    0.0755472   0.00235830
      3.64064    0.0749727   0.00210258
      3.64207    0.0752412   0.00202251
      3.64350    0.0758069   0.00240056
      3.64493    0.0754996   0.00226955
      3.64636    0.0741135   0.00234928
      3.64779    0.0735422   0.00219086
      3.64923    0.0758377   0.00222290
      3.65066    0.0758895   0.00234831
      3.65209    0.0757018   0.00238625
      3.65352    0.0754333   0.00261416
      3.65495    0.0766871   0.00236651
      3.65638    0.0768329   0.00231510
      3.65781    0.0762190   0.00233893
      3.65925    0.0759135   0.00234270
      3.66068    0.0734485   0.00222805
      3.66211    0.0735086   0.00244297
      3.66354    0.0754891   0.00215366
      3.66497    0.0770952   0.00228277
      3.66640    0.0772373   0.00244339
      3.66784    0.0779505   0.00229031
      3.66927    0.0768602   0.00232486
      3.67070    0.0765047   0.00231526
      3.67213    0.0752864   0.00232414
      3.67356    0.0734857   0.00228845
      3.67499    0.0733951   0.00238240
      3.67643    0.0751373   0.00255561
      3.67786    0.0733883   0.00229559
      3.67929    0.0749949   0.00247432
      3.68072    0.0731324   0.00247019
      3.68215    0.0751013   0.00215945
      3.68359    0.0756115   0.00233314
      3.68502    0.0772897   0.00227827
      3.68645    0.0753526   0.00226695
      3.68788    0.0750334   0.00218717
      3.68931    0.0764173   0.00204998
      3.69075    0.0732841   0.00241204
      3.69218    0.0752403   0.00244495
      3.69361    0.0766996   0.00243979
      3.69504    0.0762692   0.00237397
      3.69647    0.0768374   0.00228026
      3.69791    0.0758868   0.00239466
      3.69934    0.0756961   0.00224329
      3.70077    0.0743796   0.00235332
      3.70220    0.0744464   0.00250703
      3.70363    0.0733878   0.00215361
      3.70507    0.0725525   0.00234044
      3.70650    0.0773510   0.00243864
      3.70793    0.0774377   0.00230984
      3.70936    0.0767350   0.00224527
      3.71079    0.0750044   0.00238066
      3.71223    0.0751613   0.00234577
      3.71366    0.0749135   0.00219247
      3.71509    0.0731769   0.00239430
      3.71652    0.0723363   0.00224639
      3.71795    0.0745511   0.00230036
      3.71939    0.0792967   0.00228836
      3.72082    0.0777244   0.00257374
      3.72225    0.0790897   0.00247420
      3.72368    0.0775628   0.00261992
      3.72511    0.0746524   0.00227982
      3.72654    0.0748914   0.00246185
      3.72798    0.0468461   0.00241891
      3.72941    0.0714061   0.00230840
      3.73084    0.0755158   0.00221048
      3.73227    0.0781479   0.00238699
      3.73370    0.0774956   0.00239201
      3.73513    0.0775471   0.00217901
      3.73656    0.0760240   0.00223666
      3.73800    0.0747408   0.00242093
      3.73943    0.0753908   0.00225660
      3.74086    0.0793322   0.00225356
      3.74229    0.0828150   0.00289608
      3.74372    0.0841213   0.00245073
      3.74515    0.0822712   0.00258442
      3.74658    0.0804819   0.00234969
      3.74801    0.0804383   0.00238494
      3.74944    0.0821083   0.00234888
      3.75088    0.0810560   0.00240397
      3.75231    0.0789280   0.00240680
      3.75374    0.0788460   0.00208127
      3.75517    0.0764732   0.00234467
      3.75660    0.0728120   0.00235125
      3.75803    0.0768880   0.00247129
      3.75946    0.0760571   0.00242532
      3.76089    0.0774496   0.00228289
      3.76232    0.0740878   0.00222524
      3.76375    0.0694482   0.00250745
      3.76518    0.0758051   0.00241722
      3.76661    0.0764778   0.00248664
      3.76804    0.0756902   0.00251909
      3.76947    0.0763760   0.00270915
      3.77090    0.0767923   0.00253853
      3.77233    0.0768504   0.00248514
      3.77376    0.0780374   0.00240717
      3.77519    0.0769240   0.00254201
      3.77662    0.0733642   0.00250739
      3.77805    0.0735270   0.00249876
      3.77948    0.0738357   0.00256620
      3.78090    0.0701130   0.00255142
      3.78233    0.0735222   0.00273370
      3.78376    0.0756104   0.00251463
      3.78519    0.0777142   0.00244039
      3.78662    0.0788551   0.00240613
      3.78805    0.0748328   0.00235053
      3.78948    0.0755360   0.00241730
      3.79090    0.0770856   0.00236576
      3.79233    0.0763938   0.00297197
      3.79376    0.0772678   0.00255833
      3.79519    0.0783347   0.00244942
      3.79662    0.0765675   0.00258749
      3.79804    0.0743322   0.00259380
      3.79947    0.0757731   0.00233338
      3.80090    0.0783223   0.00247420
      3.80233    0.0783880   0.00261304
      3.80375    0.0791097   0.00255385
      3.80518    0.0794900   0.00251932
      3.80661    0.0789421   0.00248665
      3.80803    0.0788314   0.00255578
      3.80946    0.0755641   0.00241130
      3.81089    0.0762448   0.00239483
      3.81231    0.0759135   0.00246877
      3.81374    0.0764483   0.00256591
      3.81516    0.0799957   0.00281276
      3.81659    0.0781466   0.00252437
      3.81802    0.0746743   0.00270440
      3.81944    0.0776402   0.00251520
      3.82087    0.0796695   0.00240186
      3.82229    0.0816155   0.00241390
      3.82372    0.0765950   0.00234472
      3.82514    0.0772234   0.00219943
      3.82657    0.0798505   0.00264581
      3.82799    0.0768413   0.00248730
      3.82941    0.0787929   0.00297652
      3.83084    0.0813100   0.00255212
      3.83226    0.0806284   0.00262120
      3.83369    0.0771057   0.00272701
      3.83511    0.0756510   0.00266240
      3.83653    0.0796153   0.00265300
      3.83795    0.0777508   0.00255417
      3.83938    0.0798126   0.00272471
      3.84080    0.0816404   0.00281847
      3.84222    0.0787598   0.00261991
      3.84365    0.0800015   0.00215419
      3.84507    0.0781143   0.00283372
      3.84649    0.0815260   0.00273513
      3.84791    0.0783217   0.00271720
      3.84933    0.0771088   0.00305900
      3.85075    0.0786161   0.00266126
      3.85217    0.0796493   0.00239664
      3.85360    0.0760122   0.00269686
      3.85502    0.0748674   0.00273111
      3.85644    0.0751871   0.00268943
      3.85786    0.0747086   0.00288670
      3.85928    0.0781287   0.00265411
      3.86070    0.0776973   0.00266686
      3.86212    0.0782110   0.00263235
      3.86353    0.0788819   0.00262639
      3.86495    0.0785439   0.00283504
      3.86637    0.0780245   0.00242931
      3.86779    0.0757883   0.00264251
      3.86921    0.0756504   0.00275298
      3.87063    0.0769255   0.00289378
      3.87204    0.0779824   0.00277636
      3.87346    0.0757470   0.00292714
      3.87488    0.0743141   0.00285692
      3.87630    0.0785061   0.00336619
      3.87771    0.0797234   0.00373198
      3.87913    0.0766473   0.00323552
      3.88055    0.0797669   0.00283941
      3.88196    0.0791126   0.00310264
      3.88338    0.0766721   0.00306365
      3.88479    0.0789735   0.00288524
      3.88621    0.0748527   0.00308277
      3.88762    0.0801416   0.00307653
      3.88904    0.0809027   0.00329997
      3.89045    0.0781677   0.00282426
      3.89186    0.0792029   0.00302858
      3.89328    0.0764754   0.00266390
      3.89469    0.0760278   0.00262164
      3.89610    0.0755804   0.00266440
      3.89752    0.0782760   0.00287009
      3.89893    0.0817128   0.00274751
      3.90034    0.0805143   0.00260726
      3.90175    0.0790498   0.00280212
      3.90316    0.0773026   0.00284853
      3.90458    0.0789601   0.00283887
      3.90599    0.0774368   0.00328304
      3.90740    0.0776569   0.00325404
      3.90881    0.0771715   0.00300608
      3.91022    0.0739567   0.00300350
      3.91163    0.0769478   0.00374727
      3.91304    0.0805050   0.00301140
      3.91445    0.0790985   0.00310345
      3.91585    0.0741082   0.00328003
      3.91726    0.0830189   0.00309164
      3.91867    0.0806833   0.00347974
      3.92008    0.0834614   0.00338142
      3.92148    0.0846512   0.00312149
      3.92289    0.0801729   0.00349782
      3.92430    0.0784385   0.00285052
      3.92570    0.0801755   0.00333189
      3.92711    0.0842960   0.00333393
      3.92852    0.0818718   0.00318685
      3.92992    0.0805902   0.00266822
      3.93132    0.0814627   0.00290973
      3.93273    0.0796262   0.00313540
      3.93413    0.0751334   0.00289204
      3.93554    0.0764846   0.00287448
      3.93694    0.0811728   0.00292993
      3.93834    0.0784279   0.00278424
      3.93975    0.0803860   0.00272917
      3.94115    0.0813491   0.00291268
      3.94255    0.0793120   0.00314406
      3.94395    0.0813431   0.00274171
      3.94535    0.0786023   0.00308455
      3.94675    0.0802905   0.00267424
      3.94815    0.0790001   0.00275993
      3.94955    0.0777735   0.00300855
      3.95095    0.0805399   0.00294475
      3.95235    0.0771229   0.00329107
      3.95375    0.0775223   0.00270202
      3.95515    0.0769796   0.00284723
      3.95654    0.0758276   0.00284217
      3.95794    0.0768846   0.00335808
      3.95934    0.0830242   0.00295983
      3.96073    0.0818321   0.00289084
      3.96213    0.0829656   0.00323037
      3.96352    0.0806826   0.00296748
      3.96492    0.0815321   0.00314020
      3.96631    0.0784549   0.00282664
      3.96771    0.0764177   0.00289101
      3.96910    0.0788369   0.00279883
      3.97050    0.0791912   0.00315132
      3.97189    0.0744294   0.00278551
      3.97328    0.0724004   0.00296845
      3.97467    0.0781690   0.00277115
      3.97606    0.0792047   0.00298253
      3.97745    0.0810080   0.00267653
      3.97885    0.0771237   0.00282071
      3.98024    0.0818754   0.00313642
      3.98162    0.0788516   0.00316482
      3.98301    0.0778159   0.00268689
      3.98440    0.0778962   0.00276024
      3.98579    0.0786380   0.00264285
      3.98718    0.0810887   0.00292715
      3.98856    0.0801443   0.00293303
      3.98995    0.0800166   0.00296938
      3.99134    0.0767081   0.00303016
      3.99272    0.0738234   0.00274093
      3.99411    0.0803510   0.00318582
      3.99549    0.0770474   0.00295474
      3.99688    0.0791232   0.00283966
      3.99826    0.0798287   0.00250515
      3.99964    0.0778282   0.00292728
      4.00103    0.0781485   0.00296233
      4.00241    0.0775940   0.00292840
      4.00379    0.0809359   0.00313581
      4.00517    0.0806632   0.00327881
      4.00655    0.0773536   0.00306706
      4.00793    0.0790829   0.00317263
      4.00931    0.0794614   0.00300460
      4.01069    0.0802063   0.00299477
      4.01207    0.0804363   0.00297409
      4.01344    0.0798003   0.00310695
      4.01482    0.0768972   0.00337983
      4.01620    0.0774787   0.00321448
      4.01757    0.0768573   0.00326131
      4.01895    0.0766386   0.00286590
      4.02032    0.0794178   0.00314540
      4.02170    0.0784061   0.00322124
      4.02307    0.0768675   0.00304627
      4.02444    0.0763293   0.00287697
      4.02582    0.0780645   0.00328266
      4.02719    0.0803934   0.00294955
      4.02856    0.0868108   0.00325990
      4.02993    0.0834951   0.00287218
      4.03130    0.0793668   0.00305744
      4.03267    0.0796768   0.00277387
      4.03404    0.0794205   0.00310112
      4.03541    0.0779041   0.00357592
      4.03678    0.0809260   0.00302991
      4.03814    0.0792723   0.00356855
      4.03951    0.0765224   0.00368534
      4.04087    0.0828059   0.00315595
      4.04224    0.0797594   0.00335963
      4.04360    0.0834222   0.00373684
      4.04497    0.0789158   0.00370488
      4.04633    0.0730465   0.00393488
      4.04769    0.0720291   0.00376786
      4.04906    0.0792721   0.00370455
      4.05042    0.0819525   0.00358903
      4.05178    0.0836537   0.00414425
      4.05314    0.0788553   0.00348453
      4.05450    0.0812770   0.00351331
      4.05586    0.0836251   0.00334406
      4.05722    0.0856179   0.00294258
      4.05857    0.0846072   0.00368710
      4.05993    0.0845614   0.00356943
      4.06129    0.0838846   0.00404420
      4.06264    0.0832158   0.00335827
      4.06400    0.0818463   0.00343825
      4.06535    0.0788793   0.00311584
      4.06670    0.0846791   0.00347815
      4.06806    0.0794935   0.00379118
      4.06941    0.0767061   0.00336034
      4.07076    0.0790809   0.00314965
      4.07211    0.0785810   0.00333760
      4.07346    0.0808411   0.00354259
      4.07481    0.0767997   0.00336724
      4.07616    0.0747200   0.00405311
      4.07750    0.0747936   0.00345643
      4.07885    0.0807693   0.00373398
      4.08020    0.0776744   0.00391572
      4.08154    0.0777349   0.00363305
      4.08289    0.0794115   0.00334650
      4.08423    0.0815998   0.00363836
      4.08558    0.0843332   0.00352291
      4.08692    0.0811323   0.00393717
      4.08826    0.0800918   0.00408296
      4.08960    0.0815614   0.00456265
      4.09094    0.0832680   0.00334559
      4.09228    0.0791285   0.00397704
      4.09362    0.0792832   0.00376465
      4.09496    0.0762264   0.00377904
      4.09629    0.0824766   0.00416438
      4.09763    0.0797150   0.00414983
      4.09897    0.0824514   0.00395565
      4.10030    0.0798139   0.00376175
      4.10164    0.0792673   0.00409647
      4.10297    0.0774379   0.00428986
      4.10430    0.0802778   0.00396498
      4.10563    0.0849864   0.00412937
      4.10696    0.0822804   0.00405494
      4.10829    0.0805742   0.00387205
      4.10962    0.0795330   0.00388096
      4.11095    0.0760253   0.00395624
      4.11228    0.0771842   0.00398873
      4.11361    0.0768482   0.00423243
      4.11493    0.0832028   0.00440021
      4.11626    0.0815676   0.00412273
      4.11758    0.0726235   0.00440141
      4.11890    0.0772584   0.00398550
      4.12023    0.0797118   0.00404976
      4.12155    0.0911535   0.00427146
      4.12287    0.0811525   0.00415903
      4.12419    0.0775144   0.00453504
      4.12551    0.0765424   0.00431941
      4.12683    0.0725702   0.00409060
      4.12814    0.0769020   0.00399676
      4.12946    0.0785772   0.00394249
      4.13078    0.0758648   0.00460642
      4.13209    0.0806174   0.00386045
      4.13341    0.0788498   0.00429912
      4.13472    0.0770848   0.00404968
      4.13603    0.0772870   0.00438080
      4.13734    0.0789119   0.00384146
      4.13865    0.0843413   0.00396721
      4.13996    0.0756333   0.00512601
      4.14127    0.0789123   0.00429313
      4.14258    0.0771472   0.00424845
      4.14388    0.0706696   0.00521167
      4.14519    0.0801747   0.00450576
      4.14650    0.0765632   0.00487798
      4.14780    0.0791663   0.00438128
      4.14910    0.0779225   0.00478086
      4.15040    0.0797890   0.00475368
      4.15171    0.0775517   0.00534703
      4.15301    0.0806909   0.00499085
      4.15430    0.0830253   0.00411014
      4.15560    0.0773446   0.00515462
      4.15690    0.0782258   0.00510188
      4.15820    0.0813754   0.00514610
      4.15949    0.0843197   0.00512783
      4.16079    0.0788278   0.00549003
      4.16208    0.0839982   0.00528784
      4.16337    0.0890712   0.00609964
      4.16466    0.0813533   0.00695031
      4.16595    0.0801819   0.00666861
      4.16724    0.0758430   0.00708108
      4.16853    0.0710015   0.00638259
      4.16982    0.0740943   0.00680347
      4.17110    0.0793201   0.00684090
      4.17239    0.0761011   0.00763188
      4.17367    0.0856656   0.00704753
      4.17496    0.0843407   0.00839800
      4.17624    0.0727171   0.00893866
      4.17752    0.0934793   0.00976090
      4.17880    0.0639992    0.0106500
      4.18008    0.0727278    0.0112218
      4.18136    0.0703831    0.0156281
      4.18264    0.0623925    0.0207781
      4.18391    0.0820515    0.0297850
      4.18519    0.0732224    0.0468282
      4.18646   -0.0437210    0.0887044
      4.18773    -0.260465     0.249295
      4.18901      1.03550      1.78028
      4.19028    -0.607483      6.99400
      4.19155     0.537671      1.05397
      4.19281     -2.27748      2.10121
      4.19408     -1.07076     0.777631
      4.19535    -0.924128     0.583377
      4.19661    -0.394256      1.03807
      4.19788     -2.98123      9.32310
      4.19914     -4.86250      6.03933
      4.20040    -0.870041      5.96639
      4.20166    -0.408744     0.487683
      4.20292    -0.606997     0.959473
      4.20418    -0.482151     0.566102
      4.20544    -0.247669     0.528027
      4.20670     0.101388     0.616656
      4.20795    -0.125116     0.656283
      4.20921   -0.0613690     0.652498
      4.21046    -0.309820     0.627602
      4.21171     0.256541     0.830302
      4.21296     0.375402     0.906225
      4.21421     0.284343     0.864109
      4.21546   -0.0315494     0.902721
      4.21670    -0.190798     0.708733
      4.21795    0.0214665     0.706327
      4.21920    -0.569423      1.31200
      4.22044    -0.134212     0.639702
      4.22168    -0.263455     0.817358
      4.22292    -0.285966     0.749949
      4.22416     0.176520     0.644669
      4.22540    0.0367372     0.741815
      4.22664     0.922249      3.42231
      4.22788     0.280288     0.937849
      4.22911   -0.0440626      1.03908
      4.23034   -0.0876325     0.747689
      4.23158    0.0780178     0.775232
      4.23281     0.401314     0.748644
      4.23404     0.119075      1.01801
      4.23527    -0.324641      2.26102
      4.23650     -2.14774      2.46017
      4.23772   -0.0881944      1.85782
      4.23895      1.12659      12.6469
      4.24017     -1.82370      13.5071
      4.24139    -0.836964      2.62478
      4.24261      3.37504      11.6351
      4.24383     0.588550      9.88232
      4.24505      0.00000      1.49443
