SOURCE  = Chameleon IRN                 / Source name
STANDARD= BS 5041                       / Standard name
OBSDATE = 08-01-2001                    / Date of observation
SPOS    = 11:08:38.6  -77:44:28.1       / Source position RA,DEC,J2000
STPOS   = 13:24:00.4  -64:32:46.3       / Standard position RA,DEC,J2000
STSPT   = G6II                          / Standard spectral type
STTEFF  = 5800                          / Standard effective temperature [K]
STMAG   = 2.533                         / Standard magnitude (adopted)
WAVEZP  = 3.45                          / Wavelength zero point [micron]
FLUXZP  = 290                           / Flux zero point [Jy]
SAIRM   = 1.67                          / Source mean airmass
STAIRM  = 1.58                          / Standard mean airmass
AIRMCORR= 1.15                          / Optimal (adopted) airmass correction
SPECRES = ~600                          / Spectral resolution

Created by E. Dartois and K. Pontoppidan (c)

Wavelength [micron] Flux [Jy] Statistical Error [Jy]

      2.82174      0.00000     0.996991
      2.82314     0.342038     0.982122
      2.82454    0.0532635     0.541987
      2.82595    0.0513423     0.329060
      2.82735   -0.0289132     0.256122
      2.82875    0.0975363     0.271581
      2.83015    -0.196764     0.400412
      2.83156      2.25777      1.12732
      2.83296      45.0897      7.02252
      2.83436      52.2869      73.4566
      2.83577      3.12900      6.96011
      2.83717      1.53003      1.94785
      2.83857     0.651470     0.450877
      2.83998    0.0824532     0.190315
      2.84138   -0.0962173     0.128103
      2.84279   -0.0138064     0.115717
      2.84419    0.0241981     0.156963
      2.84560  -0.00246490     0.350714
      2.84700     0.732257     0.670023
      2.84841     0.469588     0.682629
      2.84982     0.602052     0.571313
      2.85122    -0.352234     0.823608
      2.85263    0.0230439     0.878088
      2.85404     0.436360     0.472327
      2.85544    -0.288119     0.309449
      2.85685     0.328481     0.233355
      2.85826    0.0178658     0.154340
      2.85966    0.0310932     0.105476
      2.86107    0.0379111    0.0781046
      2.86248    0.0348873    0.0738363
      2.86389 -0.000201483    0.0919369
      2.86530     0.117076     0.133095
      2.86670     0.262951     0.213878
      2.86811     0.229672     0.272904
      2.86952    0.0894755     0.208840
      2.87093   -0.0144162    0.0974104
      2.87234    0.0170026    0.0597268
      2.87375    0.0465911    0.0494499
      2.87516    0.0400996    0.0493688
      2.87657    0.0395112    0.0533478
      2.87798    0.0115653    0.0523512
      2.87939   0.00884370    0.0488392
      2.88080     0.111552    0.0522434
      2.88221    0.0218622    0.0557531
      2.88362    0.0758955    0.0612663
      2.88503   0.00552054    0.0675591
      2.88644   0.00855421    0.0704502
      2.88785    0.0110918    0.0686891
      2.88926     0.156639    0.0537152
      2.89068    0.0636815    0.0400340
      2.89209    0.0146148    0.0314986
      2.89350    0.0566116    0.0262295
      2.89491    0.0257341    0.0251851
      2.89632    0.0915100    0.0291791
      2.89774    0.0917303    0.0422328
      2.89915    0.0353443    0.0760006
      2.90056    0.0480158     0.121522
      2.90198   -0.0365501     0.117981
      2.90339   -0.0221738    0.0966542
      2.90480    0.0186429    0.0773513
      2.90622   0.00281781    0.0505339
      2.90763    0.0525771    0.0352980
      2.90904    0.0158238    0.0296916
      2.91046   0.00883066    0.0296474
      2.91187    0.0688590    0.0318711
      2.91329   0.00174671    0.0345050
      2.91470  -0.00188548    0.0314080
      2.91612    0.0301861    0.0278741
      2.91753    0.0432708    0.0287373
      2.91895    0.0945540    0.0330325
      2.92036    0.0262063    0.0509182
      2.92178    0.0343128    0.0739251
      2.92319    0.0206723    0.0484685
      2.92461    0.0388006    0.0302937
      2.92602    0.0418912    0.0242524
      2.92744    0.0173819    0.0222731
      2.92886    0.0478728    0.0215203
      2.93027    0.0485744    0.0208078
      2.93169    0.0527380    0.0200942
      2.93310    0.0723026    0.0203086
      2.93452    0.0310319    0.0218961
      2.93594    0.0438576    0.0253946
      2.93736    0.0460905    0.0311365
      2.93877    0.0108139    0.0337412
      2.94019    0.0520866    0.0345081
      2.94161   0.00706006    0.0345356
      2.94303  -0.00498737    0.0362249
      2.94444   0.00811055    0.0362422
      2.94586    0.0167228    0.0325710
      2.94728  0.000709550    0.0279321
      2.94870    0.0368920    0.0234663
      2.95011    0.0409460    0.0225974
      2.95153    0.0577529    0.0274504
      2.95295  -0.00288640    0.0339705
      2.95437   0.00512587    0.0326637
      2.95579   0.00640315    0.0262328
      2.95721  0.000734834    0.0233100
      2.95863   0.00818710    0.0224360
      2.96005   0.00746137    0.0222322
      2.96147  -0.00860716    0.0202892
      2.96289    0.0251090    0.0194769
      2.96431    0.0426118    0.0197679
      2.96572    0.0216364    0.0237959
      2.96714    0.0406804    0.0352971
      2.96856    0.0167121    0.0622034
      2.96998   -0.0472967    0.0938094
      2.97140    0.0549682    0.0990731
      2.97283    0.0214461    0.0732154
      2.97425  -0.00809076    0.0509597
      2.97567   0.00166474    0.0410785
      2.97709    0.0164475    0.0383099
      2.97851   0.00232446    0.0376240
      2.97993    0.0454780    0.0330252
      2.98135    0.0191679    0.0250517
      2.98277    0.0165101    0.0206056
      2.98419    0.0135710    0.0185692
      2.98561    0.0383048    0.0175134
      2.98704    0.0670696    0.0165076
      2.98846    0.0545968    0.0164532
      2.98988    0.0522103    0.0169893
      2.99130    0.0617278    0.0186379
      2.99272    0.0693122    0.0205106
      2.99414    0.0501660    0.0225662
      2.99557    0.0379680    0.0246244
      2.99699    0.0288834    0.0248497
      2.99841   0.00501558    0.0206722
      2.99983    0.0319776    0.0178733
      3.00126    0.0276832    0.0172387
      3.00268    0.0506402    0.0198570
      3.00410    0.0267115    0.0252113
      3.00552    0.0442558    0.0310945
      3.00695    0.0139649    0.0289017
      3.00837    0.0137314    0.0226860
      3.00979    0.0103729    0.0186134
      3.01122    0.0358499    0.0173524
      3.01264    0.0350307    0.0176970
      3.01406    0.0637780    0.0191218
      3.01549    0.0434997    0.0214711
      3.01691    0.0646641    0.0258218
      3.01833    0.0550717    0.0353390
      3.01976    0.0102982    0.0399555
      3.02118   0.00962030    0.0321838
      3.02261   0.00757855    0.0234598
      3.02403    0.0107283    0.0183868
      3.02545    0.0389907    0.0166336
      3.02688    0.0310419    0.0169949
      3.02830    0.0406042    0.0180664
      3.02973 -3.03454e-05    0.0201394
      3.03115    0.0507092    0.0233290
      3.03258   0.00376323    0.0263389
      3.03400   0.00985639    0.0287801
      3.03543  0.000844294    0.0337049
      3.03685    0.0351449    0.0408918
      3.03828    0.0120721    0.0383405
      3.03970   0.00420821    0.0283854
      3.04113   0.00329237    0.0232535
      3.04255   0.00972813    0.0219322
      3.04398    0.0541742    0.0225265
      3.04540   0.00942640    0.0254260
      3.04683 -0.000696918    0.0281051
      3.04825    0.0573395    0.0314206
      3.04968    0.0221888    0.0398599
      3.05110    0.0242377    0.0496774
      3.05253    0.0166887    0.0668297
      3.05395   -0.0488139    0.0683465
      3.05538   -0.0266583    0.0443420
      3.05681  -0.00433405    0.0266395
      3.05823    0.0138783    0.0203811
      3.05966   0.00521838    0.0191964
      3.06108    0.0248147    0.0217286
      3.06251    0.0128789    0.0254086
      3.06394    0.0271108    0.0260387
      3.06536    0.0155474    0.0243118
      3.06679    0.0181477    0.0246726
      3.06822  -0.00735774    0.0270556
      3.06964    0.0151312    0.0306094
      3.07107    0.0122819    0.0332611
      3.07249  -0.00739703    0.0277763
      3.07392  -0.00675633    0.0213992
      3.07535    0.0138444    0.0175082
      3.07677    0.0522727    0.0166071
      3.07820    0.0496629    0.0185168
      3.07963    0.0424303    0.0241691
      3.08106    0.0169681    0.0330774
      3.08248    0.0858292    0.0357892
      3.08391    0.0276440    0.0306170
      3.08534    0.0267313    0.0267363
      3.08676    0.0187491    0.0260090
      3.08819   -0.0178058    0.0252297
      3.08962    0.0326927    0.0255833
      3.09105   0.00343252    0.0277709
      3.09247    0.0120903    0.0304542
      3.09390   0.00394301    0.0377257
      3.09533    0.0395408    0.0412801
      3.09676  -0.00862436    0.0381860
      3.09818    0.0323042    0.0295218
      3.09961   0.00675562    0.0228191
      3.10104    0.0352363    0.0204861
      3.10247    0.0355264    0.0222273
      3.10389    0.0118281    0.0315383
      3.10532    0.0578834    0.0422752
      3.10675    0.0185885    0.0408484
      3.10818    0.0180540    0.0367770
      3.10961   0.00793086    0.0374910
      3.11103  0.000607131    0.0367352
      3.11246    0.0317662    0.0333981
      3.11389    0.0144142    0.0296303
      3.11532    0.0279085    0.0267334
      3.11675    0.0197854    0.0208557
      3.11817    0.0457067    0.0160725
      3.11960    0.0510675    0.0143016
      3.12103    0.0735852    0.0142318
      3.12246    0.0640134    0.0155886
      3.12389    0.0853614    0.0197004
      3.12532    0.0155627    0.0300315
      3.12674    0.0307549    0.0441499
      3.12817    0.0691276    0.0337703
      3.12960    0.0792678    0.0214260
      3.13103    0.0444836    0.0159239
      3.13246    0.0417121    0.0140851
      3.13389    0.0713368    0.0135733
      3.13532    0.0652958    0.0134356
      3.13674    0.0762607    0.0145085
      3.13817    0.0432415    0.0176118
      3.13960    0.0209001    0.0217270
      3.14103    0.0521479    0.0215646
      3.14246    0.0520216    0.0191927
      3.14389    0.0251810    0.0203752
      3.14532    0.0521888    0.0241450
      3.14675    0.0484215    0.0269205
      3.14817    0.0357497    0.0222376
      3.14960    0.0488151    0.0173664
      3.15103    0.0552842    0.0152650
      3.15246    0.0788312    0.0150628
      3.15389    0.0536561    0.0161418
      3.15532    0.0575931    0.0182157
      3.15675    0.0581995    0.0184501
      3.15818    0.0672230    0.0167551
      3.15961    0.0553911    0.0148936
      3.16104    0.0809265    0.0135383
      3.16246    0.0604132    0.0124946
      3.16389    0.0495875    0.0120100
      3.16532    0.0753186    0.0121217
      3.16675    0.0918183    0.0123998
      3.16818    0.0926757    0.0124482
      3.16961    0.0948212    0.0125768
      3.17104    0.0929923    0.0132292
      3.17247    0.0916760    0.0143088
      3.17390    0.0941405    0.0148407
      3.17533    0.0956129    0.0141333
      3.17676    0.0754849    0.0132559
      3.17819    0.0898574    0.0125993
      3.17962    0.0888854    0.0129293
      3.18104    0.0907503    0.0140991
      3.18247    0.0981397    0.0155823
      3.18390    0.0936231    0.0156452
      3.18533     0.103821    0.0146356
      3.18676    0.0954804    0.0137615
      3.18819    0.0987579    0.0142332
      3.18962     0.115185    0.0173970
      3.19105    0.0986160    0.0248766
      3.19248  0.000201759    0.0306843
      3.19391     0.101232    0.0255347
      3.19534    0.0981328    0.0217161
      3.19677    0.0805916    0.0246272
      3.19820    0.0986927    0.0371228
      3.19963   -0.0172912    0.0514908
      3.20106   -0.0219754    0.0512622
      3.20249    0.0332084    0.0495370
      3.20392   -0.0322985    0.0520200
      3.20535    0.0306967    0.0530671
      3.20678   -0.0140745    0.0668004
      3.20820  -0.00932176    0.0996321
      3.20963    0.0505258     0.121816
      3.21106    0.0200391     0.113054
      3.21249  -0.00203915    0.0762358
      3.21392    0.0157100    0.0544943
      3.21535    0.0148959    0.0455662
      3.21678    0.0330597    0.0420893
      3.21821    0.0252924    0.0355985
      3.21964    0.0193428    0.0327169
      3.22107    0.0461198    0.0369044
      3.22250     0.125504    0.0605652
      3.22393   -0.0230157     0.117355
      3.22536     0.100944    0.0949700
      3.22679    0.0576873    0.0592604
      3.22822    0.0632366    0.0483591
      3.22965    0.0399895    0.0549180
      3.23108    0.0416279    0.0548616
      3.23251    0.0996252    0.0314864
      3.23394     0.105759    0.0193705
      3.23537     0.117403    0.0153692
      3.23680     0.139307    0.0150168
      3.23823    0.0833729    0.0170047
      3.23966     0.131471    0.0208415
      3.24109     0.146076    0.0237971
      3.24252     0.170322    0.0241638
      3.24394     0.119737    0.0293731
      3.24537     0.162452    0.0495719
      3.24680    0.0181478    0.0770981
      3.24823    0.0191920    0.0706614
      3.24966    0.0893033    0.0403084
      3.25109    0.0733744    0.0229243
      3.25252     0.133907    0.0158467
      3.25395     0.139270    0.0134030
      3.25538     0.140561    0.0129501
      3.25681     0.138286    0.0136432
      3.25824     0.171026    0.0161932
      3.25967     0.119119    0.0240919
      3.26110     0.170566    0.0452664
      3.26253     0.110083    0.0592875
      3.26396     0.118051    0.0375590
      3.26539     0.141632    0.0259092
      3.26682     0.148500    0.0225788
      3.26825     0.151260    0.0254768
      3.26968     0.166907    0.0333959
      3.27111    0.0688092    0.0401715
      3.27254     0.108707    0.0335940
      3.27396     0.128277    0.0214477
      3.27539     0.144430    0.0163286
      3.27682     0.169013    0.0154691
      3.27825     0.149324    0.0177062
      3.27968     0.137936    0.0216563
      3.28111     0.132883    0.0208689
      3.28254     0.142161    0.0158298
      3.28397     0.153124    0.0130762
      3.28540     0.154803    0.0121192
      3.28683     0.155764    0.0117684
      3.28826     0.157501    0.0118087
      3.28969     0.159496    0.0124981
      3.29112     0.165604    0.0139652
      3.29255     0.204263    0.0171390
      3.29398     0.213977    0.0227207
      3.29540     0.142263    0.0348391
      3.29683     0.149128    0.0529413
      3.29826    0.0867691    0.0605367
      3.29969    0.0974461    0.0524741
      3.30112     0.121045    0.0329604
      3.30255     0.185488    0.0238838
      3.30398     0.207501    0.0211684
      3.30541     0.166883    0.0210578
      3.30684    0.0976668    0.0206983
      3.30827     0.106539    0.0201993
      3.30970     0.208637    0.0218718
      3.31113     0.166251    0.0242984
      3.31255     0.196983    0.0310341
      3.31398     0.118972    0.0638871
      3.31541   -0.0659072     0.243354
      3.31684     0.556557     0.425628
      3.31827    0.0923382     0.325772
      3.31970    0.0122243     0.200205
      3.32113    0.0280207     0.105428
      3.32256   -0.0164570    0.0553031
      3.32399    0.0260191    0.0334446
      3.32541     0.157763    0.0250972
      3.32684     0.181501    0.0241541
      3.32827     0.175594    0.0247994
      3.32970     0.212643    0.0211476
      3.33113     0.197973    0.0159612
      3.33256     0.187105    0.0137783
      3.33399     0.199645    0.0133088
      3.33542     0.208301    0.0132049
      3.33685     0.191844    0.0136670
      3.33827     0.193274    0.0154080
      3.33970     0.142582    0.0197521
      3.34113     0.237307    0.0219725
      3.34256     0.212016    0.0199789
      3.34399     0.204190    0.0191314
      3.34542     0.214691    0.0202562
      3.34685     0.206706    0.0219114
      3.34827     0.216950    0.0183983
      3.34970     0.216622    0.0152627
      3.35113     0.213193    0.0145530
      3.35256     0.207603    0.0152937
      3.35399     0.231499    0.0164355
      3.35542     0.217306    0.0201894
      3.35685     0.153294    0.0235354
      3.35827     0.228173    0.0216900
      3.35970     0.219986    0.0187107
      3.36113     0.220363    0.0177966
      3.36256     0.179687    0.0185859
      3.36399     0.198834    0.0172937
      3.36542     0.211663    0.0155977
      3.36684     0.217847    0.0157312
      3.36827     0.245261    0.0176108
      3.36970     0.137179    0.0191620
      3.37113     0.200326    0.0170738
      3.37256     0.213011    0.0151420
      3.37398     0.230711    0.0138946
      3.37541     0.212580    0.0134097
      3.37684     0.224641    0.0141290
      3.37827     0.234660    0.0154073
      3.37970     0.235103    0.0167191
      3.38113     0.252681    0.0190857
      3.38255     0.232059    0.0185686
      3.38398     0.227272    0.0168713
      3.38541     0.228107    0.0153754
      3.38684     0.220770    0.0136097
      3.38827     0.211613    0.0125034
      3.38969     0.223969    0.0129038
      3.39112     0.238710    0.0144537
      3.39255     0.238197    0.0159801
      3.39398     0.220761    0.0149314
      3.39540     0.215676    0.0132183
      3.39683     0.228405    0.0123595
      3.39826     0.212718    0.0117210
      3.39969     0.219620    0.0115740
      3.40112     0.231002    0.0121199
      3.40254     0.240452    0.0140754
      3.40397     0.224886    0.0175116
      3.40540     0.226000    0.0199967
      3.40683     0.255953    0.0189668
      3.40825     0.225794    0.0179869
      3.40968     0.229713    0.0167185
      3.41111     0.227001    0.0151038
      3.41254     0.239526    0.0142297
      3.41396     0.256041    0.0149527
      3.41539     0.254818    0.0156998
      3.41682     0.254350    0.0156445
      3.41825     0.226116    0.0137739
      3.41967     0.231674    0.0121903
      3.42110     0.223081    0.0116698
      3.42253     0.233428    0.0115725
      3.42396     0.232669    0.0117636
      3.42538     0.238112    0.0126550
      3.42681     0.237450    0.0143244
      3.42824     0.266527    0.0153481
      3.42966     0.239609    0.0141372
      3.43109     0.204642    0.0124470
      3.43252     0.214377    0.0118259
      3.43395     0.228071    0.0117324
      3.43537     0.232742    0.0116104
      3.43680     0.236339    0.0116069
      3.43823     0.230109    0.0122002
      3.43966     0.251645    0.0131214
      3.44108     0.246302    0.0134452
      3.44251     0.227369    0.0125514
      3.44394     0.202804    0.0117738
      3.44536     0.232572    0.0115888
      3.44679     0.232933    0.0115918
      3.44822     0.232093    0.0113735
      3.44964     0.234727    0.0113933
      3.45107     0.239559    0.0118718
      3.45250     0.237686    0.0127078
      3.45392     0.222284    0.0130892
      3.45535     0.225659    0.0125109
      3.45678     0.228189    0.0117250
      3.45820     0.231731    0.0112046
      3.45963     0.227405    0.0110093
      3.46106     0.237463    0.0109641
      3.46249     0.239664    0.0111154
      3.46391     0.247530    0.0116020
      3.46534     0.220573    0.0120715
      3.46677     0.222633    0.0118494
      3.46819     0.232788    0.0111536
      3.46962     0.237618    0.0108143
      3.47105     0.243398    0.0108741
      3.47247     0.227796    0.0110631
      3.47390     0.245807    0.0111662
      3.47533     0.249621    0.0112781
      3.47675     0.240609    0.0114511
      3.47818     0.246879    0.0115402
      3.47960     0.245458    0.0112979
      3.48103     0.243961    0.0109935
      3.48246     0.230448    0.0108263
      3.48388     0.240886    0.0107810
      3.48531     0.250798    0.0108425
      3.48674     0.256690    0.0110609
      3.48816     0.248128    0.0112977
      3.48959     0.245609    0.0114072
      3.49102     0.252966    0.0113426
      3.49244     0.244138    0.0111375
      3.49387     0.247742    0.0109113
      3.49529     0.245230    0.0107156
      3.49672     0.249718    0.0106654
      3.49815     0.254966    0.0107446
      3.49957     0.253419    0.0108061
      3.50100     0.238626    0.0108414
      3.50243     0.260388    0.0108531
      3.50385     0.266136    0.0108502
      3.50528     0.269467    0.0106653
      3.50670     0.259444    0.0105531
      3.50813     0.250730    0.0105850
      3.50956     0.264449    0.0106422
      3.51098     0.269536    0.0106554
      3.51241     0.259826    0.0106318
      3.51383     0.258664    0.0106130
      3.51526     0.263876    0.0106046
      3.51669     0.263883    0.0105582
      3.51811     0.262101    0.0105323
      3.51954     0.259733    0.0105203
      3.52097     0.276623    0.0105334
      3.52239     0.267544    0.0104999
      3.52382     0.257821    0.0105277
      3.52524     0.266865    0.0106380
      3.52667     0.281311    0.0108108
      3.52810     0.276152    0.0108945
      3.52952     0.278247    0.0108776
      3.53095     0.284457    0.0109732
      3.53237     0.276984    0.0111987
      3.53380     0.262668    0.0114556
      3.53522     0.288391    0.0116603
      3.53665     0.280774    0.0117204
      3.53808     0.278184    0.0118499
      3.53950     0.287184    0.0121541
      3.54093     0.277638    0.0121978
      3.54235     0.280427    0.0119454
      3.54378     0.289199    0.0117911
      3.54521     0.276526    0.0117014
      3.54663     0.273044    0.0115913
      3.54806     0.278742    0.0113412
      3.54948     0.281882    0.0111811
      3.55091     0.287852    0.0112664
      3.55233     0.291516    0.0114608
      3.55376     0.284454    0.0115616
      3.55519     0.282714    0.0114109
      3.55661     0.282623    0.0112451
      3.55804     0.290181    0.0112447
      3.55946     0.277228    0.0111493
      3.56089     0.282840    0.0109351
      3.56231     0.288392    0.0108128
      3.56374     0.289644    0.0110041
      3.56517     0.288477    0.0113288
      3.56659     0.290339    0.0115604
      3.56802     0.292567    0.0116332
      3.56944     0.297078    0.0116478
      3.57087     0.299077    0.0117787
      3.57230     0.318547    0.0121209
      3.57372     0.296952    0.0123096
      3.57515     0.289380    0.0120627
      3.57657     0.296795    0.0115727
      3.57800     0.294315    0.0113728
      3.57942     0.306211    0.0114690
      3.58085     0.305435    0.0116580
      3.58228     0.299526    0.0116855
      3.58370     0.301260    0.0116687
      3.58513     0.296059    0.0117883
      3.58655     0.302804    0.0117959
      3.58798     0.298529    0.0116804
      3.58940     0.299931    0.0116379
      3.59083     0.300270    0.0116549
      3.59226     0.301253    0.0116345
      3.59368     0.307098    0.0114088
      3.59511     0.305705    0.0112623
      3.59653     0.302847    0.0112733
      3.59796     0.304168    0.0112500
      3.59938     0.303794    0.0111516
      3.60081     0.303888    0.0110434
      3.60224     0.303223    0.0109238
      3.60366     0.318618    0.0111709
      3.60509     0.324801    0.0115337
      3.60651     0.319019    0.0116600
      3.60794     0.313307    0.0114293
      3.60936     0.304646    0.0112394
      3.61079     0.303376    0.0113675
      3.61222     0.315213    0.0114587
      3.61364     0.311057    0.0113281
      3.61507     0.306308    0.0111694
      3.61649     0.310340    0.0110869
      3.61792     0.305817    0.0109530
      3.61935     0.317452    0.0107882
      3.62077     0.317647    0.0107599
      3.62220     0.315432    0.0107804
      3.62362     0.325357    0.0109751
      3.62505     0.308331    0.0111677
      3.62648     0.316611    0.0111937
      3.62790     0.321496    0.0110520
      3.62933     0.318162    0.0110231
      3.63075     0.312132    0.0112024
      3.63218     0.322209    0.0112958
      3.63361     0.322560    0.0112079
      3.63503     0.320141    0.0110848
      3.63646     0.317329    0.0109219
      3.63788     0.311623    0.0109377
      3.63931     0.325267    0.0109307
      3.64074     0.327702    0.0108602
      3.64216     0.316641    0.0108316
      3.64359     0.322543    0.0110194
      3.64501     0.332026    0.0112812
      3.64644     0.328516    0.0113309
      3.64787     0.319560    0.0111003
      3.64929     0.320539    0.0109870
      3.65072     0.326191    0.0110423
      3.65215     0.321011    0.0109801
      3.65357     0.327925    0.0108508
      3.65500     0.327374    0.0108806
      3.65642     0.323394    0.0108698
      3.65785     0.323717    0.0109309
      3.65928     0.321344    0.0108668
      3.66070     0.332117    0.0108657
      3.66213     0.322843    0.0108903
      3.66356     0.322544    0.0110263
      3.66498     0.329514    0.0113982
      3.66641     0.339305    0.0118622
      3.66784     0.328286    0.0120626
      3.66926     0.337002    0.0123216
      3.67069     0.335130    0.0129056
      3.67212     0.338093    0.0136656
      3.67354     0.338786    0.0138743
      3.67497     0.355234    0.0137586
      3.67640     0.337337    0.0134872
      3.67782     0.332199    0.0132340
      3.67925     0.334178    0.0131684
      3.68068     0.333121    0.0131005
      3.68210     0.335804    0.0127286
      3.68353     0.333263    0.0122119
      3.68496     0.334336    0.0120773
      3.68638     0.337570    0.0120613
      3.68781     0.321676    0.0118637
      3.68924     0.329943    0.0115878
      3.69067     0.335245    0.0114615
      3.69209     0.340991    0.0113830
      3.69352     0.330339    0.0112857
      3.69495     0.336399    0.0112518
      3.69638     0.331957    0.0112254
      3.69780     0.332571    0.0111737
      3.69923     0.332486    0.0110515
      3.70066     0.340702    0.0109735
      3.70209     0.342420    0.0109136
      3.70351     0.344709    0.0110262
      3.70494     0.345570    0.0111900
      3.70637     0.347749    0.0114267
      3.70780     0.337269    0.0115841
      3.70922     0.340491    0.0116440
      3.71065     0.351417    0.0116326
      3.71208     0.357936    0.0117009
      3.71351     0.350441    0.0117384
      3.71493     0.349566    0.0116926
      3.71636     0.346430    0.0116679
      3.71779     0.339857    0.0116065
      3.71922     0.338458    0.0114157
      3.72065     0.339638    0.0113723
      3.72207     0.344157    0.0113614
      3.72350     0.361392    0.0113667
      3.72493     0.352588    0.0114097
      3.72636     0.357992    0.0115543
      3.72779     0.367677    0.0116668
      3.72922     0.366436    0.0117974
      3.73065     0.351068    0.0118068
      3.73207     0.350334    0.0119741
      3.73350     0.361088    0.0122299
      3.73493     0.369712    0.0122825
      3.73636     0.350049    0.0121700
      3.73779     0.342843    0.0122087
      3.73922     0.350796    0.0122573
      3.74065     0.346398    0.0122426
      3.74208     0.342452    0.0119887
      3.74350     0.336972    0.0117727
      3.74493     0.344680    0.0117267
      3.74636     0.353749    0.0118717
      3.74779     0.356566    0.0120365
      3.74922     0.352935    0.0121095
      3.75065     0.345221    0.0119804
      3.75208     0.343870    0.0119584
      3.75351     0.349149    0.0121198
      3.75494     0.349747    0.0122497
      3.75637     0.354150    0.0122643
      3.75780     0.353208    0.0125271
      3.75923     0.354971    0.0125688
      3.76066     0.364688    0.0125830
      3.76209     0.355362    0.0127035
      3.76352     0.350062    0.0127442
      3.76495     0.348680    0.0126792
      3.76638     0.353794    0.0125541
      3.76781     0.357729    0.0126262
      3.76924     0.363921    0.0128494
      3.77067     0.348426    0.0129245
      3.77210     0.350148    0.0127822
      3.77353     0.360378    0.0126047
      3.77496     0.348127    0.0123984
      3.77639     0.351179    0.0123313
      3.77782     0.355431    0.0124372
      3.77925     0.357366    0.0126921
      3.78069     0.355133    0.0126792
      3.78212     0.358302    0.0126376
      3.78355     0.387329    0.0124798
      3.78498     0.365710    0.0123909
      3.78641     0.360707    0.0126601
      3.78784     0.363285    0.0131229
      3.78927     0.352459    0.0133028
      3.79071     0.354020    0.0129815
      3.79214     0.358087    0.0128186
      3.79357     0.372488    0.0126783
      3.79500     0.374706    0.0126349
      3.79643     0.352649    0.0126733
      3.79787     0.363723    0.0127416
      3.79930     0.359332    0.0126251
      3.80073     0.365255    0.0125577
      3.80216     0.355864    0.0124557
      3.80359     0.351767    0.0123654
      3.80503     0.346565    0.0122568
      3.80646     0.355187    0.0124282
      3.80789     0.364550    0.0127109
      3.80933     0.355825    0.0130584
      3.81076     0.356561    0.0132506
      3.81219     0.359176    0.0132841
      3.81363     0.357311    0.0130039
      3.81506     0.363006    0.0127865
      3.81649     0.359529    0.0128098
      3.81793     0.358689    0.0128601
      3.81936     0.357983    0.0128013
      3.82079     0.359942    0.0127229
      3.82223     0.355954    0.0126567
      3.82366     0.358630    0.0125511
      3.82509     0.359256    0.0124153
      3.82653     0.357840    0.0123727
      3.82796     0.361899    0.0122815
      3.82940     0.355038    0.0123706
      3.83083     0.362912    0.0125982
      3.83227     0.374741    0.0131348
      3.83370     0.358865    0.0132939
      3.83514     0.372149    0.0130777
      3.83657     0.379131    0.0128018
      3.83801     0.382190    0.0127864
      3.83944     0.374992    0.0129487
      3.84088     0.357398    0.0132488
      3.84231     0.372880    0.0134497
      3.84375     0.374222    0.0134932
      3.84518     0.360844    0.0132775
      3.84662     0.372386    0.0130855
      3.84806     0.354821    0.0129776
      3.84949     0.362319    0.0130546
      3.85093     0.375564    0.0131461
      3.85237     0.368145    0.0133017
      3.85380     0.370951    0.0134451
      3.85524     0.384816    0.0135815
      3.85668     0.362976    0.0136380
      3.85811     0.363340    0.0137730
      3.85955     0.371802    0.0138992
      3.86099     0.376842    0.0141706
      3.86242     0.377771    0.0144457
      3.86386     0.374294    0.0148476
      3.86530     0.379307    0.0151935
      3.86674     0.380066    0.0153512
      3.86818     0.399719    0.0153813
      3.86961     0.385314    0.0155541
      3.87105     0.372857    0.0157395
      3.87249     0.368837    0.0159230
      3.87393     0.366437    0.0160567
      3.87537     0.363835    0.0162661
      3.87681     0.366711    0.0164530
      3.87824     0.378844    0.0166398
      3.87968     0.372820    0.0167363
      3.88112     0.382712    0.0168124
      3.88256     0.271249    0.0167691
      3.88400     0.345756    0.0168730
      3.88544     0.363203    0.0168808
      3.88688     0.374774    0.0169524
      3.88832     0.373111    0.0169608
      3.88976     0.370643    0.0167642
      3.89120     0.381084    0.0165533
      3.89264     0.394733    0.0164070
      3.89408     0.388723    0.0161929
      3.89552     0.376405    0.0160607
      3.89697     0.378812    0.0158496
      3.89841     0.373104    0.0156584
      3.89985     0.377767    0.0154388
      3.90129     0.388766    0.0154239
      3.90273     0.388756    0.0154519
      3.90417     0.377530    0.0156023
      3.90561     0.374209    0.0157301
      3.90706     0.386718    0.0159397
      3.90850     0.396521    0.0161130
      3.90994     0.389958    0.0161807
      3.91138     0.378014    0.0159772
      3.91283     0.369435    0.0159607
      3.91427     0.375661    0.0160054
      3.91571     0.387689    0.0161733
      3.91716     0.374442    0.0161535
      3.91860     0.368377    0.0162558
      3.92004     0.365242    0.0162975
      3.92149     0.370667    0.0163523
      3.92293     0.375520    0.0163651
      3.92438     0.380011    0.0167528
      3.92582     0.377588    0.0163367
      3.92727     0.370279    0.0162711
      3.92871     0.374296    0.0161108
      3.93016     0.375527    0.0160489
      3.93160     0.370775    0.0160259
      3.93305     0.369413    0.0159661
      3.93449     0.367367    0.0158266
      3.93594     0.382697    0.0157690
      3.93738     0.373122    0.0156862
      3.93883     0.369370    0.0156314
      3.94028     0.364921    0.0155202
      3.94172     0.368761    0.0154928
      3.94317     0.367766    0.0153938
      3.94462     0.353047    0.0152917
      3.94606     0.358214    0.0151375
      3.94751     0.362048    0.0151159
      3.94896     0.353987    0.0150867
      3.95041     0.382028    0.0151545
      3.95185     0.364439    0.0151155
      3.95330     0.374945    0.0150686
      3.95475     0.368466    0.0149550
      3.95620     0.368473    0.0149465
      3.95765     0.379465    0.0148880
      3.95910     0.373082    0.0149204
      3.96055     0.361225    0.0147999
      3.96200     0.365765    0.0148044
      3.96345     0.364034    0.0147837
      3.96490     0.360593    0.0148213
      3.96635     0.373720    0.0148430
      3.96780     0.394303    0.0149210
      3.96925     0.377023    0.0149169
      3.97070     0.352176    0.0149826
      3.97215     0.340347    0.0150204
      3.97360     0.333486    0.0151579
      3.97505     0.346073    0.0151814
      3.97650     0.361663    0.0152441
      3.97796     0.359942    0.0152915
      3.97941     0.364674    0.0154501
      3.98086     0.378243    0.0154395
      3.98231     0.363378    0.0154929
      3.98377     0.376328    0.0155141
      3.98522     0.399200    0.0160005
      3.98667     0.364904    0.0163537
      3.98813     0.365481    0.0156899
      3.98958     0.362830    0.0156688
      3.99103     0.376961    0.0156944
      3.99249     0.362574    0.0156365
      3.99394     0.368442    0.0157149
      3.99540     0.359549    0.0157517
      3.99685     0.364033    0.0158698
      3.99831     0.367054    0.0158744
      3.99976     0.356465    0.0159988
      4.00122     0.355790    0.0160509
      4.00267     0.372603    0.0161290
      4.00413     0.351305    0.0161062
      4.00559     0.357304    0.0162793
      4.00704     0.360008    0.0165058
      4.00850     0.375746    0.0166358
      4.00996     0.378099    0.0166701
      4.01142     0.365423    0.0167674
      4.01287     0.372745    0.0169315
      4.01433     0.376785    0.0169185
      4.01579     0.360943    0.0170041
      4.01725     0.365126    0.0171668
      4.01871     0.368079    0.0172838
      4.02017     0.346549    0.0174313
      4.02163     0.337387    0.0174765
      4.02309     0.339542    0.0175574
      4.02455     0.368005    0.0175581
      4.02601     0.350465    0.0177347
      4.02747     0.352232    0.0177961
      4.02893     0.355266    0.0179973
      4.03039     0.358069    0.0181135
      4.03185     0.356565    0.0182959
      4.03331     0.346859    0.0184237
      4.03477     0.340049    0.0186758
      4.03623     0.355574    0.0189124
      4.03770     0.362932    0.0190754
      4.03916     0.371199    0.0191264
      4.04062     0.351547    0.0192685
      4.04209     0.356817    0.0194387
      4.04355     0.356486    0.0197378
      4.04501     0.350439    0.0198230
      4.04648     0.349685    0.0198759
      4.04794     0.342286    0.0198728
      4.04941     0.333221    0.0200550
      4.05087     0.334211    0.0202181
      4.05234     0.350869    0.0205389
      4.05380     0.359313    0.0207385
      4.05527     0.360597    0.0205890
      4.05674     0.354523    0.0203221
      4.05820     0.369721    0.0202799
      4.05967     0.343793    0.0203448
      4.06114     0.339298    0.0204009
      4.06260     0.356581    0.0203477
      4.06407     0.352588    0.0205197
      4.06554     0.337693    0.0207686
      4.06701     0.366778    0.0211029
      4.06848     0.342845    0.0212858
      4.06995     0.340554    0.0214916
      4.07141     0.377602    0.0217731
      4.07288     0.364526    0.0220273
      4.07435     0.341522    0.0221432
      4.07582     0.344660    0.0223896
      4.07729     0.344652    0.0227325
      4.07877     0.354885    0.0230495
      4.08024     0.341577    0.0233432
      4.08171     0.328365    0.0235501
      4.08318     0.348185    0.0237266
      4.08465     0.336037    0.0239340
      4.08613     0.352956    0.0240857
      4.08760     0.352615    0.0242373
      4.08907     0.329213    0.0244567
      4.09055     0.359505    0.0247110
      4.09202     0.339625    0.0249274
      4.09349     0.343215    0.0251043
      4.09497     0.340321    0.0253591
      4.09644     0.328792    0.0254441
      4.09792     0.342843    0.0254569
      4.09939     0.349785    0.0256617
      4.10087     0.324944    0.0257299
      4.10235     0.348185    0.0259134
      4.10382     0.340790    0.0259802
      4.10530     0.338455    0.0263001
      4.10678     0.326855    0.0263720
      4.10825     0.341789    0.0264313
      4.10973     0.338807    0.0265618
      4.11121     0.354107    0.0268349
      4.11269     0.359339    0.0270754
      4.11417     0.363462    0.0273051
      4.11565     0.357814    0.0275909
      4.11713     0.357666    0.0276295
      4.11861     0.343230    0.0277764
      4.12009     0.356817    0.0279463
      4.12157     0.361056    0.0279653
      4.12305     0.336679    0.0281129
      4.12453     0.321910    0.0283150
      4.12601     0.323054    0.0285134
      4.12750     0.340072    0.0288284
      4.12898     0.329866    0.0290944
      4.13046     0.344481    0.0293017
      4.13195     0.358014    0.0295898
      4.13343     0.327495    0.0297220
      4.13491     0.319869    0.0299796
      4.13640     0.331993    0.0303068
      4.13788     0.322189    0.0306565
      4.13937     0.314895    0.0309006
      4.14086     0.346593    0.0313138
      4.14234     0.372116    0.0316942
      4.14383     0.343732    0.0321493
      4.14532     0.177382    0.0324729
      4.14680     0.320435    0.0329140
      4.14829     0.320563    0.0333704
      4.14978     0.339149    0.0338961
      4.15127     0.335865    0.0342205
      4.15276     0.345232    0.0349513
      4.15425     0.337009    0.0356014
      4.15574     0.326160    0.0361278
      4.15723     0.350730    0.0369509
      4.15872     0.343473    0.0376916
      4.16021     0.286151    0.0386173
      4.16170     0.302500    0.0397349
      4.16319     0.231079    0.0402094
      4.16468     0.335960    0.0408803
      4.16618     0.308399    0.0421430
      4.16767     0.321050    0.0433718
      4.16916     0.210896    0.0449987
      4.17066     0.357130    0.0467413
      4.17215     0.319213    0.0488930
      4.17365     0.226949    0.0513900
      4.17514     0.354706    0.0538020
      4.17664     0.220426    0.0568887
      4.17813     0.272901    0.0600149
      4.17963     0.282518    0.0646909
      4.18113     0.298003    0.0696602
      4.18262    0.0922167    0.0769647
      4.18412     0.216148    0.0883017
      4.18562     0.369325     0.106163
      4.18712     0.212734     0.131591
      4.18862     0.185214     0.183155
      4.19012   -0.0346546     0.276363
      4.19162    -0.108473     0.467988
      4.19312    -0.135483     0.868415
      4.19462    -0.169354      2.22519
      4.19612      1.93098      11.4371
      4.19762     0.416655      7.73729
      4.19912      6.86597      21.2281
      4.20063     -20.6009      79.3819
      4.20213     -18.8797      52.2163
      4.20363      102.697      1246.72
      4.20514      15.5998      73.4710
      4.20664      4.79148      26.3944
      4.20815     -66.1661      4945.00
      4.20965      30.7543      217.167
      4.21116      285.878      34.5943
      4.21267      45.4048      49.1384
      4.21417     -33.7615      39.9362
      4.21568    -0.343675      59.8539
      4.21719     -6.31087      89.1950
      4.21870     -68.0591      7.89413
      4.22020     -14.4230      58.4202
      4.22171     -3.64792      33.4301
      4.22322     -20.4053      60.2763
      4.22473     -46.3208      112.512
      4.22624     -5.21878      68.2760
      4.22776     -62.9991      73.1617
      4.22927     -14.8797      67.5062
      4.23078     -36.5323      164.465
      4.23229     -60.1754      92.0520
      4.23381     -78.7704      34.2481
      4.23532     -29.2841      53.2337
      4.23683      33.5149      220.965
      4.23835      4.35143      133.725
      4.23986     -10.7915      57.6269
      4.24138     -99.5601      5758.09
      4.24290      14.0958      9.92954
      4.24441     -51.7247      336.032
      4.24593     -164.006      49.2247
      4.24745      42.6395      196.343
      4.24897      23.7030      1299.78
      4.25048      23.8002      78.4344
      4.25200     -43.6852      415.198
      4.25352     -63.5911      69.9853
      4.25504     -12.2519      22.3785
      4.25656      58.0061      227.229
      4.25809      124.873      77.0553
      4.25961     -80.6690      109.939
      4.26113      75.7992      1022.57
      4.26265      65.2015      110.445
      4.26418      38.9693      26.5543
      4.26570      48.7337      42.8417
      4.26722      10.8210      34.6401
      4.26875      16.1561      89.3251
      4.27028     -104.941      440.774
      4.27180     -82.8655      134.579
      4.27333     -57.8243      63.4669
      4.27486     -6.99975      12.3158
      4.27638     -16.1450      22.6585
      4.27791      44.0691      57.2889
      4.27944     -45.1621      182.387
      4.28097     -22.8024      34.8473
      4.28250      10.6528      17.3560
      4.28403    -0.251333      17.6723
      4.28556      6.79041      16.3187
      4.28709      298.593  7.73139e+06
      4.28862      36.1559      46.4381
      4.29016     -38.1879      643.500
      4.29169     -77.0325      7.48423
      4.29322     -18.8391      20.5402
      4.29476      0.00000      6.25526
