SOURCE  = Cha INa 2                     / Source name
STANDARD= BS 4773                       / Standard name
OBSDATE = 06-05-2002                    / Date of observation
SPOS    = 11:09:28.9   -76:33:46.6      / Source position RA,DEC,J2000
STPOS   = 12:32:28.2   -72:08:16.9      / Standard position RA,DEC,J2000
STSPT   = B5V                           / Standard spectral type
STTEFF  = 16400                         / Standard effective temperature [K]
STMAG   = 4.30                          / Standard magnitude (adopted)
WAVEZP  = 3.45                          / Wavelength zero point [micron]
FLUXZP  = 290                           / Flux zero point [Jy]
SAIRM   = 1.650                         / Source mean airmass
STAIRM  = 1.483                         / Standard mean airmass
AIRMCORR= 1.06                          / Optimal (adopted) airmass correction
SPECRES = ~1200                         / Spectral resolution

Created by K. M. Pontoppidan             Tue Apr 22 20:26:09 2003

Wavelength [micron] Flux [Jy] Statistical Error [Jy]

      2.81430      0.00000    0.0940243
      2.81577   -0.0938402    0.0697208
      2.81725    0.0932287    0.0364006
      2.81872     0.124195    0.0288722
      2.82020     0.139689    0.0288240
      2.82167     0.155043    0.0240004
      2.82314     0.107206    0.0164741
      2.82462     0.164149    0.0162382
      2.82609     0.183297    0.0280201
      2.82756     0.282315    0.0697086
      2.82903     0.212630     0.149066
      2.83050     0.100457     0.126825
      2.83197    0.0871388     0.103908
      2.83344     0.110383    0.0427786
      2.83490     0.108339    0.0236605
      2.83637     0.126341    0.0174353
      2.83784     0.127610    0.0122248
      2.83930     0.120099   0.00952647
      2.84077     0.167921    0.0113407
      2.84223     0.155795    0.0185621
      2.84369     0.114344    0.0304834
      2.84516     0.169697    0.0200719
      2.84662     0.137569    0.0155554
      2.84808     0.136522    0.0221829
      2.84954    0.0570547    0.0501081
      2.85100     0.181712    0.0426541
      2.85246     0.182516    0.0182628
      2.85392     0.185450    0.0130722
      2.85538     0.117401    0.0127869
      2.85683     0.156213    0.0123764
      2.85829     0.165117   0.00908311
      2.85975     0.149520   0.00764468
      2.86120     0.133286   0.00790399
      2.86266     0.142106   0.00933219
      2.86411     0.142055    0.0109108
      2.86557     0.130518    0.0108253
      2.86702     0.173207    0.0117723
      2.86847     0.158786    0.0152316
      2.86992     0.149637    0.0117531
      2.87137     0.149081   0.00697104
      2.87283     0.123162   0.00630542
      2.87428     0.125025   0.00670394
      2.87573     0.135519   0.00754203
      2.87717     0.143652   0.00685020
      2.87862     0.119854   0.00648424
      2.88007     0.102370   0.00643935
      2.88152     0.114074   0.00737905
      2.88296    0.0919320   0.00654680
      2.88441     0.128692   0.00757974
      2.88586     0.113324   0.00919217
      2.88730    0.0716690   0.00918939
      2.88874    0.0622056   0.00714036
      2.89019     0.120541   0.00647216
      2.89163     0.102290   0.00583615
      2.89307     0.103720   0.00479280
      2.89452     0.105738   0.00455608
      2.89596     0.103266   0.00460907
      2.89740     0.103594   0.00606890
      2.89884    0.0766433   0.00950596
      2.90028     0.106692    0.0104191
      2.90172     0.128446   0.00937868
      2.90316    0.0967788   0.00886092
      2.90460    0.0919550   0.00830197
      2.90603    0.0892449   0.00695568
      2.90747     0.102909   0.00565642
      2.90891    0.0953528   0.00524580
      2.91035    0.0950430   0.00450972
      2.91178    0.0964326   0.00534417
      2.91322     0.103829   0.00538140
      2.91465    0.0998159   0.00539397
      2.91609    0.0831352   0.00519401
      2.91752    0.0936144   0.00475098
      2.91895    0.0834645   0.00484178
      2.92039    0.0911274   0.00621559
      2.92182     0.104616   0.00929810
      2.92325     0.105216    0.0119299
      2.92468    0.0837946   0.00800658
      2.92611    0.0818795   0.00538086
      2.92754    0.0807652   0.00486094
      2.92897    0.0951085   0.00449736
      2.93040    0.0883367   0.00431605
      2.93183    0.0892003   0.00409203
      2.93326    0.0812063   0.00444854
      2.93469    0.0806888   0.00424823
      2.93612    0.0761929   0.00432413
      2.93755    0.0744254   0.00506500
      2.93897    0.0734431   0.00558065
      2.94040    0.0674024   0.00522470
      2.94183    0.0833674   0.00559876
      2.94325    0.0746624   0.00568269
      2.94468    0.0762629   0.00574602
      2.94610    0.0760036   0.00559316
      2.94753    0.0789871   0.00612272
      2.94895    0.0716385   0.00547165
      2.95037    0.0767553   0.00488672
      2.95180    0.0738581   0.00446619
      2.95322    0.0825530   0.00515020
      2.95464    0.0714448   0.00596591
      2.95607    0.0701299   0.00548799
      2.95749    0.0756940   0.00496107
      2.95891    0.0782733   0.00472302
      2.96033    0.0701046   0.00452789
      2.96175    0.0659341   0.00459844
      2.96317    0.0680291   0.00438263
      2.96459    0.0669631   0.00428783
      2.96601    0.0685201   0.00406128
      2.96743    0.0709588   0.00457851
      2.96885    0.0695498   0.00592918
      2.97026    0.0795272   0.00751080
      2.97168    0.0794195   0.00900103
      2.97310    0.0776866   0.00861142
      2.97452    0.0518971   0.00779051
      2.97593    0.0666842   0.00688412
      2.97735    0.0511380   0.00617416
      2.97877    0.0628479   0.00573968
      2.98018    0.0663961   0.00605710
      2.98160    0.0660419   0.00563317
      2.98301    0.0721440   0.00488881
      2.98443    0.0623996   0.00440208
      2.98584    0.0730017   0.00418344
      2.98726    0.0665791   0.00389844
      2.98867    0.0657957   0.00385798
      2.99008    0.0633193   0.00391664
      2.99150    0.0616082   0.00378731
      2.99291    0.0686070   0.00394823
      2.99432    0.0779941   0.00408101
      2.99573    0.0651833   0.00430744
      2.99715    0.0707931   0.00460227
      2.99856    0.0731951   0.00507278
      2.99997    0.0638510   0.00467395
      3.00138    0.0640719   0.00403552
      3.00279    0.0635168   0.00385881
      3.00420    0.0690512   0.00381019
      3.00561    0.0659384   0.00448807
      3.00702    0.0761688   0.00533542
      3.00843    0.0758825   0.00531577
      3.00984    0.0562344   0.00481818
      3.01125    0.0569762   0.00415223
      3.01266    0.0615235   0.00407919
      3.01407    0.0663630   0.00374171
      3.01547    0.0663364   0.00404732
      3.01688    0.0666886   0.00387148
      3.01829    0.0668635   0.00474133
      3.01970    0.0572796   0.00510623
      3.02110    0.0574697   0.00530176
      3.02251    0.0547619   0.00575543
      3.02392    0.0575627   0.00558064
      3.02532    0.0625448   0.00456591
      3.02673    0.0616063   0.00369282
      3.02813    0.0563494   0.00391383
      3.02954    0.0585736   0.00422666
      3.03095    0.0542362   0.00412961
      3.03235    0.0513737   0.00466599
      3.03376    0.0519096   0.00500806
      3.03516    0.0550709   0.00469349
      3.03656    0.0596105   0.00543257
      3.03797    0.0630389   0.00636988
      3.03937    0.0507145   0.00667484
      3.04078    0.0743356   0.00618069
      3.04218    0.0634933   0.00477928
      3.04358    0.0589372   0.00478664
      3.04499    0.0588161   0.00457327
      3.04639    0.0495864   0.00490336
      3.04779    0.0503874   0.00491042
      3.04919    0.0663653   0.00497748
      3.05060    0.0561485   0.00549064
      3.05200    0.0528357   0.00580376
      3.05340    0.0469114   0.00627999
      3.05480    0.0675447   0.00732555
      3.05620    0.0653432   0.00689419
      3.05760    0.0642097   0.00592860
      3.05900    0.0539890   0.00507039
      3.06041    0.0538161   0.00410969
      3.06181    0.0490162   0.00413803
      3.06321    0.0573333   0.00449484
      3.06461    0.0450368   0.00446231
      3.06601    0.0528563   0.00433806
      3.06741    0.0640008   0.00438378
      3.06881    0.0449247   0.00469324
      3.07021    0.0580516   0.00471734
      3.07160    0.0489275   0.00509397
      3.07300    0.0490293   0.00501299
      3.07440    0.0639551   0.00477714
      3.07580    0.0547232   0.00416986
      3.07720    0.0523247   0.00379007
      3.07860    0.0488338   0.00375533
      3.08000    0.0530549   0.00389935
      3.08140    0.0523416   0.00469776
      3.08279    0.0552889   0.00532917
      3.08419    0.0634558   0.00497647
      3.08559    0.0570123   0.00478298
      3.08699    0.0469486   0.00467176
      3.08838    0.0538199   0.00442763
      3.08978    0.0604755   0.00436815
      3.09118    0.0460076   0.00448793
      3.09258    0.0507436   0.00462182
      3.09397    0.0536072   0.00476726
      3.09537    0.0627301   0.00538276
      3.09677    0.0617200   0.00541700
      3.09816    0.0471338   0.00530574
      3.09956    0.0509679   0.00477395
      3.10096    0.0555521   0.00439138
      3.10235    0.0562685   0.00388825
      3.10375    0.0494416   0.00424733
      3.10515    0.0553198   0.00529900
      3.10654    0.0572738   0.00600537
      3.10794    0.0473271   0.00602235
      3.10933    0.0567874   0.00531576
      3.11073    0.0549166   0.00530036
      3.11212    0.0593364   0.00526033
      3.11352    0.0576320   0.00502571
      3.11491    0.0495680   0.00476925
      3.11631    0.0490564   0.00448476
      3.11770    0.0566345   0.00439063
      3.11910    0.0647059   0.00367506
      3.12049    0.0599899   0.00335136
      3.12189    0.0587266   0.00323889
      3.12328    0.0538994   0.00327638
      3.12468    0.0628482   0.00373114
      3.12607    0.0680720   0.00430709
      3.12747    0.0646064   0.00535339
      3.12886    0.0611754   0.00603245
      3.13026    0.0657919   0.00485081
      3.13165    0.0615228   0.00379823
      3.13305    0.0631274   0.00336905
      3.13444    0.0669092   0.00324282
      3.13583    0.0668846   0.00305953
      3.13723    0.0637607   0.00313124
      3.13862    0.0642673   0.00353035
      3.14002    0.0597048   0.00422004
      3.14141    0.0537715   0.00454091
      3.14280    0.0580520   0.00408896
      3.14420    0.0700538   0.00354472
      3.14559    0.0743957   0.00394575
      3.14698    0.0671227   0.00435423
      3.14838    0.0606271   0.00448826
      3.14977    0.0621820   0.00408622
      3.15116    0.0639061   0.00348668
      3.15256    0.0700419   0.00328572
      3.15395    0.0721990   0.00341989
      3.15534    0.0692113   0.00367135
      3.15674    0.0720059   0.00407820
      3.15813    0.0671165   0.00395225
      3.15952    0.0701662   0.00349000
      3.16092    0.0708748   0.00340325
      3.16231    0.0714590   0.00339293
      3.16370    0.0780427   0.00318932
      3.16510    0.0767582   0.00329461
      3.16649    0.0747510   0.00330368
      3.16788    0.0764359   0.00341706
      3.16928    0.0783441   0.00336910
      3.17067    0.0738522   0.00319619
      3.17206    0.0771439   0.00336925
      3.17346    0.0802751   0.00348121
      3.17485    0.0819876   0.00364866
      3.17624    0.0808610   0.00349068
      3.17763    0.0763134   0.00340414
      3.17903    0.0791772   0.00318823
      3.18042    0.0826467   0.00350281
      3.18181    0.0757607   0.00377788
      3.18321    0.0827202   0.00382633
      3.18460    0.0886068   0.00404327
      3.18599    0.0845952   0.00377043
      3.18739    0.0801566   0.00344387
      3.18878    0.0813375   0.00346531
      3.19017    0.0892413   0.00412993
      3.19156    0.0959290   0.00549213
      3.19296    0.0761206   0.00541953
      3.19435    0.0805406   0.00464207
      3.19574    0.0881712   0.00443881
      3.19714    0.0955696   0.00492390
      3.19853    0.0984890   0.00583384
      3.19992    0.0847899   0.00627540
      3.20132     0.100820   0.00652389
      3.20271     0.111106   0.00683440
      3.20410    0.0891678   0.00641766
      3.20550    0.0900859   0.00621842
      3.20689    0.0834961   0.00695898
      3.20828    0.0923023   0.00769587
      3.20967    0.0995022   0.00903422
      3.21107    0.0898000   0.00940242
      3.21246    0.0891649   0.00808636
      3.21385     0.109884   0.00698348
      3.21525    0.0955735   0.00599871
      3.21664    0.0943308   0.00557493
      3.21803    0.0962779   0.00517983
      3.21943     0.113771   0.00550907
      3.22082     0.101222   0.00655512
      3.22222     0.103680   0.00937748
      3.22361    0.0791573   0.00945311
      3.22500     0.121466   0.00864792
      3.22640     0.100500   0.00595387
      3.22779     0.117428   0.00643029
      3.22918     0.121972   0.00784071
      3.23058    0.0982531   0.00847336
      3.23197     0.110071   0.00568818
      3.23337     0.104026   0.00416348
      3.23476     0.114551   0.00371270
      3.23615     0.111590   0.00386335
      3.23755     0.109181   0.00429636
      3.23894    0.0991861   0.00539679
      3.24034     0.100107   0.00536045
      3.24173     0.114988   0.00538507
      3.24312     0.102629   0.00576256
      3.24452     0.109863   0.00699232
      3.24591     0.119063   0.00772554
      3.24731     0.123940   0.00799756
      3.24870     0.123785   0.00749750
      3.25010     0.112508   0.00537660
      3.25149     0.120037   0.00411366
      3.25289     0.119744   0.00360047
      3.25428     0.120607   0.00338910
      3.25568     0.123606   0.00359247
      3.25707     0.125551   0.00439916
      3.25847     0.123539   0.00573209
      3.25986     0.125098   0.00727319
      3.26126     0.130625   0.00745331
      3.26265     0.131062   0.00560088
      3.26405     0.139425   0.00433458
      3.26544     0.129309   0.00434626
      3.26684     0.131565   0.00493189
      3.26823     0.128210   0.00635739
      3.26963     0.133377   0.00752922
      3.27103     0.129868   0.00756681
      3.27242     0.132930   0.00487705
      3.27382     0.144022   0.00386046
      3.27521     0.137727   0.00363877
      3.27661     0.138779   0.00390074
      3.27801     0.141059   0.00498342
      3.27940     0.140707   0.00546641
      3.28080     0.136781   0.00461027
      3.28220     0.137443   0.00359954
      3.28359     0.137319   0.00333732
      3.28499     0.134726   0.00345080
      3.28639     0.142567   0.00330819
      3.28778     0.153409   0.00340798
      3.28918     0.149565   0.00381276
      3.29058     0.144996   0.00457245
      3.29197     0.145966   0.00486815
      3.29337     0.161219   0.00527389
      3.29477     0.169806   0.00617923
      3.29617     0.160702   0.00669647
      3.29756     0.172638   0.00714609
      3.29896     0.166871   0.00692231
      3.30036     0.176032   0.00601567
      3.30176     0.158816   0.00481827
      3.30316     0.164320   0.00471675
      3.30455     0.158058   0.00452965
      3.30595     0.166264   0.00433111
      3.30735     0.159901   0.00473058
      3.30875     0.158486   0.00523357
      3.31015     0.159611   0.00644500
      3.31155     0.134037   0.00897817
      3.31295     0.145080    0.0211901
      3.31435     0.131493    0.0710272
      3.31575    0.0330140    0.0751232
      3.31714    0.0767322    0.0455822
      3.31854     0.172071    0.0247822
      3.31994     0.164508    0.0152376
      3.32134     0.146667   0.00872756
      3.32274     0.158889   0.00729139
      3.32414     0.164574   0.00571179
      3.32554     0.170284   0.00499741
      3.32694     0.154314   0.00523767
      3.32834     0.159923   0.00448381
      3.32974     0.161583   0.00393725
      3.33114     0.168872   0.00355653
      3.33254     0.172592   0.00345785
      3.33395     0.173298   0.00353401
      3.33535     0.173731   0.00336847
      3.33675     0.176379   0.00401356
      3.33815     0.177850   0.00405562
      3.33955     0.182448   0.00411019
      3.34095     0.176058   0.00401245
      3.34235     0.174425   0.00408205
      3.34375     0.175732   0.00458913
      3.34516     0.168812   0.00479587
      3.34656     0.175834   0.00429808
      3.34796     0.183114   0.00370835
      3.34936     0.180999   0.00341960
      3.35077     0.183465   0.00327436
      3.35217     0.189867   0.00381644
      3.35357     0.188167   0.00445451
      3.35497     0.183512   0.00555882
      3.35638     0.182896   0.00551478
      3.35778     0.195292   0.00419671
      3.35918     0.190523   0.00394825
      3.36059     0.191557   0.00396243
      3.36199     0.182335   0.00400594
      3.36339     0.181275   0.00343478
      3.36480     0.190382   0.00367299
      3.36620     0.191141   0.00459375
      3.36760     0.192135   0.00481543
      3.36901     0.190903   0.00450346
      3.37041     0.193545   0.00374794
      3.37182     0.194620   0.00341978
      3.37322     0.196138   0.00331614
      3.37463     0.190045   0.00343067
      3.37603     0.187765   0.00362003
      3.37744     0.198481   0.00440961
      3.37884     0.205417   0.00508542
      3.38025     0.188667   0.00492000
      3.38165     0.201119   0.00422828
      3.38306     0.202575   0.00395558
      3.38447     0.202123   0.00369797
      3.38587     0.194138   0.00339271
      3.38728     0.197210   0.00338758
      3.38868     0.195295   0.00389675
      3.39009     0.194639   0.00481270
      3.39150     0.196167   0.00519208
      3.39290     0.196588   0.00399239
      3.39431     0.197843   0.00363349
      3.39572     0.202309   0.00335524
      3.39712     0.198372   0.00329929
      3.39853     0.200089   0.00349777
      3.39994     0.195435   0.00349692
      3.40135     0.191168   0.00451081
      3.40276     0.192382   0.00578323
      3.40416     0.200668   0.00563643
      3.40557     0.199640   0.00452863
      3.40698     0.205225   0.00359577
      3.40839     0.214743   0.00407387
      3.40980     0.209801   0.00340083
      3.41121     0.205843   0.00399330
      3.41261     0.198583   0.00436802
      3.41402     0.208083   0.00541338
      3.41543     0.200778   0.00505814
      3.41684     0.208507   0.00395764
      3.41825     0.203821   0.00321970
      3.41966     0.204501   0.00309790
      3.42107     0.207314   0.00313079
      3.42248     0.204843   0.00374456
      3.42389     0.210217   0.00416243
      3.42530     0.206379   0.00438995
      3.42671     0.203207   0.00517462
      3.42812     0.210629   0.00465743
      3.42953     0.208294   0.00379475
      3.43094     0.208591   0.00326653
      3.43236     0.211221   0.00332802
      3.43377     0.205660   0.00345650
      3.43518     0.213138   0.00350361
      3.43659     0.219102   0.00333728
      3.43800     0.205644   0.00411098
      3.43941     0.206137   0.00457758
      3.44083     0.205990   0.00398126
      3.44224     0.209109   0.00329052
      3.44365     0.219102   0.00347736
      3.44506     0.225146   0.00323661
      3.44648     0.218463   0.00358821
      3.44789     0.211264   0.00356363
      3.44930     0.211566   0.00344950
      3.45071     0.212636   0.00373524
      3.45213     0.218342   0.00390505
      3.45354     0.211943   0.00383106
      3.45496     0.220287   0.00337655
      3.45637     0.226775   0.00293339
      3.45778     0.225736   0.00294571
      3.45920     0.223247   0.00305847
      3.46061     0.224335   0.00329169
      3.46203     0.227890   0.00330250
      3.46344     0.229984   0.00345265
      3.46486     0.218719   0.00378275
      3.46627     0.223234   0.00383011
      3.46769     0.227933   0.00318051
      3.46910     0.223519   0.00300896
      3.47052     0.226851   0.00301599
      3.47193     0.228498   0.00333828
      3.47335     0.222856   0.00319579
      3.47476     0.233717   0.00313186
      3.47618     0.231072   0.00342321
      3.47760     0.234958   0.00330145
      3.47901     0.226679   0.00353431
      3.48043     0.233546   0.00362951
      3.48185     0.236071   0.00340187
      3.48326     0.226483   0.00327444
      3.48468     0.233866   0.00317439
      3.48610     0.228486   0.00332135
      3.48751     0.228387   0.00358892
      3.48893     0.233118   0.00375400
      3.49035     0.237243   0.00352820
      3.49177     0.238106   0.00346757
      3.49318     0.236453   0.00330738
      3.49460     0.233021   0.00331551
      3.49602     0.237552   0.00309574
      3.49744     0.237690   0.00329941
      3.49886     0.239208   0.00329819
      3.50028     0.239427   0.00319294
      3.50170     0.240452   0.00316328
      3.50311     0.243635   0.00327301
      3.50453     0.242188   0.00320043
      3.50595     0.246570   0.00310922
      3.50737     0.250602   0.00309892
      3.50879     0.247182   0.00315289
      3.51021     0.241769   0.00334216
      3.51163     0.241379   0.00312478
      3.51305     0.252307   0.00322277
      3.51447     0.248260   0.00314109
      3.51589     0.248308   0.00328534
      3.51731     0.252919   0.00308579
      3.51873     0.256419   0.00315182
      3.52015     0.255886   0.00317074
      3.52158     0.247534   0.00315723
      3.52300     0.249142   0.00305365
      3.52442     0.251400   0.00301554
      3.52584     0.250820   0.00322466
      3.52726     0.248386   0.00285112
      3.52868     0.250211   0.00304690
      3.53010     0.258238   0.00315500
      3.53153     0.244578   0.00300590
      3.53295     0.248290   0.00295086
      3.53437     0.253111   0.00342009
      3.53579     0.253640   0.00363611
      3.53722     0.255810   0.00343156
      3.53864     0.257210   0.00345477
      3.54006     0.250461   0.00347584
      3.54148     0.261066   0.00360455
      3.54291     0.261762   0.00327705
      3.54433     0.263530   0.00351318
      3.54575     0.260554   0.00332935
      3.54718     0.262997   0.00362670
      3.54860     0.256795   0.00336673
      3.55002     0.260431   0.00305644
      3.55145     0.265162   0.00308502
      3.55287     0.268279   0.00317696
      3.55430     0.271357   0.00329546
      3.55572     0.271270   0.00348030
      3.55715     0.267778   0.00339250
      3.55857     0.277080   0.00340137
      3.56000     0.273453   0.00309822
      3.56142     0.268677   0.00321864
      3.56284     0.276950   0.00340906
      3.56427     0.270378   0.00306499
      3.56570     0.272454   0.00353092
      3.56712     0.276754   0.00327395
      3.56855     0.277509   0.00325445
      3.56997     0.281077   0.00323297
      3.57140     0.287556   0.00348307
      3.57282     0.275944   0.00335432
      3.57425     0.278129   0.00348212
      3.57568     0.283011   0.00392978
      3.57710     0.285809   0.00339646
      3.57853     0.289088   0.00333911
      3.57996     0.286098   0.00344569
      3.58138     0.288942   0.00336019
      3.58281     0.283604   0.00345984
      3.58424     0.286469   0.00338895
      3.58566     0.290350   0.00350319
      3.58709     0.286428   0.00353094
      3.58852     0.287436   0.00329924
      3.58994     0.297127   0.00331133
      3.59137     0.296340   0.00313337
      3.59280     0.300072   0.00330016
      3.59423     0.293165   0.00345060
      3.59565     0.297884   0.00344410
      3.59708     0.300560   0.00335602
      3.59851     0.301347   0.00327605
      3.59994     0.300750   0.00306041
      3.60137     0.296361   0.00309673
      3.60280     0.296800   0.00326080
      3.60422     0.296706   0.00329119
      3.60565     0.301743   0.00346013
      3.60708     0.306385   0.00335822
      3.60851     0.313225   0.00359727
      3.60994     0.312060   0.00349192
      3.61137     0.320314   0.00339025
      3.61280     0.312087   0.00339484
      3.61423     0.299438   0.00344839
      3.61565     0.315204   0.00347595
      3.61708     0.321586   0.00314471
      3.61851     0.316012   0.00316441
      3.61994     0.310476   0.00315172
      3.62137     0.306517   0.00323265
      3.62280     0.320498   0.00330433
      3.62423     0.327524   0.00344003
      3.62566     0.309614   0.00340453
      3.62709     0.317452   0.00352018
      3.62852     0.309017   0.00361231
      3.62995     0.318280   0.00341794
      3.63138     0.322129   0.00335280
      3.63281     0.321481   0.00351545
      3.63424     0.311094   0.00295659
      3.63567     0.320848   0.00336230
      3.63710     0.319396   0.00330126
      3.63854     0.316148   0.00313409
      3.63997     0.321536   0.00291172
      3.64140     0.326659   0.00329491
      3.64283     0.327208   0.00319218
      3.64426     0.318478   0.00302735
      3.64569     0.322393   0.00332490
      3.64712     0.327472   0.00320001
      3.64855     0.329871   0.00363046
      3.64998     0.325651   0.00332003
      3.65141     0.328977   0.00311873
      3.65285     0.320291   0.00313044
      3.65428     0.320216   0.00321308
      3.65571     0.324065   0.00298870
      3.65714     0.325621   0.00319865
      3.65857     0.325035   0.00305111
      3.66000     0.331063   0.00343066
      3.66144     0.339503   0.00333781
      3.66287     0.343248   0.00328847
      3.66430     0.338508   0.00336318
      3.66573     0.336187   0.00327655
      3.66716     0.339975   0.00337415
      3.66860     0.338130   0.00323192
      3.67003     0.328056   0.00345900
      3.67146     0.326780   0.00319598
      3.67289     0.337453   0.00341388
      3.67432     0.342460   0.00303431
      3.67576     0.334328   0.00333249
      3.67719     0.335953   0.00316354
      3.67862     0.345250   0.00331808
      3.68005     0.339156   0.00293838
      3.68149     0.339049   0.00321956
      3.68292     0.343588   0.00313214
      3.68435     0.342900   0.00333167
      3.68578     0.348732   0.00307777
      3.68722     0.341547   0.00339127
      3.68865     0.345515   0.00344706
      3.69008     0.345371   0.00356738
      3.69151     0.333630   0.00306062
      3.69295     0.335832   0.00309136
      3.69438     0.347557   0.00302762
      3.69581     0.354411   0.00319854
      3.69725     0.359334   0.00317211
      3.69868     0.355940   0.00327908
      3.70011     0.344116   0.00353786
      3.70154     0.347660   0.00318198
      3.70298     0.344727   0.00321406
      3.70441     0.348952   0.00325870
      3.70584     0.349629   0.00328242
      3.70728     0.361485   0.00320246
      3.70871     0.356111   0.00313972
      3.71014     0.359889   0.00329788
      3.71157     0.361674   0.00365570
      3.71301     0.353708   0.00345982
      3.71444     0.358140   0.00321919
      3.71587     0.362333   0.00316727
      3.71731     0.354208   0.00330513
      3.71874     0.360963   0.00346226
      3.72017     0.355581   0.00310019
      3.72161     0.360548   0.00305213
      3.72304     0.365476   0.00339771
      3.72447     0.377171   0.00335715
      3.72590     0.385271   0.00345925
      3.72734     0.362073   0.00333310
      3.72877     0.366188   0.00335378
      3.73020     0.372570   0.00364350
      3.73164     0.363953   0.00351717
      3.73307     0.378410   0.00356363
      3.73450     0.378713   0.00335638
      3.73593     0.373995   0.00327698
      3.73737     0.383386   0.00334302
      3.73880     0.398632   0.00332499
      3.74023     0.415127   0.00347125
      3.74167     0.407621   0.00337966
      3.74310     0.422510   0.00336359
      3.74453     0.391173   0.00332840
      3.74596     0.389525   0.00329655
      3.74740     0.379294   0.00346105
      3.74883     0.386347   0.00340956
      3.75026     0.390888   0.00347994
      3.75169     0.376584   0.00319303
      3.75313     0.380972   0.00348989
      3.75456     0.379580   0.00334931
      3.75599     0.385938   0.00342134
      3.75742     0.387846   0.00340762
      3.75885     0.383446   0.00336700
      3.76029     0.377492   0.00310952
      3.76172     0.382456   0.00331046
      3.76315     0.374955   0.00350081
      3.76458     0.381954   0.00326449
      3.76601     0.378590   0.00351393
      3.76745     0.375511   0.00342697
      3.76888     0.385334   0.00345916
      3.77031     0.394524   0.00341994
      3.77174     0.391467   0.00348229
      3.77317     0.383593   0.00356599
      3.77460     0.382544   0.00382563
      3.77604     0.385433   0.00368950
      3.77747     0.384665   0.00351515
      3.77890     0.389213   0.00332796
      3.78033     0.392172   0.00365261
      3.78176     0.392307   0.00332788
      3.78319     0.394996   0.00353770
      3.78462     0.390002   0.00348112
      3.78605     0.392813   0.00324720
      3.78748     0.382359   0.00367321
      3.78891     0.383435   0.00364156
      3.79035     0.388800   0.00349640
      3.79178     0.392557   0.00345757
      3.79321     0.387997   0.00338213
      3.79464     0.383783   0.00362053
      3.79607     0.394072   0.00355176
      3.79750     0.400231   0.00362745
      3.79893     0.399451   0.00370277
      3.80036     0.397047   0.00366518
      3.80179     0.406704   0.00353212
      3.80322     0.401894   0.00348901
      3.80465     0.401119   0.00367572
      3.80607     0.403543   0.00376035
      3.80750     0.403665   0.00367324
      3.80893     0.398245   0.00347573
      3.81036     0.404839   0.00350305
      3.81179     0.405820   0.00369327
      3.81322     0.416066   0.00366162
      3.81465     0.402331   0.00365492
      3.81608     0.406974   0.00325364
      3.81750     0.414335   0.00357985
      3.81893     0.410232   0.00335295
      3.82036     0.400189   0.00362516
      3.82179     0.404167   0.00310299
      3.82322     0.406141   0.00337772
      3.82464     0.407118   0.00354541
      3.82607     0.414222   0.00399432
      3.82750     0.418704   0.00357333
      3.82893     0.418176   0.00392799
      3.83035     0.414835   0.00367009
      3.83178     0.406677   0.00353176
      3.83321     0.414218   0.00368683
      3.83463     0.411439   0.00394116
      3.83606     0.407038   0.00371987
      3.83748     0.408736   0.00385919
      3.83891     0.408518   0.00371948
      3.84034     0.410710   0.00361554
      3.84176     0.405698   0.00360737
      3.84319     0.416234   0.00384956
      3.84461     0.411932   0.00353511
      3.84604     0.409649   0.00432235
      3.84746     0.400331   0.00372318
      3.84889     0.411425   0.00369277
      3.85031     0.406027   0.00337086
      3.85173     0.414574   0.00385036
      3.85316     0.408878   0.00352310
      3.85458     0.405019   0.00354248
      3.85601     0.406586   0.00358558
      3.85743     0.414185   0.00373207
      3.85885     0.421513   0.00379114
      3.86028     0.419479   0.00405691
      3.86170     0.427656   0.00432500
      3.86312     0.414850   0.00384342
      3.86454     0.418496   0.00386443
      3.86596     0.421137   0.00387627
      3.86739     0.409202   0.00448883
      3.86881     0.413522   0.00388369
      3.87023     0.430406   0.00463806
      3.87165     0.416677   0.00449050
      3.87307     0.416814   0.00411883
      3.87449     0.417343   0.00464715
      3.87591     0.412275   0.00497621
      3.87733     0.414439   0.00446007
      3.87875     0.404398   0.00495117
      3.88017     0.430814   0.00464392
      3.88159     0.422095   0.00503642
      3.88301     0.422789   0.00457354
      3.88443     0.421591   0.00403589
      3.88585     0.432695   0.00445902
      3.88727     0.425236   0.00447145
      3.88868     0.426655   0.00446370
      3.89010     0.436411   0.00448546
      3.89152     0.430948   0.00436808
      3.89294     0.439047   0.00451326
      3.89435     0.429105   0.00474483
      3.89577     0.427654   0.00438535
      3.89719     0.424467   0.00444710
      3.89860     0.436425   0.00431573
      3.90002     0.441747   0.00425442
      3.90144     0.424875   0.00438968
      3.90285     0.435079   0.00417100
      3.90427     0.435164   0.00460770
      3.90568     0.445109   0.00490631
      3.90709     0.445679   0.00484883
      3.90851     0.427129   0.00454550
      3.90992     0.440031   0.00558110
      3.91134     0.452265   0.00445404
      3.91275     0.446632   0.00487729
      3.91416     0.432834   0.00479783
      3.91557     0.433642   0.00475806
      3.91699     0.429405   0.00542788
      3.91840     0.442156   0.00504668
      3.91981     0.451809   0.00482608
      3.92122     0.444982   0.00430504
      3.92263     0.448122   0.00484089
      3.92404     0.439691   0.00456763
      3.92545     0.448185   0.00441616
      3.92686     0.445874   0.00440445
      3.92827     0.446909   0.00460812
      3.92968     0.433880   0.00443093
      3.93109     0.442001   0.00430831
      3.93250     0.451839   0.00478909
      3.93391     0.443465   0.00425439
      3.93531     0.436039   0.00414436
      3.93672     0.428718   0.00436932
      3.93813     0.437270   0.00468665
      3.93954     0.440743   0.00463465
      3.94094     0.446709   0.00437009
      3.94235     0.463057   0.00434570
      3.94375     0.441636   0.00411998
      3.94516     0.446208   0.00458449
      3.94656     0.450897   0.00412945
      3.94797     0.434692   0.00414071
      3.94937     0.445403   0.00432554
      3.95077     0.454086   0.00425174
      3.95218     0.453132   0.00451957
      3.95358     0.447035   0.00457704
      3.95498     0.453530   0.00415262
      3.95638     0.449927   0.00384203
      3.95779     0.443510   0.00425327
      3.95919     0.448414   0.00456133
      3.96059     0.459298   0.00412161
      3.96199     0.456344   0.00417695
      3.96339     0.458463   0.00407756
      3.96479     0.447200   0.00408118
      3.96618     0.450204   0.00438341
      3.96758     0.447256   0.00424535
      3.96898     0.448701   0.00425731
      3.97038     0.439806   0.00425841
      3.97178     0.454776   0.00423511
      3.97317     0.449659   0.00446196
      3.97457     0.454821   0.00409580
      3.97596     0.451421   0.00425666
      3.97736     0.454132   0.00393004
      3.97875     0.463706   0.00441901
      3.98015     0.461271   0.00449893
      3.98154     0.455763   0.00426929
      3.98294     0.450521   0.00455658
      3.98433     0.465390   0.00387347
      3.98572     0.455298   0.00423783
      3.98711     0.454936   0.00381614
      3.98851     0.465577   0.00439342
      3.98990     0.454416   0.00433483
      3.99129     0.456635   0.00449796
      3.99268     0.472400   0.00476260
      3.99407     0.449593   0.00417036
      3.99546     0.460663   0.00432629
      3.99684     0.462481   0.00448164
      3.99823     0.458615   0.00442933
      3.99962     0.465700   0.00484340
      4.00101     0.448168   0.00461615
      4.00239     0.468985   0.00388763
      4.00378     0.465028   0.00519384
      4.00516     0.464826   0.00446236
      4.00655     0.469123   0.00448481
      4.00793     0.468442   0.00451162
      4.00932     0.471035   0.00450629
      4.01070     0.474000   0.00473091
      4.01208     0.464955   0.00487640
      4.01347     0.471306   0.00440201
      4.01485     0.485894   0.00462372
      4.01623     0.475765   0.00425952
      4.01761     0.474986   0.00471333
      4.01899     0.469770   0.00444909
      4.02037     0.465119   0.00458753
      4.02175     0.488228   0.00467042
      4.02312     0.480802   0.00454414
      4.02450     0.466755   0.00484999
      4.02588     0.456513   0.00452121
      4.02726     0.482794   0.00530743
      4.02863     0.493767   0.00515676
      4.03001     0.472045   0.00464020
      4.03138     0.480535   0.00477397
      4.03276     0.463186   0.00514146
      4.03413     0.472753   0.00512267
      4.03550     0.471994   0.00514507
      4.03687     0.496177   0.00513939
      4.03825     0.475645   0.00522116
      4.03962     0.470944   0.00494517
      4.04099     0.460097   0.00521131
      4.04236     0.481750   0.00525168
      4.04373     0.479400   0.00501163
      4.04509     0.484477   0.00528594
      4.04646     0.468161   0.00544063
      4.04783     0.491034   0.00543714
      4.04920     0.503465   0.00572124
      4.05056     0.524105   0.00535041
      4.05193     0.562107   0.00521723
      4.05329     0.585665   0.00570286
      4.05466     0.574190   0.00547047
      4.05602     0.526698   0.00562085
      4.05738     0.494472   0.00538761
      4.05874     0.482346   0.00508272
      4.06011     0.475010   0.00495720
      4.06147     0.487417   0.00544863
      4.06283     0.499914   0.00513494
      4.06419     0.499765   0.00538406
      4.06554     0.486142   0.00604184
      4.06690     0.486730   0.00528633
      4.06826     0.471142   0.00535329
      4.06962     0.472957   0.00554683
      4.07097     0.492308   0.00526826
      4.07233     0.490113   0.00613822
      4.07368     0.489031   0.00570686
      4.07503     0.498567   0.00603869
      4.07639     0.481485   0.00530776
      4.07774     0.503339   0.00593436
      4.07909     0.476310   0.00551826
      4.08044     0.474856   0.00563796
      4.08179     0.485251   0.00599583
      4.08314     0.494154   0.00623438
      4.08449     0.493740   0.00550647
      4.08584     0.482340   0.00682897
      4.08718     0.500182   0.00576901
      4.08853     0.492149   0.00587308
      4.08987     0.496555   0.00625934
      4.09122     0.485925   0.00640799
      4.09256     0.497595   0.00629987
      4.09391     0.500029   0.00633500
      4.09525     0.505896   0.00650079
      4.09659     0.492623   0.00661716
      4.09793     0.472356   0.00768739
      4.09927     0.492350   0.00654032
      4.10061     0.485771   0.00613416
      4.10195     0.479607   0.00704179
      4.10329     0.497607   0.00640827
      4.10462     0.487561   0.00624714
      4.10596     0.498058   0.00706004
      4.10729     0.500762   0.00655359
      4.10863     0.491475   0.00664831
      4.10996     0.492981   0.00819944
      4.11129     0.504352   0.00601034
      4.11263     0.487781   0.00657045
      4.11396     0.495147   0.00694273
      4.11529     0.496327   0.00688453
      4.11662     0.482089   0.00705288
      4.11794     0.494864   0.00736177
      4.11927     0.509608   0.00723407
      4.12060     0.484711   0.00609070
      4.12192     0.486063   0.00682172
      4.12325     0.498504   0.00752517
      4.12457     0.497343   0.00699670
      4.12590     0.488097   0.00695236
      4.12722     0.504571   0.00702706
      4.12854     0.512870   0.00716616
      4.12986     0.506756   0.00756209
      4.13118     0.484214   0.00776840
      4.13250     0.491939   0.00782637
      4.13382     0.474714   0.00819789
      4.13513     0.478511   0.00732512
      4.13645     0.506112   0.00712571
      4.13777     0.454996   0.00754481
      4.13908     0.474478   0.00789644
      4.14039     0.505574   0.00717675
      4.14171     0.489586   0.00749106
      4.14302     0.486196   0.00741969
      4.14433     0.473243   0.00819976
      4.14564     0.491602   0.00844940
      4.14695     0.480540   0.00701308
      4.14825     0.503663   0.00770583
      4.14956     0.498988   0.00837132
      4.15087     0.479152   0.00906417
      4.15217     0.476969   0.00913917
      4.15347     0.491783   0.00952453
      4.15478     0.495050   0.00977512
      4.15608     0.491993   0.00842927
      4.15738     0.484759   0.00879146
      4.15868     0.495681   0.00974016
      4.15998     0.489047   0.00962165
      4.16128     0.482422   0.00915370
      4.16257     0.476822    0.0110812
      4.16387     0.460896    0.0103643
      4.16516     0.489106    0.0129117
      4.16646     0.513612    0.0125793
      4.16775     0.489597    0.0120052
      4.16904     0.491610    0.0133864
      4.17033     0.477944    0.0125579
      4.17162     0.452676    0.0169560
      4.17291     0.461420    0.0141212
      4.17420     0.444956    0.0161502
      4.17549     0.464900    0.0177717
      4.17677     0.498285    0.0203587
      4.17806     0.469957    0.0226841
      4.17934     0.474122    0.0300688
      4.18062     0.543217    0.0472423
      4.18190     0.293747    0.0657617
      4.18318     0.293166     0.111792
      4.18446     0.410386     0.228032
      4.18574     0.974615     0.536733
      4.18702      3.08160      2.65899
      4.18829      6.24982      8.14213
      4.18957   0.00614898      2.04306
      4.19084      1.83177      3.29510
      4.19211      1.04019     0.981312
      4.19339      1.05385      2.16018
      4.19466     -6.31885      6.04205
      4.19593     -2.33011      1.04542
      4.19719      2.12064      13.9822
      4.19846     0.218800      1.35565
      4.19973      1.09704      1.26038
      4.20099      1.15341      1.19556
      4.20225    -0.233240      2.05474
      4.20352     -8.76948      9.95071
      4.20478   -0.0386533      8.97049
      4.20604      2.58352      4.52545
      4.20730      1.87776      1.19933
      4.20856      10.2676      13.6559
      4.20981     -1.11462      8.15561
      4.21107      1.46666      1.97596
      4.21232      3.48345      2.12664
      4.21357    -0.205942     0.644684
      4.21483     0.895803      1.55716
      4.21608      3.58218      4.38428
      4.21733   -0.0138163      4.71288
      4.21857     -3.32978      8.51486
      4.21982    -0.353623      1.52927
      4.22107    -0.759960      1.32033
      4.22231     -25.1735      10.9144
      4.22355     0.182752      5.37189
      4.22480    0.0652625     0.918301
      4.22604     0.759248      11.7922
      4.22728     0.157146      1.92934
      4.22852     0.200602     0.645591
      4.22975     0.181650      2.46013
      4.23099     -7.02772      3.99467
      4.23222    -0.783939      1.56335
      4.23346    -0.586206     0.736603
      4.23469    -0.249874      1.65314
      4.23592      7.96289      53.1641
      4.23715      2.51180      3.00702
      4.23838     0.843463      2.68978
      4.23960   -0.0960657      2.67461
      4.24083     0.668309      8.26109
      4.24205      2.78388      9.57398
      4.24328      4.60095      3.18994
      4.24450      0.00000      1.26994
