SOURCE  = CRBR 2422                     / Source name
STANDARD= BS 6084                       / Standard name
OBSDATE = 02-05-2002                    / Date of observation
SPOS    = 16:27:27.6  -24:41:04.3       / Source position RA,DEC,J2000
STPOS   = 16:37:09.4  -10:34:13.5       / Standard position RA,DEC,J2000
STSPT   = B1III                         / Standard spectral type
STTEFF  = 24200                         / Standard effective temperature [K]
STMAG   = 2.41                          / Standard magnitude (adopted)
WAVEZP  = 3.55                          / Wavelength zero point [micron]
FLUXZP  = 290                           / Flux zero point [Jy]
SAIRM   = 1.008                         / Source mean airmass
STAIRM  = 1.097                         / Standard mean airmass
AIRMCORR= 0.92                          / Optimal (adopted) airmass correction
SPECRES = ~1200                         / Spectral resolution

Created by K. M. Pontoppidan             Mon May 24 13:25:48 2004

Wavelength [micron] Flux [Jy] Statistical Error [Jy]

      2.82118      0.00000      1.36502
      2.82249    -0.359345      1.09322
      2.82381    -0.601087     0.279653
      2.82512    -0.229193     0.116167
      2.82644   -0.0353764    0.0901393
      2.82776   0.00404696    0.0846094
      2.82908   -0.0451369    0.0839248
      2.83040    0.0142154    0.0507874
      2.83172  -0.00824335    0.0473027
      2.83304    0.0784635    0.0764051
      2.83436     0.350671     0.217938
      2.83569      1.37594     0.722462
      2.83701      3.34499     0.752284
      2.83834    -0.547321     0.507194
      2.83966   -0.0602471     0.245902
      2.84099    0.0971902    0.0941397
      2.84232    0.0832622    0.0719080
      2.84365  -0.00425115    0.0413185
      2.84498    0.0164829    0.0326469
      2.84631    0.0104849    0.0358289
      2.84764   -0.0439862    0.0655135
      2.84897    0.0219098     0.122317
      2.85030    0.0493385    0.0985960
      2.85164    0.0182495    0.0557400
      2.85297    0.0893331    0.0775069
      2.85431     0.202644     0.199032
      2.85564     0.652189     0.242633
      2.85698     0.119285    0.0783352
      2.85832    0.0364123    0.0453167
      2.85966    0.0710145    0.0460019
      2.86100    0.0541121    0.0502480
      2.86234     0.122584    0.0332275
      2.86368    0.0585667    0.0270933
      2.86502    0.0554289    0.0274808
      2.86636  -0.00144034    0.0316795
      2.86771    0.0622505    0.0423105
      2.86905   0.00127249    0.0441192
      2.87039  -0.00504777    0.0429892
      2.87174   -0.0707591    0.0553941
      2.87309    0.0170115    0.0547791
      2.87443    0.0573089    0.0274905
      2.87578    0.0210938    0.0207150
      2.87713    0.0452459    0.0230231
      2.87848    0.0665288    0.0280351
      2.87983    0.0137864    0.0245779
      2.88118    0.0165761    0.0230124
      2.88253    0.0179383    0.0226886
      2.88388   0.00944772    0.0263465
      2.88523    0.0268000    0.0255017
      2.88659    0.0495646    0.0243509
      2.88794    0.0354071    0.0313863
      2.88930    0.0312841    0.0364431
      2.89065    0.0261155    0.0262905
      2.89201    0.0141361    0.0235522
      2.89336    0.0105338    0.0215688
      2.89472   0.00446795    0.0185478
      2.89608   0.00869583    0.0163496
      2.89744    0.0162100    0.0164900
      2.89880    0.0144266    0.0206802
      2.90016   0.00532632    0.0325259
      2.90152    0.0617909    0.0481574
      2.90288    0.0841912    0.0335344
      2.90424  -0.00204873    0.0343429
      2.90560    0.0116310    0.0335205
      2.90697    0.0145363    0.0270481
      2.90833    0.0213620    0.0225752
      2.90969    0.0121012    0.0198268
      2.91106  -0.00100652    0.0173259
      2.91243   -0.0107131    0.0186993
      2.91379    0.0149991    0.0218019
      2.91516    0.0172725    0.0208558
      2.91653   0.00172366    0.0192183
      2.91789  -0.00386880    0.0184512
      2.91926  0.000620865    0.0176643
      2.92063   0.00528446    0.0210320
      2.92200    0.0138436    0.0322007
      2.92337   0.00341874    0.0521574
      2.92474   -0.0245825    0.0333722
      2.92611   -0.0228557    0.0201293
      2.92749    0.0172486    0.0167976
      2.92886   0.00899785    0.0165277
      2.93023  -0.00407720    0.0167356
      2.93160   0.00601251    0.0153715
      2.93298    0.0324717    0.0156470
      2.93435    0.0188560    0.0162604
      2.93573    0.0112271    0.0160046
      2.93710    0.0194257    0.0172801
      2.93848   0.00822795    0.0199297
      2.93986   0.00735069    0.0209139
      2.94123    0.0194595    0.0193871
      2.94261    0.0393867    0.0201227
      2.94399    0.0158805    0.0216697
      2.94537    0.0118547    0.0198853
      2.94675    0.0174748    0.0227030
      2.94813    0.0214859    0.0225458
      2.94951    0.0470563    0.0167366
      2.95089    0.0482022    0.0157212
      2.95227    0.0233109    0.0171214
      2.95365   0.00459560    0.0230183
      2.95503    0.0219611    0.0234409
      2.95642  -0.00294362    0.0179112
      2.95780    0.0255064    0.0168070
      2.95918    0.0220158    0.0165318
      2.96057    0.0194972    0.0161607
      2.96195  0.000614890    0.0171026
      2.96334   0.00913151    0.0155163
      2.96472   0.00733433    0.0155074
      2.96611    0.0264153    0.0172737
      2.96749    0.0784692    0.0201739
      2.96888    0.0372664    0.0262787
      2.97027    0.0173525    0.0364104
      2.97166   -0.0133578    0.0418491
      2.97304    0.0185483    0.0317813
      2.97443   -0.0106453    0.0272878
      2.97582    0.0184220    0.0226331
      2.97721    0.0242765    0.0214344
      2.97860  0.000364571    0.0213367
      2.97999  -0.00890217    0.0213324
      2.98138  -0.00362740    0.0192644
      2.98277   -0.0125662    0.0168698
      2.98416  -0.00527728    0.0155151
      2.98555   0.00450316    0.0148577
      2.98695   0.00341943    0.0139705
      2.98834  -0.00493478    0.0139937
      2.98973  -0.00230063    0.0138839
      2.99112  -0.00254828    0.0143483
      2.99252   0.00384887    0.0150349
      2.99391    0.0175291    0.0152123
      2.99530    0.0152244    0.0164296
      2.99670   0.00450257    0.0185165
      2.99809    0.0126799    0.0181355
      2.99949    0.0136040    0.0149032
      3.00089   0.00882226    0.0142203
      3.00228    0.0182309    0.0141294
      3.00368    0.0259084    0.0169480
      3.00507    0.0332877    0.0205473
      3.00647    0.0114443    0.0212830
      3.00787   0.00442762    0.0187635
      3.00927   0.00785622    0.0162748
      3.01066    0.0129128    0.0137096
      3.01206    0.0117913    0.0137062
      3.01346   0.00749525    0.0145497
      3.01486    0.0104193    0.0146285
      3.01626    0.0233370    0.0155568
      3.01766   0.00957341    0.0192398
      3.01906    0.0216720    0.0213452
      3.02046    0.0333106    0.0207807
      3.02186    0.0191283    0.0216079
      3.02326   0.00565578    0.0168973
      3.02466  -0.00728759    0.0136761
      3.02606   0.00392369    0.0137145
      3.02746   0.00633683    0.0140181
      3.02886   0.00837284    0.0148178
      3.03027    0.0187228    0.0160641
      3.03167    0.0431707    0.0179461
      3.03307    0.0317337    0.0176686
      3.03447  -0.00502010    0.0184559
      3.03588   0.00266577    0.0216999
      3.03728    0.0320351    0.0243339
      3.03868    0.0486843    0.0215825
      3.04009    0.0177248    0.0190010
      3.04149    0.0169122    0.0167803
      3.04290    0.0305003    0.0157004
      3.04430    0.0263132    0.0162534
      3.04571   0.00850594    0.0173397
      3.04711  -0.00203231    0.0171748
      3.04852    0.0240968    0.0187641
      3.04992    0.0601144    0.0203355
      3.05133    0.0537474    0.0235738
      3.05273   0.00447008    0.0255780
      3.05414   0.00607202    0.0271112
      3.05555   0.00475423    0.0219170
      3.05695  -0.00673064    0.0174376
      3.05836   0.00624746    0.0141666
      3.05977   0.00964445    0.0143051
      3.06117    0.0112745    0.0157146
      3.06258    0.0147738    0.0171508
      3.06399    0.0214383    0.0159192
      3.06540    0.0307095    0.0158718
      3.06680    0.0372293    0.0160271
      3.06821   0.00464350    0.0179096
      3.06962  -0.00456488    0.0179062
      3.07103   -0.0125352    0.0188569
      3.07244   0.00277035    0.0185707
      3.07385    0.0125825    0.0154234
      3.07526    0.0160836    0.0137453
      3.07666    0.0223618    0.0123574
      3.07807    0.0260779    0.0133625
      3.07948   0.00294934    0.0161867
      3.08089    0.0104422    0.0201739
      3.08230    0.0233146    0.0196106
      3.08371    0.0123147    0.0170201
      3.08512   -0.0104627    0.0159301
      3.08653    0.0175619    0.0154188
      3.08794    0.0225854    0.0155024
      3.08936   0.00726758    0.0163856
      3.09077    0.0155988    0.0164666
      3.09218    0.0136310    0.0171284
      3.09359   -0.0243952    0.0194276
      3.09500  -0.00709636    0.0191971
      3.09641  -0.00625377    0.0186075
      3.09782  -0.00876949    0.0183054
      3.09923    0.0114967    0.0157827
      3.10065    0.0206424    0.0140582
      3.10206    0.0280095    0.0140313
      3.10347    0.0194799    0.0175590
      3.10488    0.0118113    0.0212530
      3.10629    0.0258559    0.0221870
      3.10771    0.0112080    0.0200882
      3.10912    0.0354247    0.0190753
      3.11053    0.0442849    0.0211662
      3.11194   0.00483685    0.0188010
      3.11336    0.0232343    0.0160894
      3.11477   0.00487147    0.0172467
      3.11618  -0.00540507    0.0164920
      3.11760  -0.00791431    0.0142737
      3.11901  -0.00179491    0.0123878
      3.12042   0.00651457    0.0119214
      3.12184   0.00920154    0.0120428
      3.12325   0.00654785    0.0126095
      3.12466   0.00205872    0.0151836
      3.12608    0.0268858    0.0189378
      3.12749    0.0256019    0.0227795
      3.12890   0.00510522    0.0188396
      3.13032   0.00510620    0.0141950
      3.13173    0.0163844    0.0126587
      3.13314   0.00891569    0.0115795
      3.13456   0.00617955    0.0116563
      3.13597   0.00632606    0.0115762
      3.13739   0.00306935    0.0127997
      3.13880   0.00267805    0.0152440
      3.14021    0.0180237    0.0160549
      3.14163    0.0152802    0.0151798
      3.14304   0.00555872    0.0132318
      3.14446 -0.000394093    0.0139226
      3.14587   0.00378904    0.0174394
      3.14729    0.0150987    0.0175464
      3.14870   0.00216126    0.0144647
      3.15012   0.00693769    0.0127739
      3.15153    0.0227589    0.0121442
      3.15294    0.0234542    0.0119935
      3.15436    0.0246305    0.0130227
      3.15577    0.0122572    0.0142001
      3.15719    0.0139319    0.0137761
      3.15860    0.0106262    0.0127823
      3.16002    0.0178880    0.0127231
      3.16143    0.0210976    0.0119416
      3.16285    0.0125465    0.0114710
      3.16426    0.0129336    0.0108580
      3.16568    0.0159036    0.0111203
      3.16709    0.0313246    0.0119267
      3.16851    0.0235315    0.0116909
      3.16992    0.0156733    0.0108839
      3.17134    0.0242455    0.0116280
      3.17275   0.00409135    0.0119009
      3.17417   0.00330403    0.0124893
      3.17558   0.00928761    0.0125694
      3.17700    0.0164696    0.0116049
      3.17841    0.0164973    0.0111534
      3.17983   0.00731176    0.0114115
      3.18124    0.0135365    0.0119400
      3.18265    0.0125549    0.0129900
      3.18407    0.0368983    0.0133384
      3.18548    0.0346472    0.0122901
      3.18690    0.0246483    0.0117275
      3.18831    0.0222274    0.0118147
      3.18973    0.0252169    0.0129605
      3.19114    0.0151210    0.0169524
      3.19256    0.0138930    0.0212282
      3.19397   -0.0114515    0.0169972
      3.19539   0.00880339    0.0143204
      3.19680    0.0337523    0.0160425
      3.19822    0.0508430    0.0212538
      3.19963    0.0345173    0.0217229
      3.20105  -0.00276779    0.0203108
      3.20246    0.0122317    0.0235566
      3.20387    0.0299961    0.0210114
      3.20529    0.0736032    0.0211811
      3.20670    0.0451711    0.0261616
      3.20812    0.0314962    0.0274566
      3.20953    0.0361401    0.0333261
      3.21095    0.0104524    0.0366988
      3.21236   0.00817663    0.0284593
      3.21377  -0.00720985    0.0211931
      3.21519    0.0178471    0.0208877
      3.21660    0.0585941    0.0188097
      3.21802    0.0213405    0.0180205
      3.21943    0.0500276    0.0168600
      3.22084    0.0177391    0.0202086
      3.22226    0.0133079    0.0271636
      3.22367   0.00910584    0.0358457
      3.22509    0.0409838    0.0330494
      3.22650    0.0765321    0.0238368
      3.22791    0.0526272    0.0198919
      3.22933    0.0393609    0.0260202
      3.23074    0.0247915    0.0336118
      3.23215    0.0119612    0.0199301
      3.23357    0.0369265    0.0143800
      3.23498    0.0186780    0.0120194
      3.23639    0.0356248    0.0125733
      3.23781    0.0366798    0.0128678
      3.23922    0.0482001    0.0170518
      3.24063    0.0427122    0.0168606
      3.24205    0.0228756    0.0154161
      3.24346    0.0318679    0.0169503
      3.24487    0.0195582    0.0223903
      3.24628    0.0480470    0.0268824
      3.24770    0.0567135    0.0270083
      3.24911    0.0355202    0.0253925
      3.25052    0.0201129    0.0175340
      3.25193   0.00607742    0.0131201
      3.25335    0.0278754    0.0116836
      3.25476    0.0422769    0.0112306
      3.25617    0.0375670    0.0113989
      3.25758    0.0471980    0.0119168
      3.25900    0.0562474    0.0164080
      3.26041    0.0372074    0.0239263
      3.26182    0.0431699    0.0252426
      3.26323    0.0380272    0.0223723
      3.26464    0.0601268    0.0160975
      3.26605    0.0756122    0.0139731
      3.26746    0.0648765    0.0156078
      3.26888    0.0752802    0.0184878
      3.27029    0.0557872    0.0244553
      3.27170    0.0467461    0.0241341
      3.27311    0.0537042    0.0178049
      3.27452    0.0680181    0.0126651
      3.27593    0.0327784    0.0116983
      3.27734    0.0481342    0.0128028
      3.27875    0.0453586    0.0144672
      3.28016    0.0437362    0.0176219
      3.28157    0.0287030    0.0153749
      3.28298    0.0415551    0.0120173
      3.28439    0.0461152    0.0108801
      3.28580    0.0538182    0.0104122
      3.28721    0.0415682    0.0106226
      3.28862    0.0456613    0.0103281
      3.29003    0.0545044    0.0118259
      3.29144    0.0690582    0.0124514
      3.29285    0.0657967    0.0139146
      3.29426    0.0637184    0.0163040
      3.29567    0.0535210    0.0193855
      3.29708    0.0615857    0.0222007
      3.29849    0.0852408    0.0253829
      3.29990    0.0531401    0.0267805
      3.30131    0.0700032    0.0192835
      3.30271    0.0404287    0.0147682
      3.30412    0.0353929    0.0133477
      3.30553    0.0673863    0.0144809
      3.30694    0.0931394    0.0131621
      3.30835    0.0748750    0.0138314
      3.30975    0.0528686    0.0147854
      3.31116    0.0512184    0.0156739
      3.31257    0.0864604    0.0211570
      3.31398     0.122639    0.0449308
      3.31539     0.258982     0.166146
      3.31679     0.412484     0.247619
      3.31820    0.0425562     0.129927
      3.31961   -0.0389818    0.0769709
      3.32101    0.0849468    0.0414474
      3.32242    0.0403850    0.0291285
      3.32383    0.0307728    0.0201597
      3.32523    0.0584163    0.0156109
      3.32664    0.0670442    0.0147147
      3.32805    0.0847631    0.0160697
      3.32945    0.0878434    0.0159550
      3.33086    0.0994872    0.0132194
      3.33226    0.0653303    0.0110448
      3.33367    0.0748554    0.0114300
      3.33508    0.0880269    0.0114676
      3.33648    0.0769694    0.0114949
      3.33789    0.0763953    0.0116179
      3.33929    0.0651508    0.0130116
      3.34070    0.0749785    0.0143895
      3.34210    0.0667103    0.0135911
      3.34351    0.0789639    0.0131482
      3.34491    0.0914647    0.0136921
      3.34632    0.0551914    0.0158051
      3.34772    0.0707591    0.0141938
      3.34912    0.0714664    0.0124233
      3.35053    0.0707947    0.0112389
      3.35193    0.0884697    0.0113017
      3.35334    0.0944302    0.0116828
      3.35474    0.0754438    0.0129527
      3.35614     0.102804    0.0153251
      3.35755     0.115467    0.0156761
      3.35895    0.0863359    0.0139217
      3.36035    0.0961192    0.0132155
      3.36176    0.0800535    0.0133894
      3.36316    0.0899355    0.0133347
      3.36456    0.0840338    0.0124893
      3.36597    0.0928694    0.0119693
      3.36737    0.0982513    0.0131229
      3.36877    0.0959716    0.0159312
      3.37017    0.0663598    0.0145224
      3.37157    0.0928116    0.0129920
      3.37298    0.0936009    0.0121470
      3.37438    0.0995091    0.0109286
      3.37578    0.0966373    0.0112616
      3.37718    0.0998647    0.0123242
      3.37858    0.0910769    0.0128555
      3.37998    0.0898102    0.0159357
      3.38138     0.107334    0.0146755
      3.38278    0.0906667    0.0132916
      3.38419     0.101118    0.0118478
      3.38559     0.108476    0.0118659
      3.38699    0.0909146    0.0111933
      3.38839    0.0963210    0.0113742
      3.38979    0.0976469    0.0116924
      3.39119     0.118469    0.0143531
      3.39259     0.121099    0.0148993
      3.39399     0.105615    0.0129662
      3.39539     0.112134    0.0113722
      3.39679     0.112010    0.0109102
      3.39818    0.0859362    0.0106874
      3.39958    0.0912889    0.0103066
      3.40098    0.0984339    0.0116408
      3.40238     0.114964    0.0134663
      3.40378     0.122632    0.0172729
      3.40518    0.0798009    0.0153353
      3.40658    0.0948642    0.0143775
      3.40798     0.103818    0.0137011
      3.40937     0.117595    0.0124073
      3.41077     0.135765    0.0120583
      3.41217     0.129880    0.0115964
      3.41357     0.139185    0.0125358
      3.41497     0.124899    0.0143415
      3.41636     0.129342    0.0151441
      3.41776    0.0673032    0.0125113
      3.41916    0.0784093    0.0111057
      3.42055    0.0937019    0.0109209
      3.42195     0.111315    0.0108734
      3.42335     0.112556    0.0114293
      3.42474     0.105150    0.0119629
      3.42614     0.111814    0.0134274
      3.42754     0.125925    0.0146727
      3.42893     0.106908    0.0138688
      3.43033    0.0892169    0.0117873
      3.43173     0.106038    0.0111386
      3.43312     0.101874    0.0108406
      3.43452     0.102565    0.0108583
      3.43591     0.113525    0.0107814
      3.43731     0.124233    0.0110055
      3.43870     0.114277    0.0117512
      3.44010     0.104071    0.0128908
      3.44149     0.101484    0.0125680
      3.44289    0.0834648    0.0112946
      3.44428    0.0817954    0.0106004
      3.44568     0.105356    0.0103202
      3.44707     0.115864    0.0111128
      3.44847     0.118641    0.0108036
      3.44986     0.118334    0.0111260
      3.45125     0.127916    0.0121041
      3.45265     0.138669    0.0122752
      3.45404     0.119834    0.0124660
      3.45544     0.105322    0.0113543
      3.45683     0.113893    0.0107045
      3.45822     0.103549    0.0100204
      3.45962     0.122563    0.0106122
      3.46101     0.123563    0.0101067
      3.46240     0.113278    0.0106051
      3.46380     0.120795    0.0111996
      3.46519     0.121357    0.0109543
      3.46658     0.134738    0.0110786
      3.46797     0.142397    0.0105858
      3.46937     0.128343    0.0103769
      3.47076     0.145542    0.0104991
      3.47215     0.133262    0.0103716
      3.47354     0.127955    0.0103458
      3.47494     0.127466    0.0107289
      3.47633     0.116766    0.0106882
      3.47772     0.129466    0.0113422
      3.47911     0.137297    0.0109794
      3.48050     0.122461    0.0107707
      3.48189     0.121770    0.0107453
      3.48329     0.120037    0.0102498
      3.48468     0.122660    0.0104267
      3.48607     0.138117    0.0114727
      3.48746     0.146385    0.0108480
      3.48885     0.134496    0.0117087
      3.49024     0.122505    0.0108861
      3.49163     0.118720    0.0108554
      3.49302     0.131481    0.0106331
      3.49441     0.127222    0.0106094
      3.49580     0.125766    0.0105743
      3.49719     0.140724    0.0103064
      3.49858     0.137409    0.0106219
      3.49997     0.154844    0.0103800
      3.50136     0.139582    0.0108858
      3.50275     0.140978    0.0109960
      3.50414     0.148388    0.0106202
      3.50553     0.150430    0.0107320
      3.50692     0.130240    0.0107452
      3.50831     0.138532    0.0102271
      3.50970     0.151176    0.0106459
      3.51109     0.129719    0.0105162
      3.51248     0.126434    0.0103543
      3.51387     0.119943   0.00997107
      3.51526     0.153014    0.0100916
      3.51665     0.160072    0.0100106
      3.51804     0.140786    0.0102729
      3.51943     0.140233   0.00970968
      3.52082     0.152628    0.0100994
      3.52221     0.156259    0.0100350
      3.52359     0.154194    0.0102490
      3.52498     0.144153   0.00997181
      3.52637     0.142103   0.00981732
      3.52776     0.149555   0.00985209
      3.52915     0.157535   0.00993131
      3.53054     0.140098    0.0100681
      3.53192     0.162709    0.0106094
      3.53331     0.164730    0.0107695
      3.53470     0.159030    0.0110609
      3.53609     0.144886    0.0110158
      3.53748     0.149497    0.0100527
      3.53887     0.150298    0.0114937
      3.54025     0.156729    0.0107760
      3.54164     0.159872    0.0111226
      3.54303     0.152643    0.0111785
      3.54442     0.149731    0.0106626
      3.54580     0.167554    0.0107670
      3.54719     0.162495    0.0102680
      3.54858     0.160964    0.0101354
      3.54997     0.156270   0.00994654
      3.55135     0.154094    0.0102421
      3.55274     0.160914   0.00998842
      3.55413     0.182686    0.0102894
      3.55552     0.179885   0.00993423
      3.55690     0.156638   0.00988523
      3.55829     0.179968    0.0108319
      3.55968     0.176379    0.0103528
      3.56107     0.177664    0.0101375
      3.56245     0.146543   0.00993196
      3.56384     0.166479   0.00996429
      3.56523     0.174540    0.0101128
      3.56661     0.179796    0.0105534
      3.56800     0.180393    0.0100709
      3.56939     0.170958    0.0103926
      3.57078     0.179630    0.0107213
      3.57216     0.174276    0.0106982
      3.57355     0.155355    0.0109273
      3.57494     0.159645    0.0106786
      3.57632     0.183803    0.0112269
      3.57771     0.199152    0.0102096
      3.57910     0.187534    0.0107540
      3.58048     0.184220    0.0102363
      3.58187     0.172404    0.0109928
      3.58326     0.181919    0.0112957
      3.58464     0.194097    0.0107402
      3.58603     0.193651    0.0100148
      3.58742     0.180431    0.0104391
      3.58881     0.184796   0.00989436
      3.59019     0.200364    0.0106362
      3.59158     0.194624    0.0108279
      3.59297     0.181610    0.0103137
      3.59435     0.191262    0.0100686
      3.59574     0.202820    0.0101177
      3.59713     0.185487    0.0101602
      3.59851     0.186252    0.0100182
      3.59990     0.173266   0.00977493
      3.60129     0.190105   0.00990367
      3.60268     0.185328   0.00963904
      3.60406     0.180710    0.0102588
      3.60545     0.178132    0.0107501
      3.60684     0.185255    0.0107808
      3.60822     0.185414   0.00992932
      3.60961     0.195386    0.0106697
      3.61100     0.195597   0.00988175
      3.61239     0.184627    0.0107107
      3.61377     0.209154    0.0104742
      3.61516     0.199587    0.0109523
      3.61655     0.203139    0.0102966
      3.61793     0.212646   0.00969644
      3.61932     0.193388   0.00998388
      3.62071     0.198393    0.0103967
      3.62210     0.211236    0.0102430
      3.62348     0.211114    0.0103425
      3.62487     0.216394    0.0100558
      3.62626     0.212458    0.0109249
      3.62765     0.200872    0.0100152
      3.62904     0.190767    0.0102029
      3.63042     0.203144   0.00998258
      3.63181     0.209129   0.00997762
      3.63320     0.212394   0.00997708
      3.63459     0.212470    0.0107454
      3.63598     0.203196    0.0102075
      3.63736     0.188193   0.00955667
      3.63875     0.197744   0.00963909
      3.64014     0.209674   0.00929022
      3.64153     0.200122   0.00898784
      3.64292     0.203290   0.00978585
      3.64431     0.213498   0.00968099
      3.64570     0.203583    0.0106615
      3.64708     0.213514    0.0107709
      3.64847     0.220953   0.00968060
      3.64986     0.208137   0.00966308
      3.65125     0.199870    0.0101264
      3.65264     0.215509   0.00974568
      3.65403     0.223478   0.00996764
      3.65542     0.221903   0.00991121
      3.65681     0.216635   0.00956592
      3.65820     0.236365   0.00983042
      3.65959     0.249073   0.00972931
      3.66098     0.234047    0.0101504
      3.66237     0.225623    0.0101723
      3.66376     0.234687    0.0104906
      3.66515     0.215641    0.0103731
      3.66654     0.226978    0.0105373
      3.66793     0.208084   0.00996952
      3.66932     0.199867   0.00996147
      3.67071     0.216601    0.0102356
      3.67210     0.219595    0.0103579
      3.67350     0.233716    0.0102021
      3.67489     0.237411    0.0100617
      3.67628     0.222892    0.0103246
      3.67767     0.224911   0.00982561
      3.67906     0.220396   0.00950527
      3.68045     0.217004   0.00990847
      3.68185     0.232243   0.00984459
      3.68324     0.230959   0.00964747
      3.68463     0.232185    0.0101811
      3.68602     0.214955   0.00982970
      3.68742     0.224355   0.00939289
      3.68881     0.240013   0.00981677
      3.69020     0.240269   0.00951402
      3.69160     0.228001   0.00938224
      3.69299     0.222811   0.00974851
      3.69438     0.234562   0.00999346
      3.69578     0.235964    0.0101445
      3.69717     0.250005   0.00976781
      3.69857     0.237666    0.0106109
      3.69996     0.257381   0.00975581
      3.70136     0.259357   0.00995527
      3.70275     0.250763    0.0104401
      3.70415     0.248752    0.0105350
      3.70554     0.241961   0.00990526
      3.70694     0.239409   0.00962144
      3.70833     0.246151   0.00980263
      3.70973     0.258156    0.0102716
      3.71112     0.274795    0.0104110
      3.71252     0.266666   0.00984606
      3.71392     0.253851   0.00949438
      3.71532     0.256794   0.00990489
      3.71671     0.222119   0.00956323
      3.71811     0.226392    0.0101192
      3.71951     0.243072   0.00996537
      3.72091     0.240678    0.0101874
      3.72230     0.237563    0.0101554
      3.72370     0.232272   0.00972025
      3.72510     0.247421   0.00964258
      3.72650     0.256969   0.00985511
      3.72790     0.267123    0.0102709
      3.72930     0.257366    0.0101522
      3.73070     0.260137   0.00990427
      3.73210     0.257890    0.0104147
      3.73350     0.257973    0.0104412
      3.73490     0.258634    0.0105230
      3.73630     0.251944    0.0104843
      3.73770     0.246326    0.0101206
      3.73910     0.260929    0.0108237
      3.74050     0.268384    0.0106437
      3.74191     0.243493   0.00995557
      3.74331     0.256693    0.0103374
      3.74471     0.267155    0.0100574
      3.74611     0.256899   0.00967554
      3.74752     0.260184    0.0101768
      3.74892     0.278477   0.00943969
      3.75033     0.266293   0.00961050
      3.75173     0.270755    0.0103538
      3.75313     0.272977   0.00990875
      3.75454     0.264240    0.0102285
      3.75594     0.265286    0.0104450
      3.75735     0.258689    0.0101608
      3.75876     0.271867    0.0106750
      3.76016     0.277405    0.0101951
      3.76157     0.256097   0.00988404
      3.76298     0.262414   0.00978012
      3.76438     0.273949    0.0108016
      3.76579     0.261721    0.0105124
      3.76720     0.249537   0.00999082
      3.76861     0.247851    0.0105406
      3.77002     0.266605    0.0102853
      3.77142     0.278185    0.0102470
      3.77283     0.273604    0.0101324
      3.77424     0.289988   0.00996542
      3.77565     0.276243    0.0101634
      3.77706     0.278875    0.0103184
      3.77848     0.288301    0.0108194
      3.77989     0.283852    0.0107601
      3.78130     0.283627    0.0106852
      3.78271     0.291123    0.0104315
      3.78412     0.290845    0.0106685
      3.78554     0.297930   0.00996708
      3.78695     0.307356    0.0104397
      3.78836     0.309511    0.0103270
      3.78978     0.261810    0.0101306
      3.79119     0.251589    0.0108448
      3.79261     0.244840    0.0101469
      3.79402     0.246876    0.0102538
      3.79544     0.278264    0.0102779
      3.79686     0.278011   0.00968082
      3.79827     0.277334    0.0102599
      3.79969     0.288290   0.00999818
      3.80111     0.285418    0.0109899
      3.80253     0.276681    0.0106912
      3.80395     0.288895    0.0105064
      3.80537     0.302664    0.0110046
      3.80678     0.280942   0.00978829
      3.80820     0.253854   0.00950647
      3.80963     0.259238   0.00960400
      3.81105     0.289228    0.0102513
      3.81247     0.264566   0.00973761
      3.81389     0.285200    0.0104113
      3.81531     0.286198    0.0103672
      3.81674     0.269940    0.0105592
      3.81816     0.289566    0.0101112
      3.81958     0.279886    0.0103238
      3.82101     0.279643    0.0109583
      3.82243     0.275899    0.0102226
      3.82386     0.298902    0.0110157
      3.82529     0.292914    0.0109003
      3.82671     0.300367    0.0106100
      3.82814     0.300501    0.0104686
      3.82957     0.296604    0.0104038
      3.83100     0.289861   0.00962276
      3.83242     0.285598    0.0102724
      3.83385     0.275022    0.0107891
      3.83528     0.271436    0.0103617
      3.83671     0.288488    0.0110927
      3.83814     0.301724    0.0114970
      3.83958     0.282714    0.0110333
      3.84101     0.308879    0.0102940
      3.84244     0.304642   0.00998973
      3.84387     0.291134    0.0105119
      3.84531     0.303378    0.0109380
      3.84674     0.313873    0.0105261
      3.84818     0.283621    0.0106278
      3.84961     0.282917    0.0105886
      3.85105     0.298999    0.0114634
      3.85249     0.312592    0.0107441
      3.85392     0.280290    0.0104948
      3.85536     0.289321    0.0111957
      3.85680     0.299053    0.0117236
      3.85824     0.297902    0.0112711
      3.85968     0.302519    0.0118680
      3.86112     0.318033    0.0116602
      3.86256     0.322804    0.0119282
      3.86400     0.328159    0.0118889
      3.86545     0.323447    0.0113760
      3.86689     0.302254    0.0130936
      3.86833     0.269491    0.0115630
      3.86978     0.307966    0.0119734
      3.87122     0.316219    0.0117159
      3.87267     0.319511    0.0118891
      3.87412     0.317694    0.0129984
      3.87556     0.316121    0.0116148
      3.87701     0.326337    0.0125043
      3.87846     0.282254    0.0112186
      3.87991     0.295188    0.0127750
      3.88136     0.294725    0.0113365
      3.88281     0.310142    0.0128359
      3.88426     0.316635    0.0123417
      3.88571     0.326499    0.0118288
      3.88717     0.308207    0.0117707
      3.88862     0.299524    0.0116005
      3.89007     0.277297    0.0123787
      3.89153     0.315083    0.0117168
      3.89298     0.347563    0.0119290
      3.89444     0.319503    0.0118982
      3.89590     0.306739    0.0119423
      3.89736     0.314336    0.0126888
      3.89881     0.327996    0.0124576
      3.90027     0.328885    0.0126949
      3.90173     0.326160    0.0125390
      3.90319     0.340002    0.0125591
      3.90466     0.306332    0.0127009
      3.90612     0.300682    0.0125581
      3.90758     0.311485    0.0125642
      3.90905     0.296498    0.0120333
      3.91051     0.319432    0.0133883
      3.91198     0.309372    0.0121550
      3.91344     0.319722    0.0119133
      3.91491     0.316076    0.0132653
      3.91638     0.325279    0.0117204
      3.91785     0.332513    0.0116023
      3.91932     0.339861    0.0117250
      3.92079     0.337295    0.0113411
      3.92226     0.345706    0.0115175
      3.92373     0.341852    0.0126016
      3.92521     0.335155    0.0116650
      3.92668     0.338150    0.0112296
      3.92815     0.307406    0.0113122
      3.92963     0.330982    0.0120425
      3.93111     0.335232    0.0123798
      3.93258     0.336034    0.0114614
      3.93406     0.316403    0.0116423
      3.93554     0.299957    0.0111381
      3.93702     0.313607    0.0112910
      3.93850     0.291638    0.0119852
      3.93998     0.323478    0.0121497
      3.94147     0.348327    0.0112388
      3.94295     0.317312    0.0114480
      3.94443     0.332548    0.0126266
      3.94592     0.332792    0.0120641
      3.94741     0.327423    0.0111608
      3.94889     0.325329    0.0118665
      3.95038     0.332479    0.0121303
      3.95187     0.326124    0.0119306
      3.95336     0.340395    0.0115821
      3.95485     0.340854    0.0122553
      3.95635     0.337749    0.0103430
      3.95784     0.340298    0.0124870
      3.95933     0.339850    0.0125941
      3.96083     0.341959    0.0121965
      3.96232     0.319080    0.0120933
      3.96382     0.325827    0.0121478
      3.96532     0.318966    0.0129489
      3.96682     0.324055    0.0117064
      3.96832     0.307933    0.0108395
      3.96982     0.333589    0.0121128
      3.97132     0.353505    0.0118803
      3.97282     0.338312    0.0112078
      3.97433     0.326614    0.0115665
      3.97583     0.336258    0.0119150
      3.97734     0.325419    0.0119591
      3.97884     0.319449    0.0126142
      3.98035     0.336144    0.0118740
      3.98186     0.331133    0.0116931
      3.98337     0.344605    0.0108086
      3.98488     0.318057    0.0123902
      3.98640     0.353646    0.0114758
      3.98791     0.345693    0.0121832
      3.98942     0.324536    0.0112473
      3.99094     0.346063    0.0113591
      3.99246     0.347379    0.0112854
      3.99397     0.325359    0.0123987
      3.99549     0.354380    0.0123921
      3.99701     0.343873    0.0112054
      3.99853     0.355542    0.0122174
      4.00005     0.352549    0.0117499
      4.00158     0.365824    0.0117580
      4.00310     0.336450    0.0115174
      4.00463     0.316778    0.0119033
      4.00615     0.339587    0.0123375
      4.00768     0.356289    0.0123816
      4.00921     0.354321    0.0119321
      4.01074     0.341401    0.0118460
      4.01227     0.345691    0.0120866
      4.01381     0.334919    0.0118170
      4.01534     0.338104    0.0120329
      4.01687     0.338663    0.0115057
      4.01841     0.333956    0.0132264
      4.01995     0.357016    0.0130396
      4.02149     0.354647    0.0129103
      4.02303     0.333618    0.0127026
      4.02457     0.336825    0.0119536
      4.02611     0.336859    0.0122338
      4.02765     0.365256    0.0123162
      4.02920     0.374980    0.0125762
      4.03074     0.380458    0.0126185
      4.03229     0.359047    0.0122086
      4.03384     0.371932    0.0126031
      4.03539     0.355153    0.0126133
      4.03694     0.361152    0.0122105
      4.03849     0.360378    0.0134675
      4.04004     0.367288    0.0139416
      4.04160     0.369631    0.0132749
      4.04315     0.346557    0.0136305
      4.04471     0.330117    0.0136809
      4.04627     0.367025    0.0129141
      4.04783     0.385706    0.0130885
      4.04939     0.372315    0.0136627
      4.05095     0.382430    0.0127463
      4.05252     0.381987    0.0129417
      4.05408     0.400976    0.0142125
      4.05565     0.403776    0.0146842
      4.05721     0.430058    0.0136640
      4.05878     0.419225    0.0130259
      4.06035     0.401143    0.0132588
      4.06193     0.381350    0.0143305
      4.06350     0.350277    0.0142566
      4.06507     0.372959    0.0131316
      4.06665     0.383302    0.0133678
      4.06823     0.382888    0.0132335
      4.06980     0.348656    0.0123655
      4.07138     0.322623    0.0125887
      4.07297     0.353696    0.0138444
      4.07455     0.366929    0.0130756
      4.07613     0.363475    0.0141713
      4.07772     0.341380    0.0135305
      4.07931     0.338471    0.0131378
      4.08089     0.326696    0.0129930
      4.08248     0.360354    0.0140668
      4.08408     0.381736    0.0140336
      4.08567     0.391058    0.0140189
      4.08726     0.398175    0.0132405
      4.08886     0.387664    0.0145811
      4.09046     0.372837    0.0156171
      4.09205     0.362465    0.0132816
      4.09366     0.334858    0.0146215
      4.09526     0.367978    0.0125685
      4.09686     0.395254    0.0151015
      4.09846     0.449555    0.0141250
      4.10007     0.383659    0.0135899
      4.10168     0.334972    0.0144227
      4.10329     0.354331    0.0148559
      4.10490     0.327995    0.0144009
      4.10651     0.365223    0.0140012
      4.10813     0.373676    0.0154021
      4.10974     0.361790    0.0140023
      4.11136     0.386276    0.0138691
      4.11298     0.439647    0.0152251
      4.11460     0.389981    0.0144615
      4.11622     0.407080    0.0150170
      4.11784     0.388418    0.0146029
      4.11947     0.376965    0.0151699
      4.12109     0.413253    0.0151819
      4.12272     0.423437    0.0145603
      4.12435     0.380415    0.0148197
      4.12598     0.378041    0.0158758
      4.12762     0.385853    0.0159282
      4.12925     0.349423    0.0153661
      4.13089     0.407555    0.0153610
      4.13253     0.373783    0.0144892
      4.13416     0.394673    0.0161587
      4.13581     0.355510    0.0159470
      4.13745     0.418263    0.0145257
      4.13909     0.399150    0.0155788
      4.14074     0.422375    0.0154772
      4.14239     0.492109    0.0154868
      4.14404     0.444439    0.0163587
      4.14569     0.404892    0.0155784
      4.14734     0.374964    0.0169011
      4.14900     0.339156    0.0148180
      4.15065     0.375170    0.0153867
      4.15231     0.394590    0.0155993
      4.15397     0.378806    0.0163247
      4.15563     0.381044    0.0164162
      4.15730     0.421223    0.0147556
      4.15896     0.400710    0.0147674
      4.16063     0.387092    0.0162602
      4.16230     0.419726    0.0166801
      4.16397     0.447453    0.0162024
      4.16564     0.455928    0.0164358
      4.16732     0.481339    0.0171739
      4.16899     0.478727    0.0158531
      4.17067     0.386701    0.0169471
      4.17235     0.399735    0.0174162
      4.17403     0.396045    0.0162760
      4.17571     0.419291    0.0173867
      4.17740     0.441196    0.0165279
      4.17909     0.402255    0.0171944
      4.18078     0.384224    0.0168712
      4.18247     0.404189    0.0198760
      4.18416     0.396056    0.0175058
      4.18585     0.358395    0.0168939
      4.18755     0.432955    0.0185987
      4.18925     0.433837    0.0192142
      4.19095     0.376582    0.0189656
      4.19265     0.462278    0.0201784
      4.19436     0.389068    0.0214346
      4.19606     0.381159    0.0228601
      4.19777     0.423653    0.0234981
      4.19948     0.412637    0.0229617
      4.20119     0.449535    0.0227154
      4.20290     0.414300    0.0246385
      4.20462     0.365402    0.0243557
      4.20634     0.368663    0.0264136
      4.20806     0.417032    0.0284341
      4.20978     0.426915    0.0296192
      4.21150     0.412801    0.0325878
      4.21323     0.399214    0.0395189
      4.21496     0.363805    0.0450438
      4.21668     0.478856    0.0510702
      4.21842     0.493026    0.0877017
      4.22015     0.482873     0.121027
      4.22189     0.304113     0.200359
      4.22362    -0.188854     0.464841
      4.22536     -1.29787     0.792312
      4.22710     -1.85497      2.80866
      4.22885      6.44789      2.41126
      4.23059      23.4519      166.434
      4.23234    -0.393506      7.83181
      4.23409     -26.1440      237.678
      4.23585     0.728670      4.05632
      4.23760      8.80224      8.95453
      4.23936     -3.74548      3.98436
      4.24111      7.29052      6.76775
      4.24288      139.462      2.57386
      4.24464      512.161      8.46251
      4.24640     -5.20051      29.2344
      4.24817      6.34359      5.26787
      4.24994     -3.22211      5.27514
      4.25171      13.7566      11.9502
      4.25348      35.7014      49.9716
      4.25526      28.8939      15.8391
      4.25704     -1.17154      10.0415
      4.25882     0.567591      8.81668
      4.26060      7.11932      8.00265
      4.26238      27.0345      26.7280
      4.26417     -67.5664  1.08320e+06
      4.26596     -82.4910      86.5173
      4.26775    0.0812488      3.12571
      4.26955      13.3031      10.3217
      4.27134      32.4505      27.2348
      4.27314     -17.8543      23.4151
      4.27494     -10.7817      18.4416
      4.27674     -17.8341      16.2922
      4.27855      7.76802      16.0641
      4.28035     -4.12523      7.41287
      4.28216    -0.712217      8.46100
      4.28398     -19.7101      74.1199
      4.28579     -36.4303      120.708
      4.28761      78.8349      9874.40
      4.28942      28.0599      52.7170
      4.29125     -21.3838      17.8423
      4.29307     -6.63121      15.9547
      4.29489     0.509499      18.7091
      4.29672      54.3019      33.2158
      4.29855      156.541      821.432
      4.30039     -39.3530      23.9316
      4.30222     -107.155  6.90523e+07
      4.30406      8.59487      24.6616
      4.30590      0.00000      9.94316
