SOURCE  = EC 82/CK 3                    / Source name
STANDARD= BS5812                        / Standard name
OBSDATE = 07-05-2002                    / Date of observation
SPOS    = 18:29:56.8  01:14:21.8        / Source position RA,DEC,J2000
STPOS   = 15:38:39.3  -29:47:07.8       / Standard position RA,DEC,J2000
STSPT   = B2.55V                        / Standard spectral type
STTEFF  = 19950                         / Standard effective temperature [K]
STMAG   = 4.199                         / Standard magnitude (adopted)
WAVEZP  = 3.45                          / Wavelength zero point [micron]
FLUXZP  = 290                           / Flux zero point [Jy]
SAIRM   = 1.121                         / Source mean airmass
STAIRM  = 1.142                         / Standard mean airmass
AIRMCORR= 1.07                          / Optimal (adopted) airmass correction
SPECRES = ~1200                         / Spectral resolution

Created by K. M. Pontoppidan             Sat May 10 20:12:37 2003

Wavelength [micron] Flux [Jy] Statistical Error [Jy]

      2.82058      0.00000    0.0208647
      2.82198     0.294780    0.0201483
      2.82339     0.263133    0.0164867
      2.82480     0.187551    0.0177589
      2.82620     0.214048    0.0124513
      2.82761     0.285560   0.00762339
      2.82902     0.256965   0.00861234
      2.83042     0.174405    0.0243706
      2.83183     0.538753    0.0984659
      2.83323     0.921057     0.186306
      2.83464     0.523441     0.162242
      2.83604     0.166716     0.126757
      2.83745     0.186449    0.0284860
      2.83885     0.240997    0.0153796
      2.84026     0.260718    0.0112274
      2.84166     0.247060   0.00583557
      2.84307     0.263403   0.00509276
      2.84447     0.262168   0.00783436
      2.84588     0.242594    0.0173862
      2.84728     0.250861    0.0264732
      2.84868     0.261427    0.0133074
      2.85009     0.257103   0.00995672
      2.85149     0.234126    0.0200285
      2.85290     0.182962    0.0499142
      2.85430     0.185832    0.0243764
      2.85570     0.248836    0.0104309
      2.85711     0.287612   0.00732103
      2.85851     0.261726   0.00840423
      2.85991     0.248966   0.00781863
      2.86131     0.257439   0.00467149
      2.86272     0.256864   0.00409960
      2.86412     0.264967   0.00450610
      2.86552     0.257500   0.00561186
      2.86692     0.256325   0.00721334
      2.86833     0.276765   0.00687529
      2.86973     0.249821   0.00756065
      2.87113     0.211350    0.0121939
      2.87253     0.232898   0.00712252
      2.87393     0.261341   0.00351175
      2.87534     0.256643   0.00309706
      2.87674     0.238628   0.00387513
      2.87814     0.244664   0.00418506
      2.87954     0.254866   0.00352891
      2.88094     0.258708   0.00347290
      2.88234     0.252034   0.00370649
      2.88374     0.245200   0.00428112
      2.88514     0.259369   0.00392809
      2.88654     0.259955   0.00414251
      2.88794     0.243826   0.00630385
      2.88935     0.241602   0.00494104
      2.89075     0.248209   0.00366053
      2.89215     0.243375   0.00360232
      2.89355     0.241469   0.00307286
      2.89495     0.241871   0.00251205
      2.89635     0.242308   0.00238241
      2.89775     0.246348   0.00250442
      2.89915     0.246571   0.00352484
      2.90055     0.238740   0.00725950
      2.90195     0.252256   0.00626559
      2.90335     0.267250   0.00507346
      2.90475     0.258511   0.00577473
      2.90614     0.247302   0.00485104
      2.90754     0.234303   0.00374189
      2.90894     0.225911   0.00320292
      2.91034     0.231972   0.00270624
      2.91174     0.240473   0.00246865
      2.91314     0.233257   0.00287450
      2.91454     0.225413   0.00314868
      2.91594     0.230241   0.00288651
      2.91734     0.231238   0.00267531
      2.91874     0.235832   0.00250395
      2.92014     0.242830   0.00253344
      2.92153     0.244786   0.00376690
      2.92293     0.236270   0.00758149
      2.92433     0.224253   0.00837826
      2.92573     0.227170   0.00381894
      2.92713     0.234210   0.00264254
      2.92853     0.229039   0.00234303
      2.92993     0.222588   0.00234087
      2.93132     0.227445   0.00230788
      2.93272     0.228455   0.00220629
      2.93412     0.226619   0.00229358
      2.93552     0.228625   0.00228072
      2.93692     0.231055   0.00226013
      2.93831     0.227290   0.00276732
      2.93971     0.220088   0.00311497
      2.94111     0.225137   0.00284421
      2.94251     0.227474   0.00281984
      2.94391     0.219668   0.00346180
      2.94530     0.228325   0.00307077
      2.94670     0.235529   0.00285685
      2.94810     0.226097   0.00354277
      2.94950     0.224864   0.00282880
      2.95089     0.229407   0.00230422
      2.95229     0.231053   0.00224905
      2.95369     0.228928   0.00295403
      2.95509     0.224246   0.00389545
      2.95648     0.226489   0.00297235
      2.95788     0.229800   0.00243738
      2.95928     0.226573   0.00240268
      2.96068     0.225538   0.00244647
      2.96207     0.228224   0.00226363
      2.96347     0.225964   0.00222322
      2.96487     0.225584   0.00207421
      2.96627     0.226907   0.00215782
      2.96766     0.220865   0.00251263
      2.96906     0.225042   0.00348865
      2.97046     0.219561   0.00472353
      2.97186     0.211356   0.00654922
      2.97325     0.229429   0.00545167
      2.97465     0.238217   0.00467992
      2.97605     0.229368   0.00402177
      2.97744     0.235055   0.00302770
      2.97884     0.235925   0.00303229
      2.98024     0.229392   0.00348609
      2.98164     0.231387   0.00315396
      2.98303     0.232320   0.00267149
      2.98443     0.232280   0.00222746
      2.98583     0.226442   0.00211267
      2.98722     0.219358   0.00202112
      2.98862     0.221424   0.00196955
      2.99002     0.225976   0.00193326
      2.99142     0.223086   0.00198603
      2.99281     0.219614   0.00219087
      2.99421     0.224491   0.00222175
      2.99561     0.230954   0.00224946
      2.99700     0.226024   0.00264087
      2.99840     0.219980   0.00269658
      2.99980     0.221911   0.00237966
      3.00120     0.227220   0.00199822
      3.00259     0.228720   0.00195706
      3.00399     0.229649   0.00212429
      3.00539     0.231903   0.00261061
      3.00678     0.230841   0.00323072
      3.00818     0.230545   0.00285856
      3.00958     0.228339   0.00252371
      3.01098     0.227470   0.00207970
      3.01237     0.227861   0.00199429
      3.01377     0.223175   0.00210844
      3.01517     0.225634   0.00218152
      3.01657     0.230671   0.00212136
      3.01796     0.225343   0.00248172
      3.01936     0.226629   0.00298770
      3.02076     0.240843   0.00308423
      3.02215     0.232000   0.00334932
      3.02355     0.222468   0.00292965
      3.02495     0.232517   0.00207736
      3.02635     0.230624   0.00197160
      3.02774     0.224206   0.00198006
      3.02914     0.228579   0.00202262
      3.03054     0.237620   0.00211904
      3.03194     0.236024   0.00243115
      3.03333     0.239875   0.00289540
      3.03473     0.254806   0.00260089
      3.03613     0.253170   0.00295331
      3.03753     0.243558   0.00405777
      3.03892     0.251889   0.00339223
      3.04032     0.255096   0.00299140
      3.04172     0.242826   0.00265838
      3.04312     0.242800   0.00223570
      3.04451     0.243458   0.00228065
      3.04591     0.233823   0.00262066
      3.04731     0.234078   0.00253165
      3.04871     0.232210   0.00266692
      3.05011     0.240360   0.00298882
      3.05150     0.246277   0.00317896
      3.05290     0.241638   0.00381515
      3.05430     0.239016   0.00446964
      3.05570     0.235836   0.00386259
      3.05710     0.233546   0.00308609
      3.05849     0.234714   0.00219622
      3.05989     0.236570   0.00199855
      3.06129     0.233082   0.00211617
      3.06269     0.228732   0.00252161
      3.06409     0.230459   0.00254811
      3.06549     0.235749   0.00236405
      3.06688     0.234800   0.00231794
      3.06828     0.234169   0.00233454
      3.06968     0.235079   0.00261549
      3.07108     0.235745   0.00274226
      3.07248     0.235388   0.00288035
      3.07388     0.233589   0.00264152
      3.07528     0.235418   0.00209399
      3.07668     0.235670   0.00186858
      3.07807     0.234753   0.00185314
      3.07947     0.240139   0.00200269
      3.08087     0.239772   0.00269893
      3.08227     0.236788   0.00333539
      3.08367     0.238255   0.00283400
      3.08507     0.240252   0.00234043
      3.08647     0.243090   0.00247208
      3.08787     0.242272   0.00224000
      3.08927     0.232043   0.00234630
      3.09067     0.234381   0.00237497
      3.09207     0.239726   0.00247441
      3.09347     0.238908   0.00286073
      3.09487     0.235213   0.00327983
      3.09627     0.239080   0.00312572
      3.09766     0.243037   0.00296788
      3.09906     0.237210   0.00259144
      3.10046     0.240959   0.00211325
      3.10186     0.246698   0.00198093
      3.10326     0.242745   0.00215388
      3.10466     0.232611   0.00283202
      3.10606     0.230437   0.00392768
      3.10747     0.247889   0.00312506
      3.10887     0.254580   0.00265389
      3.11027     0.238351   0.00276683
      3.11167     0.236770   0.00322714
      3.11307     0.250100   0.00242148
      3.11447     0.246472   0.00231750
      3.11587     0.233224   0.00268075
      3.11727     0.238195   0.00216103
      3.11867     0.245446   0.00183016
      3.12007     0.244866   0.00167286
      3.12147     0.245666   0.00167879
      3.12287     0.248289   0.00174325
      3.12427     0.248911   0.00200378
      3.12567     0.246368   0.00259059
      3.12708     0.243716   0.00372072
      3.12848     0.239431   0.00361778
      3.12988     0.247172   0.00228922
      3.13128     0.253619   0.00181037
      3.13268     0.248546   0.00178519
      3.13408     0.247387   0.00168519
      3.13549     0.249256   0.00163328
      3.13689     0.254987   0.00166882
      3.13829     0.254658   0.00191951
      3.13969     0.249274   0.00251711
      3.14109     0.252909   0.00232007
      3.14250     0.259308   0.00192373
      3.14390     0.262964   0.00182432
      3.14530     0.254481   0.00219052
      3.14670     0.249171   0.00292946
      3.14811     0.256916   0.00213783
      3.14951     0.255862   0.00186670
      3.15091     0.254124   0.00180151
      3.15231     0.259029   0.00163345
      3.15372     0.255691   0.00178448
      3.15512     0.250496   0.00199776
      3.15652     0.253068   0.00209747
      3.15793     0.258794   0.00188751
      3.15933     0.258258   0.00178598
      3.16073     0.255298   0.00166992
      3.16214     0.257996   0.00160729
      3.16354     0.260373   0.00154983
      3.16494     0.258828   0.00156802
      3.16635     0.258076   0.00168643
      3.16775     0.262552   0.00164759
      3.16916     0.264363   0.00157801
      3.17056     0.263351   0.00156659
      3.17196     0.262284   0.00169214
      3.17337     0.263596   0.00175397
      3.17477     0.264848   0.00183769
      3.17618     0.263708   0.00175585
      3.17758     0.266997   0.00162517
      3.17899     0.270660   0.00157780
      3.18039     0.270318   0.00167524
      3.18180     0.270413   0.00177849
      3.18320     0.271066   0.00184671
      3.18461     0.269568   0.00185826
      3.18601     0.268813   0.00174046
      3.18742     0.272856   0.00161759
      3.18882     0.279304   0.00180611
      3.19023     0.280542   0.00231505
      3.19163     0.274770   0.00338306
      3.19304     0.272159   0.00275020
      3.19445     0.278316   0.00202013
      3.19585     0.281355   0.00202437
      3.19726     0.283297   0.00278154
      3.19866     0.289158   0.00365679
      3.20007     0.297399   0.00284228
      3.20148     0.292003   0.00343095
      3.20288     0.291419   0.00368453
      3.20429     0.295342   0.00290195
      3.20570     0.286683   0.00348551
      3.20710     0.297200   0.00416250
      3.20851     0.298038   0.00475787
      3.20992     0.290469   0.00606436
      3.21132     0.304549   0.00528858
      3.21273     0.307806   0.00373674
      3.21414     0.294409   0.00300127
      3.21555     0.290094   0.00290166
      3.21695     0.289172   0.00266594
      3.21836     0.289294   0.00245401
      3.21977     0.291026   0.00264825
      3.22118     0.289717   0.00366455
      3.22258     0.285975   0.00549520
      3.22399     0.282580   0.00615647
      3.22540     0.289239   0.00431490
      3.22681     0.304439   0.00271121
      3.22822     0.304693   0.00301868
      3.22963     0.281676   0.00573132
      3.23103     0.279472   0.00444029
      3.23244     0.295574   0.00239216
      3.23385     0.297410   0.00179049
      3.23526     0.293903   0.00166346
      3.23667     0.295626   0.00169790
      3.23808     0.296018   0.00206422
      3.23949     0.291816   0.00279381
      3.24090     0.299522   0.00248882
      3.24231     0.304301   0.00219312
      3.24372     0.302859   0.00293218
      3.24513     0.303013   0.00391492
      3.24654     0.305204   0.00410268
      3.24795     0.298760   0.00406473
      3.24936     0.298176   0.00339443
      3.25077     0.310939   0.00211961
      3.25218     0.308580   0.00165207
      3.25359     0.302437   0.00159948
      3.25500     0.303064   0.00159374
      3.25641     0.305036   0.00161427
      3.25782     0.311053   0.00198266
      3.25923     0.308092   0.00321324
      3.26064     0.306357   0.00422100
      3.26206     0.308717   0.00393520
      3.26347     0.315677   0.00267400
      3.26488     0.317162   0.00201179
      3.26629     0.311963   0.00202522
      3.26770     0.323655   0.00240345
      3.26911     0.321540   0.00319260
      3.27053     0.303596   0.00485937
      3.27194     0.312452   0.00338401
      3.27335     0.327399   0.00202176
      3.27476     0.325017   0.00172265
      3.27617     0.323628   0.00167267
      3.27759     0.326619   0.00188736
      3.27900     0.309709   0.00248758
      3.28041     0.308173   0.00255808
      3.28183     0.329448   0.00181087
      3.28324     0.331731   0.00157435
      3.28465     0.325061   0.00154199
      3.28606     0.324706   0.00153853
      3.28748     0.328681   0.00154473
      3.28889     0.333008   0.00156978
      3.29031     0.336074   0.00185222
      3.29172     0.343571   0.00189937
      3.29313     0.351745   0.00207841
      3.29455     0.360710   0.00288234
      3.29596     0.370801   0.00315329
      3.29737     0.367793   0.00393643
      3.29879     0.359815   0.00467153
      3.30020     0.360154   0.00325859
      3.30162     0.361275   0.00224550
      3.30303     0.355078   0.00203194
      3.30445     0.343717   0.00216461
      3.30586     0.341868   0.00223583
      3.30728     0.344536   0.00190439
      3.30869     0.340281   0.00202678
      3.31011     0.346655   0.00221311
      3.31152     0.357908   0.00242515
      3.31294     0.347493   0.00467274
      3.31436     0.326259    0.0168938
      3.31577     0.288689    0.0397163
      3.31719     0.316620    0.0255084
      3.31860     0.335176    0.0156944
      3.32002     0.331299   0.00880547
      3.32144     0.342877   0.00528724
      3.32285     0.332842   0.00379385
      3.32427     0.335763   0.00259013
      3.32568     0.340336   0.00218190
      3.32710     0.329355   0.00239573
      3.32852     0.313725   0.00256941
      3.32994     0.316046   0.00210362
      3.33135     0.329017   0.00162371
      3.33277     0.327706   0.00156693
      3.33419     0.316007   0.00165841
      3.33560     0.320139   0.00171863
      3.33702     0.328175   0.00160215
      3.33844     0.318585   0.00186001
      3.33986     0.313873   0.00219781
      3.34128     0.318239   0.00210549
      3.34269     0.331068   0.00197592
      3.34411     0.337870   0.00183086
      3.34553     0.320424   0.00228441
      3.34695     0.314458   0.00249648
      3.34837     0.327817   0.00178094
      3.34979     0.329399   0.00164340
      3.35120     0.324452   0.00161685
      3.35262     0.327541   0.00159683
      3.35404     0.329787   0.00183314
      3.35546     0.325608   0.00219739
      3.35688     0.320061   0.00301826
      3.35830     0.335401   0.00248558
      3.35972     0.350327   0.00198828
      3.36114     0.336788   0.00187385
      3.36256     0.326187   0.00203552
      3.36398     0.327625   0.00183055
      3.36540     0.331992   0.00171708
      3.36682     0.329830   0.00167828
      3.36824     0.321917   0.00215982
      3.36966     0.326841   0.00229396
      3.37108     0.331596   0.00194250
      3.37250     0.329330   0.00170791
      3.37392     0.330282   0.00150750
      3.37534     0.328481   0.00160779
      3.37676     0.330321   0.00174190
      3.37818     0.338318   0.00167907
      3.37960     0.334719   0.00228125
      3.38103     0.333191   0.00239129
      3.38245     0.340684   0.00215452
      3.38387     0.340697   0.00183095
      3.38529     0.334726   0.00179553
      3.38671     0.328036   0.00162887
      3.38813     0.328929   0.00143824
      3.38956     0.336810   0.00151357
      3.39098     0.338255   0.00190839
      3.39240     0.334626   0.00230938
      3.39382     0.338886   0.00211456
      3.39524     0.340528   0.00165315
      3.39667     0.336884   0.00160297
      3.39809     0.337304   0.00150298
      3.39951     0.337938   0.00146582
      3.40093     0.339514   0.00148680
      3.40236     0.341321   0.00183055
      3.40378     0.336843   0.00238889
      3.40520     0.339097   0.00266953
      3.40663     0.349476   0.00207663
      3.40805     0.351404   0.00198753
      3.40947     0.345422   0.00193589
      3.41090     0.343150   0.00176563
      3.41232     0.344277   0.00168941
      3.41374     0.346907   0.00174984
      3.41517     0.344216   0.00215560
      3.41659     0.335890   0.00234263
      3.41802     0.338364   0.00207289
      3.41944     0.343918   0.00176572
      3.42086     0.342535   0.00153285
      3.42229     0.342505   0.00158231
      3.42371     0.343624   0.00158548
      3.42514     0.344502   0.00165594
      3.42656     0.348365   0.00174840
      3.42799     0.343014   0.00218567
      3.42941     0.335780   0.00232070
      3.43084     0.343141   0.00175291
      3.43226     0.345907   0.00152935
      3.43369     0.340958   0.00154687
      3.43511     0.339321   0.00153647
      3.43654     0.338710   0.00152596
      3.43796     0.342006   0.00154615
      3.43939     0.345238   0.00157530
      3.44081     0.339810   0.00186165
      3.44224     0.338213   0.00188253
      3.44367     0.341114   0.00162955
      3.44509     0.341945   0.00151857
      3.44652     0.341378   0.00146587
      3.44794     0.340586   0.00151416
      3.44937     0.332523   0.00153962
      3.45080     0.332457   0.00148903
      3.45222     0.341942   0.00157228
      3.45365     0.344890   0.00170372
      3.45508     0.343762   0.00189166
      3.45650     0.341908   0.00165530
      3.45793     0.344327   0.00150652
      3.45936     0.343361   0.00152576
      3.46078     0.341495   0.00139354
      3.46221     0.343906   0.00143559
      3.46364     0.345980   0.00149177
      3.46506     0.347803   0.00156465
      3.46649     0.346616   0.00166752
      3.46792     0.345152   0.00173938
      3.46935     0.344004   0.00157422
      3.47077     0.340545   0.00141383
      3.47220     0.340145   0.00147041
      3.47363     0.342299   0.00140391
      3.47506     0.342818   0.00147032
      3.47649     0.342618   0.00146208
      3.47791     0.341895   0.00158580
      3.47934     0.341947   0.00154582
      3.48077     0.340249   0.00159922
      3.48220     0.341761   0.00155126
      3.48363     0.342437   0.00149876
      3.48505     0.342776   0.00145190
      3.48648     0.344789   0.00138483
      3.48791     0.347081   0.00146625
      3.48934     0.348871   0.00150349
      3.49077     0.346687   0.00154462
      3.49220     0.343943   0.00152703
      3.49363     0.344576   0.00155622
      3.49506     0.345186   0.00153626
      3.49648     0.345812   0.00146706
      3.49791     0.348144   0.00144916
      3.49934     0.350779   0.00146735
      3.50077     0.352475   0.00145721
      3.50220     0.351162   0.00146724
      3.50363     0.349762   0.00152757
      3.50506     0.349462   0.00152642
      3.50649     0.350371   0.00152536
      3.50792     0.351183   0.00144827
      3.50935     0.349757   0.00140101
      3.51078     0.348429   0.00144861
      3.51221     0.344482   0.00145231
      3.51364     0.333981   0.00145595
      3.51507     0.329999   0.00147204
      3.51650     0.340765   0.00148863
      3.51793     0.349578   0.00149645
      3.51936     0.350504   0.00151273
      3.52079     0.350213   0.00145388
      3.52222     0.341546   0.00141013
      3.52365     0.335303   0.00140942
      3.52508     0.345809   0.00145370
      3.52651     0.355440   0.00141064
      3.52794     0.358069   0.00145330
      3.52937     0.358318   0.00146290
      3.53080     0.352495   0.00150294
      3.53223     0.350777   0.00146485
      3.53366     0.354954   0.00144831
      3.53509     0.352557   0.00145998
      3.53653     0.351936   0.00147029
      3.53796     0.352800   0.00152592
      3.53939     0.349274   0.00144781
      3.54082     0.353280   0.00152038
      3.54225     0.359251   0.00152172
      3.54368     0.359386   0.00156546
      3.54511     0.359225   0.00154992
      3.54654     0.363409   0.00148269
      3.54797     0.361870   0.00151272
      3.54941     0.356646   0.00156356
      3.55084     0.358312   0.00155856
      3.55227     0.359116   0.00147958
      3.55370     0.356001   0.00144052
      3.55513     0.357403   0.00141255
      3.55656     0.359128   0.00147997
      3.55799     0.354663   0.00146026
      3.55943     0.354336   0.00148424
      3.56086     0.359552   0.00143553
      3.56229     0.359380   0.00147960
      3.56372     0.353772   0.00155258
      3.56515     0.352740   0.00141572
      3.56658     0.356030   0.00146054
      3.56802     0.357753   0.00149795
      3.56945     0.359739   0.00161285
      3.57088     0.362090   0.00155888
      3.57231     0.357951   0.00159512
      3.57374     0.357977   0.00146420
      3.57518     0.360812   0.00157211
      3.57661     0.357360   0.00156348
      3.57804     0.357716   0.00166146
      3.57947     0.362622   0.00155645
      3.58090     0.359712   0.00149321
      3.58234     0.356416   0.00150538
      3.58377     0.357738   0.00148155
      3.58520     0.358349   0.00139857
      3.58663     0.362548   0.00144609
      3.58807     0.362048   0.00147765
      3.58950     0.358615   0.00153929
      3.59093     0.368753   0.00149114
      3.59236     0.377224   0.00165872
      3.59379     0.368205   0.00152003
      3.59523     0.358213   0.00144243
      3.59666     0.358187   0.00151372
      3.59809     0.360046   0.00151299
      3.59952     0.359467   0.00146367
      3.60096     0.359122   0.00144323
      3.60239     0.360275   0.00151450
      3.60382     0.361847   0.00150436
      3.60525     0.360710   0.00137503
      3.60669     0.358991   0.00139524
      3.60812     0.359552   0.00146410
      3.60955     0.360843   0.00147587
      3.61098     0.362101   0.00148528
      3.61242     0.363852   0.00161288
      3.61385     0.362648   0.00158380
      3.61528     0.363289   0.00151914
      3.61671     0.360770   0.00148121
      3.61815     0.354904   0.00144909
      3.61958     0.357280   0.00148844
      3.62101     0.362792   0.00156298
      3.62244     0.366386   0.00150157
      3.62388     0.365325   0.00147516
      3.62531     0.364350   0.00144092
      3.62674     0.362268   0.00148932
      3.62817     0.359713   0.00143434
      3.62961     0.362188   0.00145948
      3.63104     0.362448   0.00145781
      3.63247     0.361026   0.00154940
      3.63390     0.363352   0.00151102
      3.63534     0.366597   0.00157007
      3.63677     0.364696   0.00147856
      3.63820     0.364087   0.00143436
      3.63963     0.359575   0.00141173
      3.64107     0.358140   0.00142635
      3.64250     0.363727   0.00137302
      3.64393     0.366872   0.00141932
      3.64536     0.368775   0.00140423
      3.64679     0.369450   0.00143062
      3.64823     0.367990   0.00145478
      3.64966     0.368785   0.00139569
      3.65109     0.369044   0.00138239
      3.65252     0.369354   0.00148691
      3.65396     0.370881   0.00155788
      3.65539     0.370050   0.00145044
      3.65682     0.367162   0.00144259
      3.65825     0.365356   0.00137764
      3.65968     0.365516   0.00137980
      3.66112     0.367073   0.00139481
      3.66255     0.370726   0.00141094
      3.66398     0.377221   0.00139829
      3.66541     0.375486   0.00139345
      3.66684     0.369610   0.00146134
      3.66828     0.367402   0.00141768
      3.66971     0.369526   0.00144540
      3.67114     0.370443   0.00150428
      3.67257     0.365663   0.00161200
      3.67400     0.369350   0.00147142
      3.67543     0.375823   0.00149174
      3.67687     0.372100   0.00150820
      3.67830     0.371228   0.00151340
      3.67973     0.377322   0.00143858
      3.68116     0.377465   0.00137417
      3.68259     0.376338   0.00147195
      3.68402     0.373498   0.00146146
      3.68545     0.371264   0.00144860
      3.68688     0.372389   0.00150710
      3.68832     0.374779   0.00141528
      3.68975     0.375295   0.00145908
      3.69118     0.370694   0.00152117
      3.69261     0.367589   0.00153316
      3.69404     0.369983   0.00146256
      3.69547     0.373231   0.00151645
      3.69690     0.374438   0.00137783
      3.69833     0.373976   0.00147235
      3.69976     0.370980   0.00144669
      3.70119     0.369201   0.00142229
      3.70262     0.371942   0.00143534
      3.70405     0.373408   0.00142524
      3.70548     0.373730   0.00144148
      3.70691     0.375672   0.00147661
      3.70834     0.376784   0.00138551
      3.70977     0.376093   0.00143601
      3.71120     0.376149   0.00139401
      3.71263     0.374567   0.00150269
      3.71406     0.367832   0.00144223
      3.71549     0.368015   0.00149043
      3.71692     0.374142   0.00137160
      3.71835     0.377959   0.00158723
      3.71978     0.378178   0.00138822
      3.72121     0.376630   0.00149458
      3.72264     0.379343   0.00142445
      3.72407     0.380932   0.00142888
      3.72550     0.377538   0.00141898
      3.72693     0.376201   0.00150617
      3.72836     0.376897   0.00150413
      3.72979     0.377802   0.00148645
      3.73122     0.378219   0.00151091
      3.73264     0.377289   0.00146731
      3.73407     0.377523   0.00148837
      3.73550     0.382709   0.00156478
      3.73693     0.385763   0.00148328
      3.73836     0.388965   0.00151823
      3.73979     0.391082   0.00162747
      3.74121     0.390535   0.00146754
      3.74264     0.395989   0.00154072
      3.74407     0.405055   0.00160516
      3.74550     0.405265   0.00151562
      3.74692     0.398313   0.00155502
      3.74835     0.391535   0.00151498
      3.74978     0.387223   0.00151529
      3.75121     0.382610   0.00138749
      3.75263     0.378754   0.00147178
      3.75406     0.376500   0.00150719
      3.75549     0.379048   0.00150256
      3.75691     0.380666   0.00146373
      3.75834     0.378931   0.00156907
      3.75977     0.380218   0.00143349
      3.76119     0.374994   0.00148978
      3.76262     0.370904   0.00151031
      3.76404     0.376851   0.00148239
      3.76547     0.379923   0.00157474
      3.76690     0.375213   0.00148570
      3.76832     0.372740   0.00154842
      3.76975     0.377742   0.00150911
      3.77117     0.382945   0.00158528
      3.77260     0.384425   0.00146181
      3.77402     0.384212   0.00150906
      3.77545     0.380242   0.00152394
      3.77687     0.380894   0.00149093
      3.77830     0.384274   0.00140793
      3.77972     0.384125   0.00150032
      3.78115     0.383659   0.00151555
      3.78257     0.382914   0.00153479
      3.78399     0.387429   0.00162688
      3.78542     0.389213   0.00151649
      3.78684     0.383041   0.00156017
      3.78826     0.381737   0.00159354
      3.78969     0.383956   0.00155458
      3.79111     0.381908   0.00147250
      3.79253     0.378050   0.00150842
      3.79396     0.382790   0.00158933
      3.79538     0.389555   0.00168846
      3.79680     0.385286   0.00149041
      3.79822     0.382913   0.00151986
      3.79965     0.387754   0.00161707
      3.80107     0.384970   0.00153259
      3.80249     0.381686   0.00138548
      3.80391     0.387877   0.00148871
      3.80533     0.386465   0.00152141
      3.80675     0.383948   0.00154736
      3.80817     0.387229   0.00154601
      3.80959     0.389074   0.00146917
      3.81102     0.393498   0.00160415
      3.81244     0.387260   0.00161608
      3.81386     0.380793   0.00161168
      3.81528     0.382648   0.00159633
      3.81670     0.387305   0.00168318
      3.81812     0.387401   0.00155369
      3.81953     0.378547   0.00159700
      3.82095     0.374424   0.00156962
      3.82237     0.376084   0.00152806
      3.82379     0.379812   0.00141216
      3.82521     0.381247   0.00157960
      3.82663     0.378602   0.00157170
      3.82805     0.379560   0.00158373
      3.82946     0.379272   0.00156852
      3.83088     0.372997   0.00150788
      3.83230     0.374751   0.00152928
      3.83372     0.379202   0.00154667
      3.83513     0.378542   0.00154472
      3.83655     0.376444   0.00158719
      3.83797     0.378630   0.00153786
      3.83938     0.378363   0.00153692
      3.84080     0.376746   0.00168811
      3.84222     0.378513   0.00151902
      3.84363     0.382956   0.00150202
      3.84505     0.388692   0.00168297
      3.84646     0.388000   0.00158019
      3.84788     0.383118   0.00160504
      3.84929     0.382474   0.00154596
      3.85071     0.382054   0.00166035
      3.85212     0.381775   0.00160556
      3.85354     0.381602   0.00159483
      3.85495     0.381140   0.00161407
      3.85636     0.383176   0.00160146
      3.85778     0.382697   0.00159835
      3.85919     0.384521   0.00164745
      3.86060     0.390696   0.00167281
      3.86201     0.392060   0.00164844
      3.86343     0.386850   0.00158683
      3.86484     0.386279   0.00167173
      3.86625     0.388826   0.00157854
      3.86766     0.392641   0.00158659
      3.86907     0.391260   0.00172616
      3.87048     0.389014   0.00176631
      3.87189     0.389972   0.00165498
      3.87330     0.391156   0.00181560
      3.87472     0.388489   0.00170146
      3.87612     0.385047   0.00176751
      3.87753     0.381551   0.00171420
      3.87894     0.383253   0.00174773
      3.88035     0.387871   0.00180985
      3.88176     0.386880   0.00180457
      3.88317     0.388300   0.00174971
      3.88458     0.386950   0.00180780
      3.88599     0.389049   0.00182822
      3.88739     0.388340   0.00170611
      3.88880     0.386135   0.00198481
      3.89021     0.390846   0.00189542
      3.89161     0.390818   0.00178134
      3.89302     0.388357   0.00184406
      3.89443     0.391114   0.00186284
      3.89583     0.395372   0.00176517
      3.89724     0.393621   0.00176154
      3.89864     0.388219   0.00190119
      3.90005     0.381077   0.00161698
      3.90145     0.382797   0.00181466
      3.90286     0.389475   0.00191873
      3.90426     0.392905   0.00189061
      3.90566     0.396916   0.00178677
      3.90707     0.400621   0.00187954
      3.90847     0.401629   0.00198083
      3.90987     0.398693   0.00189523
      3.91127     0.394608   0.00195351
      3.91268     0.395837   0.00193109
      3.91408     0.394330   0.00189533
      3.91548     0.386979   0.00184185
      3.91688     0.383600   0.00193131
      3.91828     0.383369   0.00183048
      3.91968     0.388024   0.00190896
      3.92108     0.390249   0.00186829
      3.92248     0.388738   0.00172109
      3.92388     0.389924   0.00193249
      3.92528     0.391394   0.00194770
      3.92668     0.393558   0.00182551
      3.92808     0.397235   0.00188685
      3.92947     0.393524   0.00195392
      3.93087     0.387517   0.00187613
      3.93227     0.388362   0.00184256
      3.93366     0.391945   0.00175071
      3.93506     0.391203   0.00174029
      3.93646     0.385231   0.00174404
      3.93785     0.380637   0.00170580
      3.93925     0.385481   0.00175060
      3.94064     0.388497   0.00180838
      3.94204     0.386075   0.00172205
      3.94343     0.385858   0.00171802
      3.94482     0.394414   0.00173098
      3.94622     0.393863   0.00172590
      3.94761     0.387822   0.00170678
      3.94900     0.389238   0.00177248
      3.95040     0.387964   0.00173987
      3.95179     0.390801   0.00169577
      3.95318     0.392633   0.00180871
      3.95457     0.392152   0.00171025
      3.95596     0.395191   0.00162334
      3.95735     0.395058   0.00173960
      3.95874     0.392897   0.00169720
      3.96013     0.395069   0.00184252
      3.96152     0.399125   0.00170571
      3.96291     0.397507   0.00173947
      3.96430     0.393227   0.00171419
      3.96568     0.393293   0.00184673
      3.96707     0.393246   0.00176592
      3.96846     0.391685   0.00181793
      3.96984     0.391586   0.00170852
      3.97123     0.390381   0.00173982
      3.97262     0.387057   0.00178397
      3.97400     0.391335   0.00177955
      3.97539     0.399232   0.00172380
      3.97677     0.398616   0.00178797
      3.97815     0.394203   0.00182335
      3.97954     0.389204   0.00173131
      3.98092     0.381029   0.00182374
      3.98230     0.380629   0.00173904
      3.98369     0.381845   0.00189514
      3.98507     0.377483   0.00179802
      3.98645     0.371378   0.00186040
      3.98783     0.370575   0.00179102
      3.98921     0.377719   0.00179623
      3.99059     0.383499   0.00183201
      3.99197     0.384994   0.00173285
      3.99335     0.383892   0.00174719
      3.99473     0.383696   0.00182366
      3.99611     0.385774   0.00173091
      3.99748     0.386612   0.00169978
      3.99886     0.385690   0.00172794
      4.00024     0.382739   0.00183590
      4.00161     0.382857   0.00185364
      4.00299     0.383717   0.00174384
      4.00436     0.383897   0.00183051
      4.00574     0.391980   0.00175228
      4.00711     0.397576   0.00187085
      4.00849     0.395452   0.00184071
      4.00986     0.381057   0.00175858
      4.01123     0.375377   0.00190276
      4.01261     0.385933   0.00171493
      4.01398     0.385446   0.00183874
      4.01535     0.386633   0.00194012
      4.01672     0.390138   0.00188719
      4.01809     0.391323   0.00190710
      4.01946     0.394589   0.00164474
      4.02083     0.397662   0.00187867
      4.02220     0.406399   0.00198945
      4.02357     0.413959   0.00211650
      4.02493     0.406896   0.00203320
      4.02630     0.396069   0.00199405
      4.02767     0.388814   0.00201776
      4.02903     0.391151   0.00207181
      4.03040     0.396034   0.00196676
      4.03176     0.394787   0.00182131
      4.03313     0.397251   0.00189406
      4.03449     0.400568   0.00195200
      4.03586     0.399186   0.00189885
      4.03722     0.401994   0.00203226
      4.03858     0.401993   0.00206290
      4.03994     0.396858   0.00212910
      4.04131     0.397677   0.00193936
      4.04267     0.399454   0.00211979
      4.04403     0.404283   0.00197274
      4.04539     0.406250   0.00208525
      4.04674     0.408470   0.00205867
      4.04810     0.416063   0.00215106
      4.04946     0.420776   0.00219094
      4.05082     0.424640   0.00219287
      4.05218     0.433086   0.00234108
      4.05353     0.442607   0.00222882
      4.05489     0.445293   0.00228868
      4.05624     0.440032   0.00217746
      4.05760     0.431077   0.00217180
      4.05895     0.420745   0.00206789
      4.06030     0.415652   0.00204111
      4.06166     0.410524   0.00191926
      4.06301     0.410207   0.00210103
      4.06436     0.408014   0.00217688
      4.06571     0.403806   0.00196179
      4.06706     0.406835   0.00231300
      4.06841     0.408920   0.00223894
      4.06976     0.405289   0.00231415
      4.07111     0.399723   0.00226210
      4.07246     0.395870   0.00223729
      4.07381     0.394981   0.00228827
      4.07515     0.394360   0.00209792
      4.07650     0.392551   0.00216853
      4.07784     0.393017   0.00211119
      4.07919     0.397721   0.00224344
      4.08053     0.401040   0.00218109
      4.08188     0.396614   0.00234719
      4.08322     0.390951   0.00239542
      4.08456     0.393290   0.00224122
      4.08590     0.393989   0.00233656
      4.08725     0.388933   0.00233952
      4.08859     0.393945   0.00223308
      4.08993     0.391541   0.00243373
      4.09127     0.394371   0.00230795
      4.09260     0.400349   0.00229353
      4.09394     0.396328   0.00226341
      4.09528     0.391731   0.00215982
      4.09662     0.400063   0.00227592
      4.09795     0.400989   0.00240197
      4.09929     0.390812   0.00245309
      4.10062     0.394517   0.00224203
      4.10196     0.397275   0.00254539
      4.10329     0.395836   0.00257612
      4.10462     0.399859   0.00235211
      4.10595     0.406877   0.00249335
      4.10728     0.411795   0.00258547
      4.10862     0.408337   0.00258857
      4.10995     0.400549   0.00234086
      4.11127     0.393698   0.00232444
      4.11260     0.391115   0.00233748
      4.11393     0.391709   0.00269460
      4.11526     0.397034   0.00232209
      4.11658     0.400468   0.00235221
      4.11791     0.398526   0.00236428
      4.11924     0.400441   0.00255963
      4.12056     0.400740   0.00246097
      4.12188     0.405859   0.00261809
      4.12321     0.403232   0.00276931
      4.12453     0.399711   0.00276436
      4.12585     0.398862   0.00231966
      4.12717     0.398598   0.00262802
      4.12849     0.396533   0.00255827
      4.12981     0.394402   0.00251187
      4.13113     0.404712   0.00239005
      4.13245     0.406113   0.00245607
      4.13376     0.401460   0.00296916
      4.13508     0.399087   0.00279158
      4.13639     0.391067   0.00266252
      4.13771     0.383398   0.00259237
      4.13902     0.384467   0.00278656
      4.14034     0.400864   0.00259113
      4.14165     0.417400   0.00270629
      4.14296     0.414655   0.00268918
      4.14427     0.408339   0.00298271
      4.14558     0.407847   0.00262033
      4.14689     0.404603   0.00279401
      4.14820     0.403364   0.00264655
      4.14951     0.405707   0.00269340
      4.15082     0.400913   0.00265191
      4.15212     0.400279   0.00289749
      4.15343     0.400141   0.00298246
      4.15473     0.397128   0.00312004
      4.15604     0.405539   0.00286140
      4.15734     0.405272   0.00333968
      4.15864     0.399809   0.00315561
      4.15994     0.402797   0.00267803
      4.16125     0.402856   0.00317498
      4.16255     0.397865   0.00310481
      4.16384     0.396123   0.00338907
      4.16514     0.403273   0.00340768
      4.16644     0.412712   0.00362139
      4.16774     0.417955   0.00382853
      4.16903     0.410135   0.00392579
      4.17033     0.397212   0.00412212
      4.17162     0.392349   0.00395087
      4.17292     0.395002   0.00418216
      4.17421     0.402819   0.00468058
      4.17550     0.405276   0.00455868
      4.17679     0.400120   0.00587618
      4.17808     0.395541   0.00526692
      4.17937     0.397861   0.00693220
      4.18066     0.396063   0.00919804
      4.18195     0.381285    0.0115212
      4.18324     0.364350    0.0164109
      4.18452     0.286094    0.0256068
      4.18581     0.247989    0.0531307
      4.18709     0.283911     0.147605
      4.18837    -0.184498     0.376529
      4.18966     -4.44143      11.0234
      4.19094     -4.59787      2.04792
      4.19222     -2.16977     0.889424
      4.19350      6.61429      2.92997
      4.19478      6.54399      1.46422
      4.19606     0.719151      2.47879
      4.19733     -116.822      7.52762
      4.19861     -104.336      39.8795
      4.19989     -6.37394      5.39471
      4.20116     -5.95692      3.63331
      4.20243      17.8124      1.59550
      4.20371      11.8604      5.88743
      4.20498     -52.1912      2.37532
      4.20625     -43.9907      15.1302
      4.20752     -1.90691      1.83242
      4.20879     -1.11690      3135.62
      4.21006      2.13975      1.86530
      4.21132      13.1485      7.64990
      4.21259      6.44570      3.89024
      4.21386     -3.38293      40.4620
      4.21512     0.528116      1.48301
      4.21638      1.85369      1.71603
      4.21765      1.80296      62.4211
      4.21891     -45.2745      1.08949
      4.22017     -42.6789      19.3993
      4.22143     -37.4808      1.19971
      4.22269     -70.9438      11.3906
      4.22395     -39.9115      17.9793
      4.22520      2.34679      9.73845
      4.22646     -59.5160      17.6529
      4.22772     -64.2615      11.2440
      4.22897     -6.12765      1.75146
      4.23022    -0.473315      2.08547
      4.23147      3.76056      2.61885
      4.23273      4.36645      1.20155
      4.23398      6.26537      6.81558
      4.23523      5.52986      5.58553
      4.23647     -2.17669      12.9284
      4.23772     -3.54542      3.90436
      4.23897      1.58705      9823.77
      4.24021      14.7800      2.89185
      4.24146      8.94410      4.92436
      4.24270     -5.53237      29.5662
      4.24394     -6.32095      5.24094
      4.24518     -3.45078      5.99659
      4.24642     -1.02870      1.77997
      4.24766      0.00000      2.50976
