SOURCE  = EC 90B/CK 1B                  / Source name
STANDARD= BS5812                        / Standard name
OBSDATE = 07-05-2002                    / Date of observation
SPOS    = 18:29:57.4  01:13:43.4        / Source position RA,DEC,J2000
STPOS   = 15:38:39.3  -29:47:07.8       / Standard position RA,DEC,J2000
STSPT   = B2.55V                        / Standard spectral type
STTEFF  = 19950                         / Standard effective temperature [K]
STMAG   = 4.199                         / Standard magnitude (adopted)
WAVEZP  = 3.45                          / Wavelength zero point [micron]
FLUXZP  = 290                           / Flux zero point [Jy]
SAIRM   = 1.111                         / Source mean airmass
STAIRM  = 1.142                         / Standard mean airmass
AIRMCORR= 1.02                          / Optimal (adopted) airmass correction
SPECRES = ~1200                         / Spectral resolution

Created by K. M. Pontoppidan             Sat May 10 20:26:00 2003

Wavelength [micron] Flux [Jy] Statistical Error [Jy]

      2.82058      0.00000    0.0208578
      2.82198     0.364459    0.0201748
      2.82339     0.390069    0.0165489
      2.82480     0.362714    0.0177887
      2.82620     0.341508    0.0124622
      2.82761     0.328363   0.00762745
      2.82902     0.330869   0.00860425
      2.83042     0.382224    0.0245259
      2.83183     0.165806     0.103054
      2.83323     0.139737     0.184670
      2.83464     0.474327     0.165400
      2.83604     0.462882     0.126457
      2.83745     0.359824    0.0285532
      2.83885     0.336183    0.0153721
      2.84026     0.313080    0.0112313
      2.84166     0.330578   0.00583034
      2.84307     0.347599   0.00509826
      2.84447     0.358393   0.00783882
      2.84588     0.399171    0.0174501
      2.84728     0.374335    0.0265455
      2.84868     0.333469    0.0133406
      2.85009     0.368029   0.00998235
      2.85149     0.379958    0.0202660
      2.85290     0.315375    0.0503640
      2.85430     0.270259    0.0243533
      2.85570     0.310845    0.0104041
      2.85711     0.333597   0.00731515
      2.85851     0.321187   0.00840855
      2.85991     0.314303   0.00782222
      2.86131     0.329412   0.00467292
      2.86272     0.325699   0.00409991
      2.86412     0.325053   0.00451268
      2.86552     0.323130   0.00561929
      2.86692     0.322697   0.00721856
      2.86833     0.340797   0.00687835
      2.86973     0.338277   0.00757199
      2.87113     0.279318    0.0122511
      2.87253     0.261791   0.00712216
      2.87393     0.306134   0.00351122
      2.87534     0.312790   0.00309798
      2.87674     0.301389   0.00387937
      2.87814     0.294972   0.00419207
      2.87954     0.294743   0.00353157
      2.88094     0.292755   0.00347235
      2.88234     0.295019   0.00370762
      2.88374     0.295101   0.00427921
      2.88514     0.298185   0.00392734
      2.88654     0.295983   0.00414623
      2.88794     0.278971   0.00632491
      2.88935     0.278238   0.00494319
      2.89075     0.284713   0.00365947
      2.89215     0.273888   0.00360642
      2.89355     0.268090   0.00307242
      2.89495     0.271893   0.00251152
      2.89635     0.273885   0.00238330
      2.89775     0.280485   0.00250504
      2.89915     0.288502   0.00352923
      2.90055     0.281359   0.00729161
      2.90195     0.282981   0.00628767
      2.90335     0.289034   0.00507663
      2.90475     0.268399   0.00578607
      2.90614     0.257770   0.00484750
      2.90754     0.266826   0.00374159
      2.90894     0.267257   0.00320424
      2.91034     0.267709   0.00270626
      2.91174     0.269739   0.00246956
      2.91314     0.261118   0.00288768
      2.91454     0.253123   0.00314990
      2.91594     0.252940   0.00288718
      2.91734     0.251171   0.00267618
      2.91874     0.256032   0.00250427
      2.92014     0.265677   0.00253523
      2.92153     0.267612   0.00377588
      2.92293     0.244087   0.00760422
      2.92433     0.226791   0.00839478
      2.92573     0.238199   0.00381902
      2.92713     0.245842   0.00264191
      2.92853     0.247780   0.00234308
      2.92993     0.242786   0.00234155
      2.93132     0.240996   0.00230853
      2.93272     0.240916   0.00220682
      2.93412     0.239707   0.00229512
      2.93552     0.239333   0.00228133
      2.93692     0.237934   0.00226062
      2.93831     0.235043   0.00277096
      2.93971     0.234826   0.00311952
      2.94111     0.241593   0.00284614
      2.94251     0.240895   0.00282280
      2.94391     0.231502   0.00346763
      2.94530     0.232621   0.00307355
      2.94670     0.234370   0.00285975
      2.94810     0.224877   0.00354939
      2.94950     0.225323   0.00282909
      2.95089     0.231718   0.00230473
      2.95229     0.235370   0.00225165
      2.95369     0.233145   0.00295917
      2.95509     0.224462   0.00390253
      2.95648     0.224220   0.00297227
      2.95788     0.227338   0.00243722
      2.95928     0.226553   0.00240379
      2.96068     0.227541   0.00244785
      2.96207     0.226584   0.00226463
      2.96347     0.221015   0.00222511
      2.96487     0.222513   0.00207451
      2.96627     0.229456   0.00215925
      2.96766     0.230063   0.00251567
      2.96906     0.230460   0.00349658
      2.97046     0.229394   0.00474755
      2.97186     0.225804   0.00656594
      2.97325     0.224272   0.00545713
      2.97465     0.217551   0.00468995
      2.97605     0.218447   0.00402373
      2.97744     0.226883   0.00302831
      2.97884     0.223670   0.00303392
      2.98024     0.226231   0.00349124
      2.98164     0.234491   0.00315645
      2.98303     0.231046   0.00267221
      2.98443     0.226282   0.00222844
      2.98583     0.223121   0.00211413
      2.98722     0.221047   0.00202221
      2.98862     0.221686   0.00196965
      2.99002     0.223808   0.00193412
      2.99142     0.221326   0.00198751
      2.99281     0.216360   0.00219226
      2.99421     0.219716   0.00222278
      2.99561     0.226443   0.00225155
      2.99700     0.224711   0.00264507
      2.99840     0.220151   0.00269800
      2.99980     0.222276   0.00237943
      3.00120     0.225772   0.00199893
      3.00259     0.225476   0.00191554
      3.00399     0.225243   0.00212556
      3.00539     0.223242   0.00261402
      3.00678     0.222206   0.00323443
      3.00818     0.225491   0.00286088
      3.00958     0.223239   0.00252608
      3.01098     0.223640   0.00208052
      3.01237     0.224379   0.00199501
      3.01377     0.218767   0.00210938
      3.01517     0.219410   0.00218277
      3.01657     0.224308   0.00212230
      3.01796     0.217405   0.00248498
      3.01936     0.215942   0.00299143
      3.02076     0.225881   0.00308530
      3.02215     0.221028   0.00335550
      3.02355     0.218538   0.00293380
      3.02495     0.228700   0.00207944
      3.02635     0.228330   0.00197299
      3.02774     0.221678   0.00198186
      3.02914     0.222744   0.00202436
      3.03054     0.226117   0.00212101
      3.03194     0.225104   0.00243340
      3.03333     0.228330   0.00286657
      3.03473     0.238896   0.00254261
      3.03613     0.235771   0.00295033
      3.03753     0.228085   0.00406783
      3.03892     0.241954   0.00339757
      3.04032     0.244013   0.00299440
      3.04172     0.233336   0.00266094
      3.04312     0.233553   0.00223721
      3.04451     0.229467   0.00228283
      3.04591     0.226097   0.00262384
      3.04731     0.228396   0.00253394
      3.04871     0.230064   0.00267130
      3.05011     0.234899   0.00299415
      3.05150     0.232818   0.00318252
      3.05290     0.226522   0.00382070
      3.05430     0.226190   0.00447942
      3.05570     0.226122   0.00386939
      3.05710     0.226684   0.00308657
      3.05849     0.224564   0.00219773
      3.05989     0.222890   0.00199951
      3.06129     0.220214   0.00211782
      3.06269     0.215782   0.00252436
      3.06409     0.220717   0.00255065
      3.06549     0.227633   0.00236579
      3.06688     0.226430   0.00232132
      3.06828     0.228233   0.00233737
      3.06968     0.231548   0.00261898
      3.07108     0.233076   0.00274694
      3.07248     0.227804   0.00288396
      3.07388     0.222530   0.00264591
      3.07528     0.223439   0.00209526
      3.07668     0.220183   0.00187035
      3.07807     0.220234   0.00185517
      3.07947     0.224654   0.00200506
      3.08087     0.221599   0.00270264
      3.08227     0.218282   0.00334124
      3.08367     0.226359   0.00283618
      3.08507     0.228158   0.00234238
      3.08647     0.225111   0.00247474
      3.08787     0.228075   0.00224220
      3.08927     0.225724   0.00234816
      3.09067     0.229821   0.00237767
      3.09207     0.237165   0.00247593
      3.09347     0.231149   0.00286551
      3.09487     0.228673   0.00328681
      3.09627     0.230818   0.00313117
      3.09766     0.228790   0.00297164
      3.09906     0.221545   0.00259413
      3.10046     0.220270   0.00211458
      3.10186     0.226669   0.00198222
      3.10326     0.227591   0.00215582
      3.10466     0.222271   0.00283693
      3.10606     0.217736   0.00393757
      3.10747     0.226589   0.00312871
      3.10887     0.236690   0.00265670
      3.11027     0.229456   0.00278482
      3.11167     0.226482   0.00323322
      3.11307     0.237816   0.00242315
      3.11447     0.234632   0.00232079
      3.11587     0.223246   0.00268635
      3.11727     0.225204   0.00216394
      3.11867     0.230231   0.00183171
      3.12007     0.233230   0.00167424
      3.12147     0.239537   0.00168034
      3.12287     0.243768   0.00174530
      3.12427     0.240470   0.00200664
      3.12567     0.233364   0.00259575
      3.12708     0.229653   0.00372936
      3.12848     0.231640   0.00364423
      3.12988     0.243767   0.00229209
      3.13128     0.252433   0.00181181
      3.13268     0.250731   0.00178728
      3.13408     0.250288   0.00168741
      3.13549     0.251119   0.00163503
      3.13689     0.256367   0.00167095
      3.13829     0.254121   0.00193080
      3.13969     0.244511   0.00252311
      3.14109     0.248901   0.00232268
      3.14250     0.257119   0.00192611
      3.14390     0.262158   0.00182656
      3.14530     0.256226   0.00219470
      3.14670     0.246140   0.00293762
      3.14811     0.254132   0.00214260
      3.14951     0.259948   0.00186965
      3.15091     0.260739   0.00180398
      3.15231     0.264160   0.00163579
      3.15372     0.264493   0.00178685
      3.15512     0.263405   0.00200218
      3.15652     0.265862   0.00210216
      3.15793     0.270068   0.00189092
      3.15933     0.269048   0.00178850
      3.16073     0.266685   0.00167220
      3.16214     0.267157   0.00160950
      3.16354     0.268757   0.00155181
      3.16494     0.271502   0.00156999
      3.16635     0.272369   0.00168912
      3.16775     0.273953   0.00164979
      3.16916     0.276946   0.00157968
      3.17056     0.280230   0.00156905
      3.17196     0.280861   0.00169518
      3.17337     0.282146   0.00175721
      3.17477     0.285980   0.00184075
      3.17618     0.288378   0.00175895
      3.17758     0.289286   0.00162719
      3.17899     0.290747   0.00158035
      3.18039     0.290659   0.00167762
      3.18180     0.290909   0.00178192
      3.18320     0.293703   0.00184953
      3.18461     0.292279   0.00186120
      3.18601     0.290703   0.00174339
      3.18742     0.294798   0.00161989
      3.18882     0.303136   0.00181039
      3.19023     0.304798   0.00232009
      3.19163     0.298168   0.00339575
      3.19304     0.299288   0.00275565
      3.19445     0.308391   0.00202258
      3.19585     0.310117   0.00202696
      3.19726     0.301759   0.00278840
      3.19866     0.301238   0.00367028
      3.20007     0.308877   0.00284788
      3.20148     0.303401   0.00343764
      3.20288     0.304309   0.00369529
      3.20429     0.313463   0.00290604
      3.20570     0.310701   0.00349487
      3.20710     0.316102   0.00417345
      3.20851     0.323250   0.00477014
      3.20992     0.326034   0.00607706
      3.21132     0.325364   0.00529738
      3.21273     0.320473   0.00374508
      3.21414     0.317586   0.00300653
      3.21555     0.313333   0.00290684
      3.21695     0.312080   0.00266908
      3.21836     0.316925   0.00245705
      3.21977     0.320225   0.00265278
      3.22118     0.323202   0.00367933
      3.22258     0.329606   0.00551488
      3.22399     0.322931   0.00616462
      3.22540     0.321340   0.00432551
      3.22681     0.342328   0.00271490
      3.22822     0.344289   0.00302487
      3.22963     0.323238   0.00575673
      3.23103     0.323375   0.00445494
      3.23244     0.335297   0.00239531
      3.23385     0.332976   0.00179230
      3.23526     0.326506   0.00166581
      3.23667     0.331784   0.00170066
      3.23808     0.336928   0.00206770
      3.23949     0.331439   0.00280216
      3.24090     0.338652   0.00249427
      3.24231     0.347106   0.00219696
      3.24372     0.341163   0.00294060
      3.24513     0.340480   0.00377241
      3.24654     0.350878   0.00411304
      3.24795     0.351687   0.00407251
      3.24936     0.341731   0.00340316
      3.25077     0.343992   0.00212325
      3.25218     0.345071   0.00165423
      3.25359     0.342238   0.00160191
      3.25500     0.342579   0.00159575
      3.25641     0.345816   0.00161616
      3.25782     0.349849   0.00198584
      3.25923     0.339991   0.00322244
      3.26064     0.345859   0.00423536
      3.26206     0.354421   0.00394226
      3.26347     0.356617   0.00267769
      3.26488     0.363198   0.00201365
      3.26629     0.357256   0.00202729
      3.26770     0.364663   0.00240649
      3.26911     0.361779   0.00319774
      3.27053     0.337898   0.00487867
      3.27194     0.347669   0.00339412
      3.27335     0.369018   0.00202522
      3.27476     0.366665   0.00172471
      3.27617     0.371189   0.00167541
      3.27759     0.371816   0.00189093
      3.27900     0.355898   0.00249158
      3.28041     0.363370   0.00256366
      3.28183     0.382593   0.00181291
      3.28324     0.379035   0.00157631
      3.28465     0.376886   0.00154400
      3.28606     0.376963   0.00154068
      3.28748     0.378133   0.00154693
      3.28889     0.379706   0.00157301
      3.29031     0.382887   0.00185516
      3.29172     0.395354   0.00190263
      3.29313     0.408438   0.00208166
      3.29455     0.426594   0.00288969
      3.29596     0.460600   0.00316179
      3.29737     0.464423   0.00394364
      3.29879     0.433050   0.00468710
      3.30020     0.413510   0.00326481
      3.30162     0.406636   0.00224811
      3.30303     0.400321   0.00203395
      3.30445     0.391496   0.00216684
      3.30586     0.393913   0.00223903
      3.30728     0.400374   0.00190713
      3.30869     0.395710   0.00202941
      3.31011     0.401190   0.00221515
      3.31152     0.413483   0.00242952
      3.31294     0.399971   0.00468647
      3.31436     0.401064    0.0170523
      3.31577     0.412458    0.0403155
      3.31719     0.402137    0.0254980
      3.31860     0.408862    0.0157516
      3.32002     0.428582   0.00882978
      3.32144     0.418418   0.00530176
      3.32285     0.404980   0.00380277
      3.32427     0.410679   0.00259260
      3.32568     0.412027   0.00218404
      3.32710     0.401522   0.00239896
      3.32852     0.378832   0.00257475
      3.32994     0.388738   0.00210860
      3.33135     0.411135   0.00162602
      3.33277     0.408765   0.00156845
      3.33419     0.400973   0.00165999
      3.33560     0.413636   0.00172109
      3.33702     0.432584   0.00160426
      3.33844     0.426855   0.00186334
      3.33986     0.419267   0.00220297
      3.34128     0.420084   0.00210934
      3.34269     0.428662   0.00197875
      3.34411     0.434539   0.00183363
      3.34553     0.411287   0.00228877
      3.34695     0.403437   0.00250055
      3.34837     0.422688   0.00178291
      3.34979     0.423288   0.00164504
      3.35120     0.415882   0.00161861
      3.35262     0.419923   0.00159855
      3.35404     0.425850   0.00178377
      3.35546     0.430551   0.00220112
      3.35688     0.425654   0.00302583
      3.35830     0.432340   0.00248930
      3.35972     0.444087   0.00198968
      3.36114     0.433639   0.00187715
      3.36256     0.421931   0.00203882
      3.36398     0.422462   0.00183268
      3.36540     0.430052   0.00171982
      3.36682     0.429813   0.00168088
      3.36824     0.422102   0.00216525
      3.36966     0.427907   0.00229856
      3.37108     0.432765   0.00194489
      3.37250     0.424213   0.00171035
      3.37392     0.423852   0.00150958
      3.37534     0.427223   0.00161025
      3.37676     0.432158   0.00174565
      3.37818     0.441970   0.00168187
      3.37960     0.440202   0.00228556
      3.38103     0.437069   0.00240068
      3.38245     0.441511   0.00215741
      3.38387     0.441260   0.00183319
      3.38529     0.437558   0.00179796
      3.38671     0.433782   0.00163101
      3.38813     0.434361   0.00144025
      3.38956     0.435596   0.00151649
      3.39098     0.435025   0.00191146
      3.39240     0.437022   0.00231399
      3.39382     0.445686   0.00211847
      3.39524     0.451401   0.00165578
      3.39667     0.452979   0.00160511
      3.39809     0.451475   0.00150500
      3.39951     0.449954   0.00146803
      3.40093     0.449083   0.00148908
      3.40236     0.447225   0.00183448
      3.40378     0.439964   0.00239427
      3.40520     0.440638   0.00267843
      3.40663     0.449613   0.00208013
      3.40805     0.449764   0.00199106
      3.40947     0.446957   0.00193969
      3.41090     0.445618   0.00176902
      3.41232     0.446273   0.00169199
      3.41374     0.452970   0.00175259
      3.41517     0.453106   0.00216082
      3.41659     0.442069   0.00234907
      3.41802     0.447094   0.00207671
      3.41944     0.453052   0.00176879
      3.42086     0.444493   0.00153553
      3.42229     0.441781   0.00158541
      3.42371     0.446734   0.00158860
      3.42514     0.453067   0.00165903
      3.42656     0.458260   0.00175169
      3.42799     0.451661   0.00219018
      3.42941     0.447238   0.00232681
      3.43084     0.458452   0.00175579
      3.43226     0.460906   0.00153139
      3.43369     0.456637   0.00154852
      3.43511     0.453970   0.00153899
      3.43654     0.453428   0.00152920
      3.43796     0.453692   0.00154877
      3.43939     0.454510   0.00157799
      3.44081     0.456319   0.00186527
      3.44224     0.457618   0.00188682
      3.44367     0.462567   0.00163368
      3.44509     0.466016   0.00152172
      3.44652     0.465412   0.00146872
      3.44794     0.462801   0.00151664
      3.44937     0.459943   0.00154330
      3.45080     0.457229   0.00149106
      3.45222     0.459309   0.00157419
      3.45365     0.463805   0.00170730
      3.45508     0.468734   0.00189599
      3.45650     0.475175   0.00165890
      3.45793     0.479067   0.00150954
      3.45936     0.478661   0.00152909
      3.46078     0.474903   0.00139650
      3.46221     0.468808   0.00143841
      3.46364     0.466217   0.00149490
      3.46506     0.469644   0.00156792
      3.46649     0.473036   0.00167198
      3.46792     0.473785   0.00174434
      3.46935     0.470583   0.00157759
      3.47077     0.466126   0.00141556
      3.47220     0.465911   0.00147272
      3.47363     0.465776   0.00140638
      3.47506     0.466389   0.00147332
      3.47649     0.469757   0.00146495
      3.47791     0.475694   0.00158854
      3.47934     0.477108   0.00154887
      3.48077     0.476541   0.00160214
      3.48220     0.482988   0.00155395
      3.48363     0.483393   0.00150165
      3.48505     0.482398   0.00145461
      3.48648     0.484907   0.00138728
      3.48791     0.483670   0.00146893
      3.48934     0.482879   0.00150658
      3.49077     0.482445   0.00154792
      3.49220     0.484473   0.00153015
      3.49363     0.486833   0.00155905
      3.49506     0.487976   0.00153834
      3.49648     0.489288   0.00146972
      3.49791     0.487920   0.00145138
      3.49934     0.490731   0.00146998
      3.50077     0.498774   0.00146026
      3.50220     0.497734   0.00147004
      3.50363     0.491915   0.00153049
      3.50506     0.489369   0.00152946
      3.50649     0.488121   0.00152814
      3.50792     0.489399   0.00145094
      3.50935     0.491214   0.00140330
      3.51078     0.494979   0.00145062
      3.51221     0.498569   0.00145471
      3.51364     0.498974   0.00145979
      3.51507     0.497350   0.00147492
      3.51650     0.497676   0.00149067
      3.51793     0.498877   0.00149889
      3.51936     0.500701   0.00151585
      3.52079     0.505049   0.00145667
      3.52222     0.511133   0.00141259
      3.52365     0.512892   0.00141132
      3.52508     0.512176   0.00145566
      3.52651     0.510528   0.00141266
      3.52794     0.510796   0.00145584
      3.52937     0.512775   0.00146487
      3.53080     0.507513   0.00150508
      3.53223     0.503279   0.00146688
      3.53366     0.502912   0.00145010
      3.53509     0.504613   0.00146173
      3.53653     0.507934   0.00147163
      3.53796     0.504946   0.00152843
      3.53939     0.504895   0.00144858
      3.54082     0.512813   0.00152245
      3.54225     0.514975   0.00152406
      3.54368     0.514676   0.00156783
      3.54511     0.513185   0.00155143
      3.54654     0.515420   0.00148463
      3.54797     0.522766   0.00151499
      3.54941     0.522372   0.00156569
      3.55084     0.519041   0.00156065
      3.55227     0.518811   0.00148209
      3.55370     0.520567   0.00144252
      3.55513     0.522591   0.00141566
      3.55656     0.522813   0.00148220
      3.55799     0.517124   0.00146237
      3.55943     0.513632   0.00148628
      3.56086     0.516300   0.00143754
      3.56229     0.518514   0.00148161
      3.56372     0.520118   0.00155592
      3.56515     0.521966   0.00141821
      3.56658     0.524946   0.00146240
      3.56802     0.527017   0.00150013
      3.56945     0.527316   0.00161503
      3.57088     0.529137   0.00156120
      3.57231     0.533941   0.00159738
      3.57374     0.539392   0.00146620
      3.57518     0.540185   0.00157405
      3.57661     0.540752   0.00156452
      3.57804     0.542942   0.00166398
      3.57947     0.539661   0.00155881
      3.58090     0.540780   0.00149515
      3.58234     0.543019   0.00150734
      3.58377     0.536888   0.00148322
      3.58520     0.535521   0.00140009
      3.58663     0.539758   0.00144775
      3.58807     0.540049   0.00147991
      3.58950     0.536567   0.00154157
      3.59093     0.544805   0.00149430
      3.59236     0.557745   0.00166171
      3.59379     0.551877   0.00152315
      3.59523     0.543346   0.00144426
      3.59666     0.543102   0.00151629
      3.59809     0.542979   0.00151558
      3.59952     0.543678   0.00146587
      3.60096     0.544759   0.00144574
      3.60239     0.545533   0.00151715
      3.60382     0.548341   0.00150760
      3.60525     0.550322   0.00137743
      3.60669     0.547185   0.00139716
      3.60812     0.542110   0.00146683
      3.60955     0.543468   0.00147874
      3.61098     0.550068   0.00148876
      3.61242     0.556689   0.00161604
      3.61385     0.556008   0.00158678
      3.61528     0.550264   0.00152224
      3.61671     0.546455   0.00148363
      3.61815     0.544929   0.00145138
      3.61958     0.550443   0.00149067
      3.62101     0.555347   0.00156539
      3.62244     0.556207   0.00150380
      3.62388     0.555513   0.00147736
      3.62531     0.551054   0.00144349
      3.62674     0.549463   0.00149216
      3.62817     0.555992   0.00143689
      3.62961     0.561834   0.00146236
      3.63104     0.558744   0.00146018
      3.63247     0.553894   0.00155229
      3.63390     0.553727   0.00151462
      3.63534     0.556921   0.00157390
      3.63677     0.556999   0.00148249
      3.63820     0.556489   0.00143922
      3.63963     0.558052   0.00141394
      3.64107     0.561122   0.00142944
      3.64250     0.567478   0.00137591
      3.64393     0.571878   0.00142268
      3.64536     0.572514   0.00140704
      3.64679     0.569344   0.00143353
      3.64823     0.566674   0.00145804
      3.64966     0.569518   0.00139964
      3.65109     0.575516   0.00138628
      3.65252     0.573890   0.00149074
      3.65396     0.572346   0.00156179
      3.65539     0.573793   0.00145391
      3.65682     0.569559   0.00144589
      3.65825     0.565955   0.00138066
      3.65968     0.567214   0.00138437
      3.66112     0.571440   0.00139798
      3.66255     0.577518   0.00141392
      3.66398     0.581985   0.00140227
      3.66541     0.581266   0.00139773
      3.66684     0.579687   0.00146520
      3.66828     0.581431   0.00142135
      3.66971     0.579373   0.00144921
      3.67114     0.574371   0.00150786
      3.67257     0.569066   0.00161588
      3.67400     0.572236   0.00147493
      3.67543     0.580863   0.00149613
      3.67687     0.585580   0.00151258
      3.67830     0.584682   0.00151752
      3.67973     0.580976   0.00144214
      3.68116     0.583688   0.00137728
      3.68259     0.585575   0.00147566
      3.68402     0.585512   0.00146514
      3.68545     0.585958   0.00145247
      3.68688     0.589066   0.00151103
      3.68832     0.588460   0.00141877
      3.68975     0.582605   0.00146292
      3.69118     0.580552   0.00152506
      3.69261     0.579743   0.00153696
      3.69404     0.584513   0.00146656
      3.69547     0.590323   0.00152062
      3.69690     0.590171   0.00138078
      3.69833     0.592268   0.00147628
      3.69976     0.593265   0.00144979
      3.70119     0.591236   0.00142588
      3.70262     0.591452   0.00143927
      3.70405     0.591454   0.00142874
      3.70548     0.589733   0.00144483
      3.70691     0.589949   0.00148030
      3.70834     0.592159   0.00138880
      3.70977     0.596889   0.00143938
      3.71120     0.598875   0.00139769
      3.71263     0.590808   0.00150571
      3.71406     0.587640   0.00144596
      3.71549     0.592973   0.00149414
      3.71692     0.597608   0.00137491
      3.71835     0.601080   0.00159206
      3.71978     0.601390   0.00139252
      3.72121     0.599826   0.00149882
      3.72264     0.600984   0.00142780
      3.72407     0.601454   0.00143221
      3.72550     0.596970   0.00142225
      3.72693     0.596691   0.00151002
      3.72836     0.600022   0.00150822
      3.72979     0.604652   0.00149012
      3.73122     0.599586   0.00151472
      3.73264     0.596135   0.00147147
      3.73407     0.602807   0.00149278
      3.73550     0.610937   0.00156883
      3.73693     0.619984   0.00148757
      3.73836     0.627173   0.00152287
      3.73979     0.636228   0.00163202
      3.74121     0.648736   0.00147097
      3.74264     0.678221   0.00154438
      3.74407     0.702476   0.00161047
      3.74550     0.686571   0.00152094
      3.74692     0.654151   0.00156032
      3.74835     0.635369   0.00151951
      3.74978     0.621188   0.00151930
      3.75121     0.615503   0.00139099
      3.75263     0.619054   0.00147546
      3.75406     0.616453   0.00151097
      3.75549     0.614370   0.00150623
      3.75691     0.613467   0.00146765
      3.75834     0.609956   0.00157363
      3.75977     0.605291   0.00143699
      3.76119     0.607004   0.00149409
      3.76262     0.610033   0.00151484
      3.76404     0.609232   0.00148670
      3.76547     0.609808   0.00157988
      3.76690     0.611421   0.00148954
      3.76832     0.611695   0.00155381
      3.76975     0.610743   0.00151392
      3.77117     0.611340   0.00158997
      3.77260     0.612583   0.00146534
      3.77402     0.616385   0.00151289
      3.77545     0.621352   0.00152835
      3.77687     0.623855   0.00149461
      3.77830     0.625688   0.00141018
      3.77972     0.621386   0.00150333
      3.78115     0.614153   0.00151973
      3.78257     0.614033   0.00153788
      3.78399     0.621456   0.00163009
      3.78542     0.625348   0.00152127
      3.78684     0.618994   0.00156379
      3.78826     0.614700   0.00159847
      3.78969     0.613309   0.00155854
      3.79111     0.614727   0.00147632
      3.79253     0.618828   0.00151295
      3.79396     0.625097   0.00159297
      3.79538     0.632210   0.00169344
      3.79680     0.626599   0.00149433
      3.79822     0.623768   0.00152322
      3.79965     0.626907   0.00162060
      3.80107     0.620266   0.00153656
      3.80249     0.615042   0.00138887
      3.80391     0.617923   0.00149249
      3.80533     0.621089   0.00152485
      3.80675     0.626372   0.00155089
      3.80817     0.630542   0.00155105
      3.80959     0.632471   0.00147285
      3.81102     0.638198   0.00160831
      3.81244     0.637949   0.00162015
      3.81386     0.626979   0.00161532
      3.81528     0.623698   0.00159971
      3.81670     0.623440   0.00168778
      3.81812     0.619361   0.00155760
      3.81953     0.619917   0.00160098
      3.82095     0.621929   0.00157321
      3.82237     0.624418   0.00153180
      3.82379     0.622909   0.00141616
      3.82521     0.622407   0.00158304
      3.82663     0.622800   0.00157564
      3.82805     0.623824   0.00158742
      3.82946     0.622376   0.00157253
      3.83088     0.619446   0.00151176
      3.83230     0.617713   0.00153377
      3.83372     0.612262   0.00155116
      3.83513     0.612849   0.00154958
      3.83655     0.620824   0.00159250
      3.83797     0.623681   0.00154210
      3.83938     0.622636   0.00154053
      3.84080     0.624712   0.00169203
      3.84222     0.625631   0.00152198
      3.84363     0.628528   0.00150636
      3.84505     0.633067   0.00168788
      3.84646     0.628134   0.00158377
      3.84788     0.623512   0.00160908
      3.84929     0.623519   0.00155104
      3.85071     0.624752   0.00166473
      3.85212     0.627487   0.00161065
      3.85354     0.629496   0.00159991
      3.85495     0.629426   0.00161889
      3.85636     0.628094   0.00160666
      3.85778     0.626143   0.00160266
      3.85919     0.624692   0.00165312
      3.86060     0.627755   0.00167839
      3.86201     0.630376   0.00165431
      3.86343     0.635354   0.00159304
      3.86484     0.640446   0.00167786
      3.86625     0.641095   0.00158426
      3.86766     0.644456   0.00159169
      3.86907     0.643064   0.00173111
      3.87048     0.637151   0.00177291
      3.87189     0.635510   0.00166188
      3.87330     0.635554   0.00182229
      3.87472     0.634058   0.00171034
      3.87612     0.631157   0.00177414
      3.87753     0.631235   0.00172183
      3.87894     0.633878   0.00175478
      3.88035     0.637385   0.00181698
      3.88176     0.642190   0.00181027
      3.88317     0.643178   0.00175586
      3.88458     0.640596   0.00181482
      3.88599     0.642250   0.00183532
      3.88739     0.644282   0.00171532
      3.88880     0.646117   0.00199441
      3.89021     0.647131   0.00190331
      3.89161     0.645412   0.00178900
      3.89302     0.647569   0.00185020
      3.89443     0.647146   0.00186841
      3.89583     0.646029   0.00177255
      3.89724     0.651644   0.00176879
      3.89864     0.650389   0.00190729
      3.90005     0.638569   0.00162249
      3.90145     0.638839   0.00182223
      3.90286     0.648836   0.00192620
      3.90426     0.652094   0.00189749
      3.90566     0.649689   0.00179545
      3.90707     0.654518   0.00188707
      3.90847     0.662940   0.00198845
      3.90987     0.657753   0.00190378
      3.91127     0.652714   0.00196179
      3.91268     0.649990   0.00193948
      3.91408     0.652831   0.00190360
      3.91548     0.652060   0.00184771
      3.91688     0.646787   0.00193764
      3.91828     0.649542   0.00183832
      3.91968     0.651210   0.00191592
      3.92108     0.646526   0.00187711
      3.92248     0.641489   0.00172777
      3.92388     0.644792   0.00193956
      3.92528     0.652051   0.00195373
      3.92668     0.659836   0.00183154
      3.92808     0.662133   0.00189488
      3.92947     0.650027   0.00196046
      3.93087     0.646138   0.00188355
      3.93227     0.655552   0.00185028
      3.93366     0.655918   0.00175865
      3.93506     0.649600   0.00174680
      3.93646     0.643465   0.00174970
      3.93785     0.644897   0.00171279
      3.93925     0.648335   0.00175697
      3.94064     0.649806   0.00181412
      3.94204     0.648021   0.00172799
      3.94343     0.656192   0.00172564
      3.94482     0.667340   0.00173827
      3.94622     0.653327   0.00173051
      3.94761     0.647441   0.00171041
      3.94900     0.655417   0.00177833
      3.95040     0.655875   0.00174396
      3.95179     0.652932   0.00170026
      3.95318     0.654505   0.00181532
      3.95457     0.661485   0.00171673
      3.95596     0.667084   0.00163004
      3.95735     0.669105   0.00174477
      3.95874     0.665376   0.00170247
      3.96013     0.662928   0.00184726
      3.96152     0.664079   0.00171115
      3.96291     0.665708   0.00174527
      3.96430     0.670961   0.00172176
      3.96568     0.670003   0.00185330
      3.96707     0.664370   0.00177092
      3.96846     0.661507   0.00182403
      3.96984     0.661570   0.00171413
      3.97123     0.664314   0.00174533
      3.97262     0.662084   0.00178882
      3.97400     0.665781   0.00178485
      3.97539     0.673047   0.00172870
      3.97677     0.661014   0.00179305
      3.97815     0.654939   0.00182909
      3.97954     0.662212   0.00173696
      3.98092     0.672946   0.00183366
      3.98230     0.677187   0.00174600
      3.98369     0.664008   0.00190258
      3.98507     0.657368   0.00180221
      3.98645     0.655824   0.00186826
      3.98783     0.655381   0.00179977
      3.98921     0.657007   0.00180410
      3.99059     0.662601   0.00183887
      3.99197     0.667837   0.00173893
      3.99335     0.667437   0.00175391
      3.99473     0.658438   0.00183002
      3.99611     0.654565   0.00173646
      3.99748     0.658225   0.00170429
      3.99886     0.658552   0.00173416
      4.00024     0.667031   0.00184241
      4.00161     0.677120   0.00186060
      4.00299     0.672210   0.00175005
      4.00436     0.670352   0.00183601
      4.00574     0.671191   0.00175811
      4.00711     0.675008   0.00187834
      4.00849     0.677090   0.00184731
      4.00986     0.668375   0.00176394
      4.01123     0.668641   0.00190945
      4.01261     0.668835   0.00172289
      4.01398     0.668828   0.00184662
      4.01535     0.674113   0.00194844
      4.01672     0.681993   0.00189467
      4.01809     0.684854   0.00191409
      4.01946     0.685772   0.00165049
      4.02083     0.693724   0.00188427
      4.02220     0.705607   0.00199758
      4.02357     0.712821   0.00212596
      4.02493     0.705194   0.00204242
      4.02630     0.690213   0.00200192
      4.02767     0.686324   0.00202615
      4.02903     0.690176   0.00208093
      4.03040     0.686251   0.00197494
      4.03176     0.683404   0.00182954
      4.03313     0.684644   0.00190243
      4.03449     0.684497   0.00195878
      4.03586     0.691194   0.00190698
      4.03722     0.697824   0.00204208
      4.03858     0.691212   0.00207201
      4.03994     0.693695   0.00213885
      4.04131     0.697369   0.00194811
      4.04267     0.691925   0.00205175
      4.04403     0.697438   0.00198291
      4.04539     0.703216   0.00209455
      4.04674     0.709412   0.00206515
      4.04810     0.727823   0.00215914
      4.04946     0.745295   0.00219911
      4.05082     0.766187   0.00220378
      4.05218     0.817189   0.00235513
      4.05353     0.878965   0.00224540
      4.05489     0.890073   0.00230482
      4.05624     0.837340   0.00219326
      4.05760     0.771654   0.00218434
      4.05895     0.737155   0.00207823
      4.06030     0.719320   0.00204892
      4.06166     0.713830   0.00192578
      4.06301     0.716754   0.00211014
      4.06436     0.706331   0.00218753
      4.06571     0.697408   0.00197069
      4.06706     0.683465   0.00231823
      4.06841     0.684572   0.00224560
      4.06976     0.693647   0.00232522
      4.07111     0.683753   0.00227201
      4.07246     0.686322   0.00224501
      4.07381     0.691091   0.00229766
      4.07515     0.685760   0.00211031
      4.07650     0.693443   0.00218042
      4.07784     0.701533   0.00212381
      4.07919     0.702234   0.00225457
      4.08053     0.702539   0.00219137
      4.08188     0.704439   0.00235659
      4.08322     0.706878   0.00240625
      4.08456     0.703542   0.00225240
      4.08590     0.698217   0.00234818
      4.08725     0.703155   0.00235236
      4.08859     0.706971   0.00224583
      4.08993     0.705757   0.00244614
      4.09127     0.708288   0.00231975
      4.09260     0.706309   0.00230657
      4.09394     0.698636   0.00227847
      4.09528     0.690820   0.00217442
      4.09662     0.692857   0.00228901
      4.09795     0.705392   0.00241476
      4.09929     0.711747   0.00246492
      4.10062     0.706729   0.00225620
      4.10196     0.705015   0.00255645
      4.10329     0.706699   0.00258693
      4.10462     0.712837   0.00236907
      4.10595     0.719604   0.00250882
      4.10728     0.722833   0.00259642
      4.10862     0.726385   0.00260268
      4.10995     0.718317   0.00235318
      4.11127     0.707733   0.00233828
      4.11260     0.699974   0.00234942
      4.11393     0.699627   0.00270706
      4.11526     0.703285   0.00233580
      4.11658     0.705242   0.00236897
      4.11791     0.708971   0.00238039
      4.11924     0.716186   0.00257490
      4.12056     0.724690   0.00247686
      4.12188     0.723711   0.00263209
      4.12321     0.714760   0.00278528
      4.12453     0.706847   0.00278193
      4.12585     0.712824   0.00233667
      4.12717     0.720756   0.00264278
      4.12849     0.718604   0.00257109
      4.12981     0.719255   0.00252623
      4.13113     0.724870   0.00240897
      4.13245     0.722868   0.00246650
      4.13376     0.715896   0.00298483
      4.13508     0.716176   0.00280904
      4.13639     0.704181   0.00267568
      4.13771     0.652205   0.00260390
      4.13902     0.614877   0.00280208
      4.14034     0.651062   0.00260347
      4.14165     0.706298   0.00272627
      4.14296     0.721105   0.00270735
      4.14427     0.724141   0.00299443
      4.14558     0.732778   0.00263533
      4.14689     0.729844   0.00280983
      4.14820     0.720322   0.00266083
      4.14951     0.718438   0.00270883
      4.15082     0.722822   0.00266940
      4.15212     0.713649   0.00291716
      4.15343     0.713629   0.00300775
      4.15473     0.725823   0.00314321
      4.15604     0.727668   0.00287609
      4.15734     0.728945   0.00336337
      4.15864     0.722869   0.00317637
      4.15994     0.717926   0.00269713
      4.16125     0.720913   0.00319168
      4.16255     0.727141   0.00312387
      4.16384     0.731036   0.00340994
      4.16514     0.724996   0.00343026
      4.16644     0.726368   0.00364231
      4.16774     0.743489   0.00384977
      4.16903     0.759176   0.00394768
      4.17033     0.753158   0.00414577
      4.17162     0.736181   0.00396988
      4.17292     0.730775   0.00420328
      4.17421     0.720421   0.00469452
      4.17550     0.716602   0.00458122
      4.17679     0.721906   0.00590380
      4.17808     0.706779   0.00530242
      4.17937     0.707834   0.00699365
      4.18066     0.731038   0.00929829
      4.18195     0.754426    0.0116640
      4.18324     0.741954    0.0165325
      4.18452     0.748688    0.0259278
      4.18581     0.911128    0.0548499
      4.18709      1.28840     0.149440
      4.18837      1.68961     0.706227
      4.18966     -88.5829     0.821651
      4.19094     -201.118      1.01605
      4.19222     -107.702      4791.74
      4.19350      7.09085      1.76291
      4.19478      7.55651      181.116
      4.19606      4.90152      3.84090
      4.19733    -0.985071     0.975292
      4.19861     -1.57461      2.59006
      4.19989     -86.3288     0.677298
      4.20116     -98.2108      71.5476
      4.20243     -11.4803      6.29615
      4.20371     -4.73033      1.47321
      4.20498     -100.429      7.38099
      4.20625     -398.838      337.151
      4.20752     -302.892      353.328
      4.20879      11.5467      2.41275
      4.21006     -102.091      3.31788
      4.21132     -115.309      6.25435
      4.21259     -145.760      3.74708
      4.21386     -138.833      37.9404
      4.21512      13.4878      7.56813
      4.21638      9.72994      2.14880
      4.21765      11.9198      29.8788
      4.21891     -150.864      4.91854
      4.22017     -169.201      1555.49
      4.22143     -7.02160      1.20348
      4.22269     -125.803      2.98127
      4.22395     -123.976      7.06561
      4.22520      7.39664      1.99744
      4.22646      6.94538      5.13397
      4.22772      13.8022      6.64647
      4.22897      1041.76      253812.
      4.23022      1098.65      172340.
      4.23147     -40.9248      21.8956
      4.23273     -117.905      11.2804
      4.23398     -45.6142      297.743
      4.23523     -38.5491      5.36563
      4.23647     -49.2797      3.69464
      4.23772     -1.95258      1.32822
      4.23897    -0.231746      4.26835
      4.24021    -0.619284      2.98877
      4.24146     0.505604      6.83072
      4.24270     -17.9006      1.11023
      4.24394     -25.1105      33.5510
      4.24518     -1.83229      14.2786
      4.24642      4.17257      1.36864
      4.24766      0.00000      4.45374
