SOURCE  = Elias 32                      / Source name
STANDARD= BS5812                        / Standard name
OBSDATE = 02-05-2002                    / Date of observation
SPOS    = 16:27:30.8  -24:27:51.9       / Source position RA,DEC,J2000
STPOS   = 15:38:39.3  -29:47:07.8       / Standard position RA,DEC,J2000
STSPT   = B2.55V                        / Standard spectral type
STTEFF  = 19950                         / Standard effective temperature [K]
STMAG   = 4.199                         / Standard magnitude (adopted)
WAVEZP  = 3.45                          / Wavelength zero point [micron]
FLUXZP  = 290                           / Flux zero point [Jy]
SAIRM   = 1.011                         / Source mean airmass
STAIRM  = 1.032                         / Standard mean airmass
AIRMCORR= 1.01                          / Optimal (adopted) airmass correction
SPECRES = ~1200                         / Spectral resolution

Created by K. M. Pontoppidan             Sat May 10 20:32:39 2003

Wavelength [micron] Flux [Jy] Statistical Error [Jy]

      2.81691      0.00000     0.190624
      2.81837    0.0563663    0.0900628
      2.81983     0.317654    0.0295314
      2.82129     0.371174    0.0184659
      2.82274     0.404720    0.0158082
      2.82420     0.405595    0.0162356
      2.82566     0.374630    0.0111767
      2.82711     0.369505   0.00855657
      2.82857     0.392294    0.0103719
      2.83003     0.428852    0.0213563
      2.83148     0.429190    0.0637683
      2.83293     0.370799     0.114127
      2.83439     0.489491     0.102278
      2.83584     0.547152    0.0603284
      2.83729     0.369964    0.0253459
      2.83874     0.368448    0.0154325
      2.84019     0.372964   0.00953293
      2.84164     0.336554   0.00693588
      2.84309     0.335407   0.00633686
      2.84454     0.351877   0.00873970
      2.84599     0.346155    0.0154340
      2.84744     0.372461    0.0184237
      2.84889     0.340698    0.0121811
      2.85034     0.310300    0.0120716
      2.85178     0.316123    0.0182707
      2.85323     0.420430    0.0463366
      2.85467     0.386912    0.0228670
      2.85612     0.333066   0.00982242
      2.85756     0.338119   0.00785770
      2.85901     0.345533   0.00857137
      2.86045     0.321250   0.00731638
      2.86189     0.320094   0.00538831
      2.86334     0.319767   0.00481496
      2.86478     0.322088   0.00519209
      2.86622     0.320139   0.00671384
      2.86766     0.318362   0.00725338
      2.86910     0.327381   0.00710330
      2.87054     0.324049   0.00881477
      2.87198     0.332706    0.0101422
      2.87342     0.310065   0.00617829
      2.87486     0.309559   0.00436257
      2.87629     0.305018   0.00401794
      2.87773     0.307392   0.00470124
      2.87917     0.296731   0.00447090
      2.88061     0.292716   0.00426509
      2.88204     0.294380   0.00405512
      2.88348     0.296701   0.00447456
      2.88491     0.294993   0.00465760
      2.88635     0.285747   0.00433726
      2.88778     0.275154   0.00493404
      2.88921     0.285860   0.00654704
      2.89065     0.278730   0.00532930
      2.89208     0.280177   0.00464828
      2.89351     0.278210   0.00413490
      2.89495     0.271392   0.00349164
      2.89638     0.267248   0.00317716
      2.89781     0.255783   0.00299590
      2.89924     0.250470   0.00344655
      2.90067     0.260893   0.00440340
      2.90210     0.270772   0.00662923
      2.90353     0.264049   0.00696379
      2.90496     0.264366   0.00619465
      2.90638     0.265841   0.00605484
      2.90781     0.253431   0.00502760
      2.90924     0.250800   0.00465838
      2.91067     0.250567   0.00370625
      2.91209     0.238649   0.00330239
      2.91352     0.238020   0.00322517
      2.91495     0.249150   0.00347564
      2.91637     0.239922   0.00378172
      2.91780     0.237575   0.00375684
      2.91922     0.243497   0.00351486
      2.92065     0.231702   0.00323041
      2.92207     0.237463   0.00346992
      2.92350     0.234085   0.00463259
      2.92492     0.234867   0.00702860
      2.92634     0.226234   0.00679850
      2.92776     0.229149   0.00439720
      2.92919     0.225083   0.00332894
      2.93061     0.226630   0.00294143
      2.93203     0.227284   0.00301253
      2.93345     0.221247   0.00297585
      2.93487     0.221365   0.00286770
      2.93629     0.221817   0.00286687
      2.93771     0.218921   0.00290652
      2.93913     0.219567   0.00304288
      2.94055     0.224499   0.00336332
      2.94197     0.221590   0.00380988
      2.94339     0.209700   0.00342088
      2.94481     0.214914   0.00361919
      2.94623     0.218958   0.00386304
      2.94764     0.200967   0.00363815
      2.94906     0.210988   0.00380978
      2.95048     0.208440   0.00398905
      2.95189     0.200383   0.00348621
      2.95331     0.205374   0.00285496
      2.95473     0.204272   0.00291341
      2.95614     0.208463   0.00379311
      2.95756     0.208306   0.00401873
      2.95897     0.210992   0.00366761
      2.96039     0.209757   0.00315439
      2.96180     0.205146   0.00299673
      2.96322     0.197208   0.00288907
      2.96463     0.200659   0.00281281
      2.96604     0.202044   0.00281876
      2.96746     0.195233   0.00268373
      2.96887     0.196178   0.00275565
      2.97028     0.191008   0.00317603
      2.97170     0.194650   0.00382863
      2.97311     0.210757   0.00522426
      2.97452     0.199031   0.00597513
      2.97593     0.200545   0.00591592
      2.97734     0.204236   0.00525828
      2.97875     0.200461   0.00446456
      2.98016     0.194131   0.00365223
      2.98158     0.196003   0.00378269
      2.98299     0.191054   0.00372410
      2.98440     0.192563   0.00374162
      2.98581     0.188523   0.00318294
      2.98721     0.188469   0.00288264
      2.98862     0.186163   0.00264289
      2.99003     0.184525   0.00261864
      2.99144     0.189177   0.00249529
      2.99285     0.187284   0.00244885
      2.99426     0.184964   0.00262782
      2.99567     0.189516   0.00266426
      2.99707     0.189251   0.00271311
      2.99848     0.191727   0.00273965
      2.99989     0.191484   0.00312376
      3.00130     0.191939   0.00308322
      3.00270     0.190634   0.00288344
      3.00411     0.189593   0.00245616
      3.00552     0.188145   0.00244381
      3.00692     0.185778   0.00266994
      3.00833     0.190852   0.00318673
      3.00973     0.194384   0.00357553
      3.01114     0.192688   0.00360952
      3.01254     0.189052   0.00307158
      3.01395     0.188184   0.00267833
      3.01535     0.187318   0.00253261
      3.01676     0.185678   0.00249193
      3.01816     0.180302   0.00251066
      3.01957     0.182703   0.00270616
      3.02097     0.182453   0.00303672
      3.02238     0.180544   0.00349554
      3.02378     0.185601   0.00385268
      3.02518     0.191847   0.00393655
      3.02659     0.184493   0.00335135
      3.02799     0.181599   0.00278278
      3.02939     0.184287   0.00256853
      3.03080     0.182511   0.00254040
      3.03220     0.183551   0.00263783
      3.03360     0.184137   0.00270397
      3.03500     0.186183   0.00296451
      3.03640     0.188870   0.00333537
      3.03781     0.189168   0.00350783
      3.03921     0.194270   0.00359584
      3.04061     0.197126   0.00440066
      3.04201     0.198174   0.00421604
      3.04341     0.200414   0.00362468
      3.04481     0.194837   0.00330671
      3.04621     0.187205   0.00287243
      3.04761     0.190152   0.00276044
      3.04902     0.189187   0.00294148
      3.05042     0.188188   0.00315614
      3.05182     0.192202   0.00331831
      3.05322     0.183171   0.00357092
      3.05462     0.193596   0.00371249
      3.05602     0.190148   0.00452580
      3.05742     0.187618   0.00518066
      3.05882     0.188209   0.00462358
      3.06021     0.191120   0.00353695
      3.06161     0.187907   0.00287028
      3.06301     0.185698   0.00257969
      3.06441     0.185144   0.00266192
      3.06581     0.182921   0.00293885
      3.06721     0.179749   0.00297660
      3.06861     0.177317   0.00289890
      3.07001     0.176256   0.00286187
      3.07141     0.181704   0.00295989
      3.07280     0.188848   0.00319815
      3.07420     0.184669   0.00324374
      3.07560     0.193422   0.00340987
      3.07700     0.189814   0.00305334
      3.07840     0.184631   0.00263934
      3.07979     0.185549   0.00240776
      3.08119     0.184161   0.00234861
      3.08259     0.180237   0.00274683
      3.08399     0.182269   0.00310081
      3.08538     0.181384   0.00374001
      3.08678     0.184441   0.00339306
      3.08818     0.186781   0.00294118
      3.08958     0.184909   0.00302002
      3.09097     0.180804   0.00282046
      3.09237     0.189685   0.00292575
      3.09377     0.182690   0.00287831
      3.09516     0.187933   0.00301691
      3.09656     0.186782   0.00315443
      3.09796     0.195982   0.00340476
      3.09935     0.194697   0.00341266
      3.10075     0.191598   0.00352881
      3.10215     0.194424   0.00298040
      3.10354     0.191038   0.00261742
      3.10494     0.189966   0.00253674
      3.10633     0.190907   0.00270266
      3.10773     0.197703   0.00364301
      3.10913     0.196051   0.00367498
      3.11052     0.196320   0.00352839
      3.11192     0.199476   0.00317603
      3.11331     0.204160   0.00332084
      3.11471     0.203277   0.00325021
      3.11611     0.197344   0.00305047
      3.11750     0.201455   0.00293682
      3.11890     0.194239   0.00284564
      3.12029     0.192672   0.00252254
      3.12169     0.196508   0.00229225
      3.12308     0.197649   0.00205315
      3.12448     0.199225   0.00210455
      3.12588     0.200053   0.00211973
      3.12727     0.202644   0.00240472
      3.12867     0.202086   0.00302479
      3.13006     0.203197   0.00368710
      3.13146     0.200691   0.00352989
      3.13285     0.203034   0.00284577
      3.13425     0.206489   0.00231322
      3.13564     0.205447   0.00202349
      3.13704     0.209338   0.00193072
      3.13843     0.214008   0.00196467
      3.13983     0.214049   0.00211215
      3.14122     0.216278   0.00223750
      3.14262     0.214023   0.00258971
      3.14401     0.211034   0.00263846
      3.14541     0.220951   0.00240717
      3.14680     0.227000   0.00233601
      3.14820     0.224948   0.00260179
      3.14959     0.212839   0.00283242
      3.15099     0.210680   0.00263647
      3.15238     0.226710   0.00232513
      3.15378     0.226136   0.00205357
      3.15517     0.227168   0.00198165
      3.15657     0.225088   0.00215105
      3.15796     0.224271   0.00229985
      3.15936     0.228028   0.00224937
      3.16075     0.229516   0.00229591
      3.16215     0.230065   0.00206709
      3.16354     0.234214   0.00210495
      3.16494     0.231232   0.00197751
      3.16633     0.233571   0.00191963
      3.16773     0.236755   0.00188639
      3.16912     0.235926   0.00205780
      3.17052     0.235436   0.00205065
      3.17191     0.239502   0.00203798
      3.17331     0.242833   0.00196691
      3.17470     0.247169   0.00204690
      3.17610     0.243820   0.00216225
      3.17749     0.249421   0.00226577
      3.17889     0.248237   0.00214036
      3.18028     0.249141   0.00204071
      3.18168     0.251138   0.00198008
      3.18307     0.254794   0.00206150
      3.18447     0.253625   0.00229819
      3.18586     0.258565   0.00237214
      3.18726     0.255967   0.00231891
      3.18865     0.256348   0.00214595
      3.19005     0.262511   0.00210950
      3.19144     0.265412   0.00227658
      3.19284     0.269338   0.00258587
      3.19423     0.260120   0.00346319
      3.19563     0.258239   0.00321686
      3.19702     0.273096   0.00275391
      3.19842     0.283249   0.00267125
      3.19981     0.281501   0.00335544
      3.20121     0.266016   0.00389556
      3.20261     0.273681   0.00420419
      3.20400     0.287026   0.00407636
      3.20540     0.277201   0.00397597
      3.20679     0.289487   0.00396620
      3.20819     0.294430   0.00436985
      3.20958     0.283593   0.00481966
      3.21098     0.298590   0.00583215
      3.21238     0.287234   0.00640169
      3.21377     0.294374   0.00539729
      3.21517     0.295070   0.00438436
      3.21656     0.298996   0.00382883
      3.21796     0.292947   0.00349993
      3.21936     0.294118   0.00334556
      3.22075     0.302641   0.00303093
      3.22215     0.311552   0.00351497
      3.22355     0.301650   0.00411759
      3.22494     0.291720   0.00597864
      3.22634     0.302546   0.00625373
      3.22773     0.309387   0.00497416
      3.22913     0.313853   0.00384882
      3.23053     0.326508   0.00413362
      3.23192     0.315834   0.00544131
      3.23332     0.319055   0.00469447
      3.23472     0.320556   0.00314748
      3.23612     0.320117   0.00236811
      3.23751     0.316688   0.00230704
      3.23891     0.310750   0.00238071
      3.24031     0.316395   0.00262491
      3.24170     0.312323   0.00328178
      3.24310     0.317508   0.00315338
      3.24450     0.329009   0.00302007
      3.24590     0.322582   0.00342697
      3.24729     0.322265   0.00455872
      3.24869     0.327255   0.00505707
      3.25009     0.333415   0.00490976
      3.25149     0.337231   0.00378670
      3.25288     0.334077   0.00290289
      3.25428     0.335877   0.00228692
      3.25568     0.336826   0.00212201
      3.25708     0.332152   0.00205220
      3.25848     0.332796   0.00223077
      3.25988     0.336783   0.00265089
      3.26127     0.331754   0.00381573
      3.26267     0.336124   0.00464733
      3.26407     0.342369   0.00460898
      3.26547     0.341318   0.00326334
      3.26687     0.349374   0.00279882
      3.26827     0.351011   0.00261040
      3.26967     0.346990   0.00307631
      3.27106     0.354233   0.00384155
      3.27246     0.351125   0.00448764
      3.27386     0.347790   0.00386406
      3.27526     0.354796   0.00267303
      3.27666     0.358547   0.00237450
      3.27806     0.358681   0.00222631
      3.27946     0.355927   0.00253111
      3.28086     0.360058   0.00296629
      3.28226     0.356716   0.00312812
      3.28366     0.365611   0.00251165
      3.28506     0.367373   0.00202903
      3.28646     0.367096   0.00198642
      3.28786     0.369203   0.00202682
      3.28926     0.374858   0.00199511
      3.29066     0.382765   0.00208782
      3.29206     0.379862   0.00223069
      3.29346     0.378927   0.00250396
      3.29486     0.392632   0.00282673
      3.29627     0.395228   0.00336677
      3.29767     0.401216   0.00383305
      3.29907     0.422353   0.00442503
      3.30047     0.403828   0.00467762
      3.30187     0.398319   0.00394318
      3.30327     0.396010   0.00303463
      3.30467     0.404532   0.00271231
      3.30608     0.402022   0.00271286
      3.30748     0.388328   0.00272270
      3.30888     0.394762   0.00263157
      3.31028     0.393373   0.00259304
      3.31168     0.389509   0.00299275
      3.31309     0.399511   0.00360843
      3.31449     0.407340   0.00552419
      3.31589     0.373170    0.0133966
      3.31729     0.340024    0.0310736
      3.31870     0.404512    0.0275997
      3.32010     0.420555    0.0145290
      3.32150     0.413990   0.00958821
      3.32291     0.408085   0.00655367
      3.32431     0.395427   0.00445179
      3.32571     0.396514   0.00313070
      3.32712     0.397719   0.00277076
      3.32852     0.394724   0.00289171
      3.32992     0.396370   0.00285263
      3.33133     0.395426   0.00239044
      3.33273     0.394168   0.00214776
      3.33414     0.380868   0.00200799
      3.33554     0.356988   0.00210089
      3.33694     0.380571   0.00195496
      3.33835     0.398842   0.00210481
      3.33975     0.402411   0.00224323
      3.34116     0.396738   0.00240674
      3.34256     0.407367   0.00233731
      3.34397     0.408018   0.00231744
      3.34537     0.417680   0.00235327
      3.34678     0.420682   0.00265319
      3.34819     0.416249   0.00266092
      3.34959     0.416272   0.00231994
      3.35100     0.417545   0.00200961
      3.35240     0.415209   0.00200540
      3.35381     0.416891   0.00193820
      3.35522     0.423856   0.00220872
      3.35662     0.430296   0.00238599
      3.35803     0.428652   0.00281742
      3.35943     0.423927   0.00267618
      3.36084     0.433319   0.00226684
      3.36225     0.434959   0.00219632
      3.36366     0.430571   0.00228080
      3.36506     0.429867   0.00215036
      3.36647     0.432967   0.00207195
      3.36788     0.436704   0.00220742
      3.36928     0.441308   0.00236402
      3.37069     0.433088   0.00260116
      3.37210     0.442402   0.00234752
      3.37351     0.445629   0.00212568
      3.37492     0.446370   0.00199859
      3.37632     0.449071   0.00195686
      3.37773     0.441378   0.00204268
      3.37914     0.440568   0.00227017
      3.38055     0.456778   0.00243330
      3.38196     0.449189   0.00265575
      3.38337     0.451969   0.00244702
      3.38478     0.466003   0.00228711
      3.38619     0.465608   0.00221473
      3.38760     0.455475   0.00198491
      3.38901     0.451778   0.00194821
      3.39042     0.450417   0.00195969
      3.39183     0.457732   0.00223812
      3.39324     0.459766   0.00254817
      3.39465     0.459777   0.00248284
      3.39606     0.462819   0.00213482
      3.39747     0.460934   0.00193492
      3.39888     0.465239   0.00185797
      3.40029     0.478108   0.00186306
      3.40170     0.471804   0.00193616
      3.40311     0.466503   0.00220461
      3.40452     0.469781   0.00270688
      3.40593     0.467449   0.00283956
      3.40734     0.476571   0.00259431
      3.40876     0.468965   0.00233749
      3.41017     0.473965   0.00229248
      3.41158     0.478501   0.00207330
      3.41299     0.475084   0.00210554
      3.41440     0.468793   0.00216233
      3.41582     0.474905   0.00269326
      3.41723     0.480582   0.00267983
      3.41864     0.485066   0.00234100
      3.42005     0.492041   0.00214599
      3.42147     0.491605   0.00194429
      3.42288     0.486388   0.00191726
      3.42429     0.483478   0.00195391
      3.42571     0.482272   0.00196860
      3.42712     0.480833   0.00221207
      3.42853     0.494063   0.00264572
      3.42995     0.493323   0.00271327
      3.43136     0.491694   0.00229201
      3.43278     0.496377   0.00201049
      3.43419     0.488445   0.00197587
      3.43560     0.488677   0.00189996
      3.43702     0.495107   0.00190433
      3.43843     0.498826   0.00197482
      3.43985     0.504647   0.00204603
      3.44126     0.504585   0.00232590
      3.44268     0.500120   0.00244259
      3.44409     0.502204   0.00203358
      3.44551     0.513207   0.00187342
      3.44693     0.515837   0.00196748
      3.44834     0.509371   0.00201826
      3.44976     0.498711   0.00198206
      3.45117     0.501606   0.00196134
      3.45259     0.508977   0.00217682
      3.45401     0.510465   0.00225464
      3.45542     0.500309   0.00227999
      3.45684     0.506775   0.00230124
      3.45826     0.511171   0.00189183
      3.45967     0.502621   0.00179801
      3.46109     0.494943   0.00192454
      3.46251     0.504867   0.00180531
      3.46392     0.509728   0.00179494
      3.46534     0.513302   0.00199872
      3.46676     0.503481   0.00215878
      3.46818     0.513543   0.00212355
      3.46959     0.512128   0.00195628
      3.47101     0.517762   0.00175872
      3.47243     0.518189   0.00176218
      3.47385     0.522156   0.00177545
      3.47527     0.521654   0.00191534
      3.47669     0.518722   0.00173992
      3.47810     0.525693   0.00191022
      3.47952     0.526566   0.00188895
      3.48094     0.527350   0.00198292
      3.48236     0.528896   0.00208586
      3.48378     0.529155   0.00186765
      3.48520     0.522491   0.00183384
      3.48662     0.519488   0.00175672
      3.48804     0.522292   0.00178394
      3.48946     0.534264   0.00186883
      3.49088     0.528218   0.00188139
      3.49230     0.525837   0.00196782
      3.49372     0.532860   0.00194815
      3.49514     0.536529   0.00183882
      3.49656     0.536741   0.00189268
      3.49798     0.540415   0.00196264
      3.49940     0.539675   0.00189560
      3.50082     0.542146   0.00171397
      3.50225     0.534932   0.00182075
      3.50367     0.540974   0.00191001
      3.50509     0.539223   0.00182821
      3.50651     0.540244   0.00190481
      3.50793     0.540600   0.00182169
      3.50935     0.544325   0.00176835
      3.51077     0.547754   0.00183499
      3.51220     0.545589   0.00181861
      3.51362     0.548103   0.00185731
      3.51504     0.547330   0.00173979
      3.51646     0.545754   0.00180369
      3.51789     0.545276   0.00170944
      3.51931     0.556390   0.00176850
      3.52073     0.566681   0.00176530
      3.52216     0.562116   0.00175290
      3.52358     0.552971   0.00173688
      3.52500     0.551395   0.00175385
      3.52642     0.551548   0.00173412
      3.52785     0.555440   0.00173373
      3.52927     0.561024   0.00164729
      3.53070     0.562890   0.00173904
      3.53212     0.558069   0.00172411
      3.53354     0.565476   0.00166448
      3.53497     0.566052   0.00170958
      3.53639     0.562135   0.00176603
      3.53782     0.562710   0.00176305
      3.53924     0.564865   0.00182804
      3.54067     0.569003   0.00178613
      3.54209     0.574009   0.00173409
      3.54351     0.574676   0.00183356
      3.54494     0.580275   0.00195997
      3.54636     0.581475   0.00182587
      3.54779     0.578900   0.00175678
      3.54922     0.583189   0.00186944
      3.55064     0.585105   0.00175445
      3.55207     0.582438   0.00168552
      3.55349     0.583906   0.00172791
      3.55492     0.585592   0.00173409
      3.55634     0.587041   0.00180201
      3.55777     0.578623   0.00168734
      3.55920     0.584457   0.00167631
      3.56062     0.597085   0.00187253
      3.56205     0.614905   0.00181710
      3.56347     0.601406   0.00171600
      3.56490     0.604634   0.00169780
      3.56633     0.604895   0.00176202
      3.56775     0.613088   0.00173335
      3.56918     0.620674   0.00179792
      3.57061     0.615132   0.00180518
      3.57204     0.607882   0.00195617
      3.57346     0.604909   0.00181416
      3.57489     0.599681   0.00175846
      3.57632     0.596373   0.00186174
      3.57774     0.608519   0.00189365
      3.57917     0.608286   0.00177225
      3.58060     0.611169   0.00187919
      3.58203     0.612873   0.00172236
      3.58346     0.615189   0.00178858
      3.58488     0.610390   0.00184953
      3.58631     0.613187   0.00176910
      3.58774     0.621140   0.00180001
      3.58917     0.621726   0.00186521
      3.59060     0.620784   0.00174128
      3.59202     0.620151   0.00174200
      3.59345     0.622859   0.00185403
      3.59488     0.624321   0.00176966
      3.59631     0.619493   0.00174028
      3.59774     0.621362   0.00173337
      3.59917     0.625504   0.00180869
      3.60060     0.629803   0.00173791
      3.60203     0.631573   0.00175849
      3.60346     0.634360   0.00174345
      3.60488     0.635798   0.00175436
      3.60631     0.638335   0.00173109
      3.60774     0.642634   0.00183473
      3.60917     0.652216   0.00180100
      3.61060     0.642371   0.00178670
      3.61203     0.639310   0.00192798
      3.61346     0.643550   0.00184561
      3.61489     0.641638   0.00183477
      3.61632     0.652898   0.00187704
      3.61775     0.674104   0.00176731
      3.61918     0.660061   0.00176156
      3.62061     0.651682   0.00184932
      3.62204     0.651700   0.00172352
      3.62347     0.638065   0.00175597
      3.62490     0.636331   0.00173036
      3.62633     0.645204   0.00177172
      3.62776     0.653501   0.00184128
      3.62919     0.656743   0.00172462
      3.63062     0.657814   0.00178427
      3.63205     0.649757   0.00180462
      3.63348     0.646778   0.00183570
      3.63492     0.647104   0.00186299
      3.63635     0.656649   0.00177686
      3.63778     0.663441   0.00177733
      3.63921     0.660978   0.00173116
      3.64064     0.660901   0.00163860
      3.64207     0.657398   0.00161058
      3.64350     0.657075   0.00181030
      3.64493     0.668712   0.00175162
      3.64636     0.679092   0.00177468
      3.64779     0.666400   0.00169585
      3.64923     0.669543   0.00171194
      3.65066     0.668786   0.00177297
      3.65209     0.666191   0.00180232
      3.65352     0.658654   0.00190336
      3.65495     0.658739   0.00177812
      3.65638     0.668966   0.00175102
      3.65781     0.671696   0.00175961
      3.65925     0.674659   0.00176424
      3.66068     0.671540   0.00171558
      3.66211     0.664488   0.00180163
      3.66354     0.667872   0.00167781
      3.66497     0.685513   0.00174522
      3.66640     0.686676   0.00180649
      3.66784     0.683776   0.00173397
      3.66927     0.689733   0.00176538
      3.67070     0.683989   0.00175367
      3.67213     0.682424   0.00176571
      3.67356     0.670365   0.00173872
      3.67499     0.671175   0.00176237
      3.67643     0.671963   0.00185746
      3.67786     0.679330   0.00176405
      3.67929     0.683764   0.00183113
      3.68072     0.691255   0.00184068
      3.68215     0.691734   0.00170903
      3.68359     0.689432   0.00176370
      3.68502     0.688935   0.00173451
      3.68645     0.687266   0.00172408
      3.68788     0.690557   0.00169817
      3.68931     0.693689   0.00163938
      3.69075     0.698140   0.00179804
      3.69218     0.688260   0.00179400
      3.69361     0.696197   0.00181639
      3.69504     0.701220   0.00177315
      3.69647     0.705143   0.00173412
      3.69791     0.707965   0.00178467
      3.69934     0.705590   0.00172003
      3.70077     0.702882   0.00174278
      3.70220     0.700392   0.00187179
      3.70363     0.694853   0.00166413
      3.70507     0.694552   0.00172995
      3.70650     0.704283   0.00179059
      3.70793     0.697418   0.00173704
      3.70936     0.705136   0.00171527
      3.71079     0.706840   0.00177333
      3.71223     0.704603   0.00176233
      3.71366     0.708226   0.00170165
      3.71509     0.709090   0.00178581
      3.71652     0.707017   0.00171262
      3.71795     0.699342   0.00173153
      3.71939     0.708114   0.00173304
      3.72082     0.720341   0.00186763
      3.72225     0.719260   0.00180951
      3.72368     0.718225   0.00187348
      3.72511     0.716926   0.00172318
      3.72654     0.715938   0.00179925
      3.72798     0.705417   0.00177780
      3.72941     0.712945   0.00174120
      3.73084     0.719269   0.00170378
      3.73227     0.720745   0.00178242
      3.73370     0.723141   0.00178326
      3.73513     0.718789   0.00171246
      3.73656     0.726750   0.00173572
      3.73800     0.736084   0.00182019
      3.73943     0.734100   0.00173178
      3.74086     0.746130   0.00179602
      3.74229     0.774806   0.00203886
      3.74372     0.784372   0.00184396
      3.74515     0.785156   0.00189189
      3.74658     0.776038   0.00180261
      3.74801     0.766000   0.00180877
      3.74944     0.751481   0.00177915
      3.75088     0.737446   0.00179499
      3.75231     0.731676   0.00178398
      3.75374     0.741615   0.00166379
      3.75517     0.738229   0.00177742
      3.75660     0.741364   0.00177967
      3.75803     0.741832   0.00183041
      3.75946     0.736836   0.00180393
      3.76089     0.738018   0.00174543
      3.76232     0.739767   0.00172430
      3.76375     0.741548   0.00184869
      3.76518     0.737361   0.00181061
      3.76661     0.736622   0.00184222
      3.76804     0.751228   0.00189682
      3.76947     0.738113   0.00194973
      3.77090     0.738833   0.00186539
      3.77233     0.729480   0.00185468
      3.77376     0.740149   0.00182103
      3.77519     0.745428   0.00188344
      3.77662     0.743992   0.00186136
      3.77805     0.738682   0.00185641
      3.77948     0.731666   0.00186034
      3.78090     0.744189   0.00187088
      3.78233     0.746238   0.00194487
      3.78376     0.738803   0.00186872
      3.78519     0.747811   0.00182443
      3.78662     0.753744   0.00174921
      3.78805     0.757448   0.00173289
      3.78948     0.758177   0.00175703
      3.79090     0.753147   0.00172950
      3.79233     0.754926   0.00198482
      3.79376     0.754346   0.00181588
      3.79519     0.757104   0.00177197
      3.79662     0.742992   0.00181929
      3.79804     0.757722   0.00188416
      3.79947     0.764962   0.00176961
      3.80090     0.759049   0.00184049
      3.80233     0.761236   0.00189815
      3.80375     0.762553   0.00180450
      3.80518     0.764371   0.00185860
      3.80661     0.754820   0.00184617
      3.80803     0.758707   0.00188160
      3.80946     0.765812   0.00182436
      3.81089     0.759956   0.00180970
      3.81231     0.768416   0.00184652
      3.81374     0.773613   0.00190411
      3.81516     0.780640   0.00201971
      3.81659     0.769525   0.00187810
      3.81802     0.757355   0.00193678
      3.81944     0.762886   0.00186434
      3.82087     0.764137   0.00181384
      3.82229     0.762442   0.00181651
      3.82372     0.763031   0.00178592
      3.82514     0.779603   0.00172481
      3.82657     0.781339   0.00190867
      3.82799     0.773875   0.00184604
      3.82941     0.762857   0.00204545
      3.83084     0.771452   0.00186257
      3.83226     0.777337   0.00190108
      3.83369     0.769790   0.00195188
      3.83511     0.736822   0.00192363
      3.83653     0.723569   0.00197857
      3.83795     0.755722   0.00195116
      3.83938     0.765204   0.00194001
      3.84080     0.776747   0.00198863
      3.84222     0.776962   0.00190411
      3.84365     0.786778   0.00170808
      3.84507     0.777314   0.00200330
      3.84649     0.772044   0.00196232
      3.84791     0.764000   0.00195746
      3.84933     0.758597   0.00220014
      3.85075     0.769575   0.00192489
      3.85217     0.789242   0.00180670
      3.85360     0.783377   0.00194434
      3.85502     0.772898   0.00203905
      3.85644     0.783456   0.00201897
      3.85786     0.790877   0.00203509
      3.85928     0.798029   0.00193989
      3.86070     0.802540   0.00195085
      3.86212     0.784264   0.00198954
      3.86353     0.783438   0.00199425
      3.86495     0.793903   0.00210773
      3.86637     0.800972   0.00192459
      3.86779     0.794691   0.00194047
      3.86921     0.789429   0.00207166
      3.87063     0.791192   0.00212428
      3.87204     0.803780   0.00208407
      3.87346     0.806101   0.00217130
      3.87488     0.814311   0.00213967
      3.87630     0.812586   0.00239180
      3.87771     0.824761   0.00257721
      3.87913     0.821856   0.00233375
      3.88055     0.807231   0.00215054
      3.88196     0.811477   0.00227030
      3.88338     0.813188   0.00226248
      3.88479     0.816739   0.00217347
      3.88621     0.818751   0.00225873
      3.88762     0.821275   0.00225861
      3.88904     0.820107   0.00237029
      3.89045     0.822158   0.00214509
      3.89186     0.815618   0.00223015
      3.89328     0.817751   0.00206394
      3.89469     0.811087   0.00203228
      3.89610     0.798730   0.00202173
      3.89752     0.793934   0.00214249
      3.89893     0.806008   0.00210714
      3.90034     0.819383   0.00203727
      3.90175     0.820794   0.00213040
      3.90316     0.825888   0.00215014
      3.90458     0.833123   0.00215188
      3.90599     0.820671   0.00237033
      3.90740     0.823036   0.00235623
      3.90881     0.822373   0.00224515
      3.91022     0.824663   0.00225264
      3.91163     0.820423   0.00262259
      3.91304     0.830970   0.00226952
      3.91445     0.820722   0.00228994
      3.91585     0.822378   0.00238025
      3.91726     0.820889   0.00229136
      3.91867     0.836103   0.00247581
      3.92008     0.834100   0.00242657
      3.92148     0.824501   0.00230381
      3.92289     0.821920   0.00249296
      3.92430     0.819561   0.00217136
      3.92570     0.819007   0.00241019
      3.92711     0.820038   0.00240760
      3.92852     0.822650   0.00232758
      3.92992     0.818299   0.00207379
      3.93132     0.818604   0.00219048
      3.93273     0.823169   0.00231457
      3.93413     0.835760   0.00223011
      3.93554     0.835562   0.00222732
      3.93694     0.827234   0.00220703
      3.93834     0.803855   0.00212613
      3.93975     0.822112   0.00209949
      3.94115     0.828570   0.00218194
      3.94255     0.833299   0.00229697
      3.94395     0.841947   0.00211585
      3.94535     0.840587   0.00226824
      3.94675     0.834626   0.00206830
      3.94815     0.834716   0.00210823
      3.94955     0.828886   0.00222086
      3.95095     0.836379   0.00219559
      3.95235     0.836500   0.00237914
      3.95375     0.845184   0.00208547
      3.95515     0.842156   0.00214903
      3.95654     0.839229   0.00215994
      3.95794     0.844810   0.00241383
      3.95934     0.840629   0.00220566
      3.96073     0.846137   0.00218011
      3.96213     0.847571   0.00233267
      3.96352     0.839059   0.00221416
      3.96492     0.848869   0.00229930
      3.96631     0.845369   0.00216073
      3.96771     0.843487   0.00218253
      3.96910     0.843680   0.00214315
      3.97050     0.844588   0.00231448
      3.97189     0.852851   0.00213073
      3.97328     0.858213   0.00222071
      3.97467     0.853602   0.00211607
      3.97606     0.867149   0.00222549
      3.97745     0.865320   0.00208258
      3.97885     0.861049   0.00215202
      3.98024     0.862467   0.00230259
      3.98162     0.853151   0.00232000
      3.98301     0.859649   0.00209436
      3.98440     0.868014   0.00212335
      3.98579     0.854688   0.00206854
      3.98718     0.859008   0.00219529
      3.98856     0.858514   0.00218751
      3.98995     0.853748   0.00220594
      3.99134     0.843950   0.00223275
      3.99272     0.852314   0.00210702
      3.99411     0.856210   0.00231425
      3.99549     0.855884   0.00222369
      3.99688     0.830902   0.00211529
      3.99826     0.825340   0.00197607
      3.99964     0.845592   0.00219525
      4.00103     0.867017   0.00222314
      4.00241     0.870760   0.00221138
      4.00379     0.866950   0.00230220
      4.00517     0.864100   0.00235919
      4.00655     0.882387   0.00219740
      4.00793     0.869365   0.00225034
      4.00931     0.863161   0.00224829
      4.01069     0.876501   0.00227422
      4.01207     0.890104   0.00225015
      4.01344     0.882194   0.00230699
      4.01482     0.878984   0.00235335
      4.01620     0.882494   0.00219361
      4.01757     0.875924   0.00220030
      4.01895     0.876401   0.00204647
      4.02032     0.881873   0.00225130
      4.02170     0.882622   0.00237629
      4.02307     0.890824   0.00211564
      4.02444     0.879758   0.00207251
      4.02582     0.889457   0.00223593
      4.02719     0.877580   0.00209583
      4.02856     0.888611   0.00221538
      4.02993     0.907083   0.00221060
      4.03130     0.897171   0.00230891
      4.03267     0.925008   0.00208692
      4.03404     0.912279   0.00232237
      4.03541     0.898562   0.00255727
      4.03678     0.901470   0.00214049
      4.03814     0.904281   0.00235975
      4.03951     0.904647   0.00243056
      4.04087     0.912458   0.00222614
      4.04224     0.903104   0.00230181
      4.04360     0.901489   0.00245700
      4.04497     0.906367   0.00245464
      4.04633     0.902661   0.00254670
      4.04769     0.898866   0.00248661
      4.04906     0.919176   0.00246233
      4.05042     0.920660   0.00240579
      4.05178     0.944597   0.00264680
      4.05314     0.977481   0.00240129
      4.05450      1.02561   0.00244621
      4.05586      1.02691   0.00237826
      4.05722     0.990747   0.00218440
      4.05857     0.959453   0.00246637
      4.05993     0.932627   0.00240348
      4.06129     0.925675   0.00260800
      4.06264     0.917620   0.00228486
      4.06400     0.917111   0.00235569
      4.06535     0.878945   0.00217766
      4.06670     0.879984   0.00235107
      4.06806     0.896529   0.00247608
      4.06941     0.890364   0.00240618
      4.07076     0.888976   0.00240154
      4.07211     0.890876   0.00250116
      4.07346     0.895663   0.00250649
      4.07481     0.889862   0.00231491
      4.07616     0.900640   0.00272782
      4.07750     0.898545   0.00255897
      4.07885     0.907013   0.00269203
      4.08020     0.912188   0.00267360
      4.08154     0.917632   0.00256593
      4.08289     0.907934   0.00244868
      4.08423     0.916573   0.00267026
      4.08558     0.918560   0.00252921
      4.08692     0.916948   0.00271189
      4.08826     0.910385   0.00277064
      4.08960     0.915245   0.00301764
      4.09094     0.925126   0.00246413
      4.09228     0.930962   0.00286422
      4.09362     0.926615   0.00265293
      4.09496     0.915786   0.00264826
      4.09629     0.927453   0.00286371
      4.09763     0.935416   0.00295587
      4.09897     0.942113   0.00282632
      4.10030     0.925136   0.00266181
      4.10164     0.928415   0.00281680
      4.10297     0.897512   0.00287610
      4.10430     0.926272   0.00274667
      4.10563     0.935820   0.00282550
      4.10696     0.941207   0.00281531
      4.10829     0.941742   0.00271160
      4.10962     0.920707   0.00269477
      4.11095     0.903832   0.00273731
      4.11228     0.903034   0.00276662
      4.11361     0.913567   0.00286079
      4.11493     0.938087   0.00295359
      4.11626     0.945588   0.00296315
      4.11758     0.919306   0.00305233
      4.11890     0.928707   0.00287451
      4.12023     0.935713   0.00280930
      4.12155     0.927099   0.00300769
      4.12287     0.926959   0.00295540
      4.12419     0.920893   0.00303185
      4.12551     0.905915   0.00305147
      4.12683     0.939492   0.00294491
      4.12814     0.943224   0.00290911
      4.12946     0.938644   0.00290139
      4.13078     0.936307   0.00321067
      4.13209     0.955810   0.00285338
      4.13341     0.956476   0.00302873
      4.13472     0.936284   0.00290070
      4.13603     0.923194   0.00306092
      4.13734     0.951091   0.00283984
      4.13865     0.964955   0.00289396
      4.13996     0.977370   0.00360824
      4.14127     0.921105   0.00307815
      4.14258     0.919729   0.00305809
      4.14388     0.911760   0.00351387
      4.14519     0.898610   0.00313856
      4.14650     0.920184   0.00339530
      4.14780     0.950632   0.00313999
      4.14910     0.952205   0.00333407
      4.15040     0.945504   0.00329207
      4.15171     0.963966   0.00366143
      4.15301     0.947582   0.00347362
      4.15430     0.960902   0.00305581
      4.15560     0.959328   0.00357656
      4.15690     0.967836   0.00355342
      4.15820     0.980085   0.00357436
      4.15949     0.978229   0.00357330
      4.16079     0.978222   0.00377686
      4.16208     0.993849   0.00371065
      4.16337     0.993879   0.00416602
      4.16466     0.960487   0.00456686
      4.16595     0.959054   0.00444822
      4.16724     0.967715   0.00469322
      4.16853     0.975095   0.00432943
      4.16982     0.976751   0.00458566
      4.17110     0.966098   0.00460437
      4.17239     0.962297   0.00494325
      4.17367     0.971687   0.00472054
      4.17496     0.978090   0.00558285
      4.17624     0.964224   0.00583699
      4.17752     0.987412   0.00626655
      4.17880     0.981611   0.00688414
      4.18008     0.980504   0.00738392
      4.18136     0.971433    0.0100876
      4.18264     0.990145    0.0130701
      4.18391     0.964418    0.0189334
      4.18519     0.893531    0.0278404
      4.18646     0.939038    0.0507468
      4.18773     0.599075     0.114451
      4.18901     -226.601     0.320431
      4.19028     -60.1419      2.45938
      4.19155     -10.5123      76.9482
      4.19281     -1.37026      2.92676
      4.19408     -21.9587     0.906454
      4.19535     -5.46515      2.24064
      4.19661     -4.66365      5.79985
      4.19788     0.984505      3.60470
      4.19914      3.36236     0.868654
      4.20040      25.4213      1.65818
      4.20166     -70.3244      2.13251
      4.20292     -18.9607      1.13584
      4.20418     -34.2241      1.17705
      4.20544      32.6515      1.50484
      4.20670      9.60712      2.30582
      4.20795     -20.1592      6.74366
      4.20921     -128.528      3.96885
      4.21046     -30.1045      14.6247
      4.21171      9.89601      4.69244
      4.21296     -60.4527      3.20136
      4.21421     -15.5827      2.00809
      4.21546    -0.516495      1.90465
      4.21670      37.6403      25.1727
      4.21795      8.81964      3.07082
      4.21920      1.99025      4.65174
      4.22044      10.8191      8.50131
      4.22168      3.44870      6.94532
      4.22292    -0.240073      16.5239
      4.22416    -0.271291      2.57982
      4.22540     0.963886      1.51380
      4.22664     -12.9474      188.731
      4.22788     -6.46982      2.89763
      4.22911    -0.742249      1.73397
      4.23034     0.688599      3.19475
      4.23158      63.3585      11.1890
      4.23281     -7.71409      3.46482
      4.23404     -52.1253      1.90884
      4.23527     -15.0438      11.0715
      4.23650     -2.27535      3.67180
      4.23772     -4.46576      2.51454
      4.23895     -14.3982      4.40857
      4.24017      7.24362      9.49570
      4.24139     -16.7474      2.72747
      4.24261    -0.902259      12.3195
      4.24383    -0.940153      12.7828
      4.24505      0.00000     0.608935
