SOURCE  = GL 961 W                      / Source name
STANDARD= HD 1543                       / Standard name
OBSDATE = 13-01-2001                    / Date of observation
SPOS    = 06:34:36.3  04:12:36.5        / Source position RA,DEC,J2000
STPOS   = 08:08:34.2  -02:59:08.8       / Standard position RA,DEC,J2000
STSPT   = F6II                          / Standard spectral type
STTEFF  = 6400                          / Standard effective temperature [K]
STMAG   = 2.05                          / Standard magnitude (adopted)
WAVEZP  = 3.45                          / Wavelength zero point [micron]
FLUXZP  = 290                           / Flux zero point [Jy]
SAIRM   = 1.22                          / Source mean airmass
STAIRM  = 1.21                          / Standard mean airmass
AIRMCORR= 0.95                          / Optimal (adopted) airmass correction
SPECRES = ~600                          / Spectral resolution

Created by E. Dartois and K. Pontoppidan (c)

Wavelength [micron] Flux [Jy] Statistical Error [Jy]

      2.81816      0.00000     0.357199
      2.81959      2.04307     0.330520
      2.82102      2.52476     0.198778
      2.82245      2.11956     0.156015
      2.82388      2.16720     0.112462
      2.82531      2.01132    0.0765518
      2.82674      2.04946    0.0656252
      2.82817      2.24117    0.0714176
      2.82960      1.81808     0.117208
      2.83103      1.16457     0.385944
      2.83246     0.418420      1.69877
      2.83389      1.35138      1.89015
      2.83533     0.782807     0.619778
      2.83676      1.44788     0.264897
      2.83818      1.67318     0.106722
      2.83961      1.40952    0.0537540
      2.84104      1.50802    0.0415469
      2.84247      1.58551    0.0418422
      2.84390      1.32750    0.0590261
      2.84533      1.08998     0.130287
      2.84676      1.17284     0.165630
      2.84819      1.51429     0.138531
      2.84962      1.59683     0.142994
      2.85105      1.60240     0.220163
      2.85248      1.24263     0.223565
      2.85391      1.40416     0.108747
      2.85534      1.32279    0.0771000
      2.85676      1.36547    0.0645736
      2.85819      1.14577    0.0489875
      2.85962      1.12072    0.0363718
      2.86105      1.11432    0.0299964
      2.86248      1.13542    0.0305971
      2.86391      1.14913    0.0376466
      2.86533      1.13771    0.0502846
      2.86676      1.23229    0.0693006
      2.86819      1.19063    0.0807486
      2.86962      1.05111    0.0627142
      2.87105     0.926651    0.0352283
      2.87247     0.941256    0.0251275
      2.87390      1.06722    0.0228121
      2.87533      1.00300    0.0240362
      2.87676     0.878801    0.0256447
      2.87818     0.861858    0.0238838
      2.87961     0.866176    0.0230345
      2.88104     0.881178    0.0249137
      2.88246     0.785700    0.0258592
      2.88389     0.768417    0.0276371
      2.88532     0.813928    0.0296247
      2.88674     0.721651    0.0316161
      2.88817     0.671210    0.0289043
      2.88960     0.697913    0.0237232
      2.89103     0.686177    0.0198293
      2.89245     0.653525    0.0167398
      2.89388     0.676688    0.0146249
      2.89530     0.675246    0.0145900
      2.89673     0.666999    0.0173969
      2.89816     0.661759    0.0244582
      2.89958     0.620944    0.0394358
      2.90101     0.611110    0.0471557
      2.90244     0.596033    0.0418247
      2.90386     0.366801    0.0369454
      2.90529     0.511758    0.0303310
      2.90671     0.555207    0.0222918
      2.90814     0.528971    0.0176235
      2.90956     0.536350    0.0159742
      2.91099     0.541677    0.0165438
      2.91242     0.508330    0.0181836
      2.91384     0.462952    0.0186351
      2.91527     0.489293    0.0166011
      2.91669     0.464295    0.0153520
      2.91812     0.475815    0.0160103
      2.91954     0.462892    0.0191592
      2.92097     0.404493    0.0291832
      2.92239     0.372387    0.0345214
      2.92382     0.366534    0.0218377
      2.92524     0.402062    0.0156908
      2.92667     0.407784    0.0137464
      2.92809     0.400283    0.0133076
      2.92952     0.379368    0.0130891
      2.93094     0.380426    0.0126261
      2.93237     0.377883    0.0124425
      2.93379     0.374736    0.0127654
      2.93522     0.382133    0.0136188
      2.93664     0.375260    0.0156114
      2.93807     0.355872    0.0178840
      2.93949     0.345813    0.0179983
      2.94092     0.352878    0.0181902
      2.94234     0.356265    0.0186101
      2.94376     0.322276    0.0190816
      2.94519     0.341239    0.0184271
      2.94661     0.323379    0.0175538
      2.94804     0.302275    0.0152924
      2.94946     0.315464    0.0131751
      2.95089     0.311088    0.0137233
      2.95231     0.298262    0.0168800
      2.95373     0.294315    0.0194504
      2.95516     0.287788    0.0169054
      2.95658     0.293078    0.0142420
      2.95801     0.284230    0.0135416
      2.95943     0.288055    0.0135040
      2.96085     0.289264    0.0131151
      2.96228     0.275394    0.0122834
      2.96370     0.278554    0.0120345
      2.96513     0.282901    0.0124262
      2.96655     0.287683    0.0150740
      2.96797     0.265839    0.0212295
      2.96940     0.198406    0.0330610
      2.97082     0.262929    0.0405043
      2.97224     0.255297    0.0367504
      2.97367     0.268080    0.0279900
      2.97509     0.276685    0.0218629
      2.97651     0.265749    0.0192064
      2.97794     0.274659    0.0189112
      2.97936     0.255738    0.0195637
      2.98079     0.248298    0.0168668
      2.98221     0.255253    0.0136807
      2.98363     0.253782    0.0120766
      2.98506     0.260147    0.0114373
      2.98648     0.255636    0.0110289
      2.98790     0.255087    0.0106254
      2.98933     0.249370    0.0106494
      2.99075     0.254069    0.0111026
      2.99217     0.255032    0.0120540
      2.99360     0.252468    0.0127896
      2.99502     0.251655    0.0136837
      2.99644     0.257001    0.0147152
      2.99786     0.249878    0.0141746
      2.99929     0.238128    0.0119733
      3.00071     0.237970    0.0108217
      3.00213     0.240227    0.0110882
      3.00356     0.243458    0.0129396
      3.00498     0.244399    0.0157108
      3.00640     0.239884    0.0179584
      3.00783     0.237422    0.0152844
      3.00925     0.231311    0.0126455
      3.01067     0.230385    0.0111608
      3.01210     0.234203    0.0110091
      3.01352     0.237723    0.0116232
      3.01494     0.224724    0.0119999
      3.01636     0.235818    0.0131291
      3.01779     0.229145    0.0159274
      3.01921     0.231430    0.0194693
      3.02063     0.232985    0.0197766
      3.02206     0.214265    0.0164039
      3.02348     0.211990    0.0128387
      3.02490     0.227401    0.0109259
      3.02632     0.225477    0.0106472
      3.02775     0.220840    0.0111027
      3.02917     0.231153    0.0115368
      3.03059     0.231431    0.0128631
      3.03202     0.216172    0.0143014
      3.03344     0.221143    0.0153660
      3.03486     0.237066    0.0161377
      3.03628     0.246407    0.0191049
      3.03771     0.279134    0.0215615
      3.03913     0.287038    0.0182736
      3.04055     0.263105    0.0145956
      3.04198     0.232955    0.0129722
      3.04340     0.227827    0.0127549
      3.04482     0.220445    0.0136306
      3.04624     0.212957    0.0148670
      3.04767     0.224564    0.0154998
      3.04909     0.218960    0.0173563
      3.05051     0.221912    0.0204872
      3.05193     0.232768    0.0241892
      3.05336     0.242733    0.0299449
      3.05478     0.233314    0.0270536
      3.05620     0.223678    0.0186695
      3.05763     0.208777    0.0134050
      3.05905     0.218693    0.0114230
      3.06047     0.223132    0.0116784
      3.06189     0.215626    0.0134617
      3.06332     0.219484    0.0145388
      3.06474     0.220572    0.0139211
      3.06616     0.230372    0.0134140
      3.06759     0.221514    0.0140785
      3.06901     0.225394    0.0151020
      3.07043     0.219390    0.0166786
      3.07185     0.234708    0.0167471
      3.07328     0.227834    0.0142239
      3.07470     0.230309    0.0116575
      3.07612     0.229156    0.0103251
      3.07755     0.227398    0.0103879
      3.07897     0.225346    0.0118597
      3.08039     0.245697    0.0149652
      3.08181     0.240277    0.0180281
      3.08324     0.241440    0.0170884
      3.08466     0.251590    0.0149873
      3.08608     0.245843    0.0139289
      3.08751     0.248057    0.0138600
      3.08893     0.249575    0.0137256
      3.09035     0.239974    0.0141152
      3.09177     0.258188    0.0146923
      3.09320     0.261432    0.0164965
      3.09462     0.264196    0.0190098
      3.09604     0.281524    0.0191149
      3.09747     0.275380    0.0174951
      3.09889     0.269642    0.0142636
      3.10031     0.262198    0.0120278
      3.10174     0.273501    0.0116150
      3.10316     0.276950    0.0134817
      3.10458     0.280995    0.0182254
      3.10601     0.266160    0.0200852
      3.10743     0.281964    0.0181024
      3.10885     0.294632    0.0171664
      3.11027     0.316047    0.0182837
      3.11170     0.306700    0.0172304
      3.11312     0.304745    0.0156840
      3.11454     0.316018    0.0150248
      3.11597     0.308667    0.0138075
      3.11739     0.306026    0.0110232
      3.11881     0.312161   0.00945380
      3.12024     0.321635   0.00899634
      3.12166     0.321660   0.00918421
      3.12308     0.325513    0.0102164
      3.12451     0.326961    0.0127120
      3.12593     0.330735    0.0180493
      3.12735     0.359468    0.0210449
      3.12878     0.352080    0.0150392
      3.13020     0.359584    0.0109913
      3.13163     0.370593   0.00936602
      3.13305     0.373827   0.00891793
      3.13447     0.380614   0.00871507
      3.13590     0.385421   0.00876366
      3.13732     0.390395   0.00967965
      3.13874     0.400956    0.0114694
      3.14017     0.379002    0.0128218
      3.14159     0.409850    0.0118468
      3.14301     0.418113    0.0108521
      3.14444     0.431502    0.0119124
      3.14586     0.437377    0.0141745
      3.14729     0.436586    0.0140412
      3.14871     0.456868    0.0113757
      3.15013     0.462379   0.00984817
      3.15156     0.468729   0.00924645
      3.15298     0.479308   0.00943981
      3.15441     0.489066    0.0102523
      3.15583     0.495922    0.0110313
      3.15725     0.499153    0.0105664
      3.15868     0.511931   0.00978518
      3.16010     0.523275   0.00904622
      3.16153     0.525673   0.00852371
      3.16295     0.535028   0.00806539
      3.16437     0.548567   0.00799469
      3.16580     0.558247   0.00811481
      3.16722     0.560463   0.00823493
      3.16865     0.571611   0.00816417
      3.17007     0.582887   0.00830068
      3.17150     0.601080   0.00875260
      3.17292     0.604604   0.00921473
      3.17434     0.614804   0.00919751
      3.17577     0.623474   0.00873591
      3.17719     0.635321   0.00834116
      3.17862     0.647871   0.00815550
      3.18004     0.661410   0.00851652
      3.18147     0.666914   0.00916975
      3.18289     0.672287   0.00965870
      3.18432     0.684762   0.00931721
      3.18574     0.696273   0.00884963
      3.18717     0.711612   0.00858279
      3.18859     0.720286   0.00920193
      3.19002     0.728958    0.0112573
      3.19144     0.735604    0.0147237
      3.19287     0.720209    0.0147205
      3.19429     0.743683    0.0120125
      3.19572     0.789420    0.0115408
      3.19714     0.790873    0.0141289
      3.19857     0.775007    0.0192905
      3.19999     0.804761    0.0213364
      3.20142     0.863965    0.0205260
      3.20284     0.829376    0.0206796
      3.20427     0.847985    0.0205992
      3.20569     0.878701    0.0215560
      3.20712     0.864316    0.0280298
      3.20854     0.924362    0.0364759
      3.20997     0.938181    0.0410796
      3.21139     0.923271    0.0336776
      3.21282     0.902060    0.0242558
      3.21424     0.944545    0.0199712
      3.21567     0.969206    0.0186534
      3.21710     0.982823    0.0171092
      3.21852     0.969607    0.0151348
      3.21995     0.971751    0.0148314
      3.22137     0.949330    0.0181225
      3.22280     0.947780    0.0293899
      3.22422      1.03804    0.0425029
      3.22565      1.04283    0.0284492
      3.22708      1.04574    0.0204092
      3.22850      1.10362    0.0198310
      3.22993      1.08098    0.0249713
      3.23135      1.05941    0.0206442
      3.23278      1.06622    0.0127781
      3.23421      1.11876   0.00970175
      3.23563      1.13482   0.00878590
      3.23706      1.13081   0.00914113
      3.23849      1.14557    0.0104429
      3.23991      1.12872    0.0117875
      3.24134      1.11813    0.0119356
      3.24276      1.17957    0.0124344
      3.24419      1.18030    0.0160240
      3.24562      1.27541    0.0248878
      3.24704      1.32942    0.0288312
      3.24847      1.30370    0.0234229
      3.24990      1.24145    0.0148581
      3.25132      1.25731    0.0103930
      3.25275      1.31218   0.00860539
      3.25418      1.32940   0.00806909
      3.25560      1.34857   0.00807035
      3.25703      1.34719   0.00860299
      3.25846      1.35630    0.0103390
      3.25989      1.33760    0.0146452
      3.26131      1.35911    0.0233063
      3.26274      1.45589    0.0209153
      3.26417      1.43466    0.0142865
      3.26559      1.48924    0.0116405
      3.26702      1.50639    0.0114818
      3.26845      1.45603    0.0132727
      3.26988      1.49068    0.0162794
      3.27130      1.48166    0.0179366
      3.27273      1.47749    0.0135784
      3.27416      1.56287   0.00995634
      3.27559      1.60364   0.00884171
      3.27701      1.58336   0.00914229
      3.27844      1.62570    0.0105568
      3.27987      1.60648    0.0117876
      3.28130      1.60044    0.0102810
      3.28272      1.67896   0.00842783
      3.28415      1.72163   0.00774932
      3.28558      1.73123   0.00754916
      3.28701      1.73734   0.00749901
      3.28844      1.74042   0.00761876
      3.28986      1.76159   0.00804861
      3.29129      1.75180   0.00888165
      3.29272      1.81081    0.0103455
      3.29415      1.97978    0.0130826
      3.29558      2.23538    0.0175488
      3.29701      2.66444    0.0219563
      3.29843      2.65754    0.0240224
      3.29986      2.08326    0.0186401
      3.30129      1.89544    0.0129204
      3.30272      1.94359    0.0110374
      3.30415      1.98491    0.0108036
      3.30558      1.92155    0.0108105
      3.30701      1.97288    0.0104420
      3.30843      1.97262    0.0104661
      3.30986      1.87124    0.0109977
      3.31129      1.84269    0.0120629
      3.31272      1.75246    0.0166824
      3.31415      1.47666    0.0374385
      3.31558      1.58540     0.121517
      3.31701      1.79381     0.119583
      3.31844      1.88419    0.0826417
      3.31987      2.01358    0.0516696
      3.32130      2.00519    0.0282604
      3.32272      1.98207    0.0169233
      3.32415      2.00552    0.0123995
      3.32558      2.05650    0.0111333
      3.32701      2.14649    0.0117682
      3.32844      2.15891    0.0119308
      3.32987      2.16591   0.00995776
      3.33130      2.23321   0.00832440
      3.33273      2.26736   0.00789617
      3.33416      2.24991   0.00794032
      3.33559      2.24688   0.00796761
      3.33702      2.30757   0.00830361
      3.33845      2.34824   0.00953356
      3.33988      2.37184    0.0110152
      3.34131      2.39417    0.0107019
      3.34274      2.36470   0.00984385
      3.34417      2.38807    0.0100278
      3.34560      2.41094    0.0110459
      3.34703      2.37030    0.0107307
      3.34846      2.44655   0.00910222
      3.34989      2.52681   0.00835190
      3.35132      2.49004   0.00838722
      3.35275      2.48417   0.00872661
      3.35418      2.49796   0.00958227
      3.35561      2.49530    0.0111495
      3.35704      2.45042    0.0115123
      3.35847      2.44375    0.0103191
      3.35990      2.57333   0.00942175
      3.36133      2.62141   0.00969482
      3.36276      2.58577   0.00976507
      3.36420      2.57591   0.00895415
      3.36563      2.59067   0.00848198
      3.36706      2.62875   0.00906967
      3.36849      2.56237   0.00996822
      3.36992      2.61615   0.00992341
      3.37135      2.70030   0.00896060
      3.37278      2.68357   0.00826479
      3.37421      2.72694   0.00791920
      3.37564      2.72995   0.00805821
      3.37707      2.65524   0.00846025
      3.37851      2.67722   0.00899590
      3.37994      2.66831   0.00976601
      3.38137      2.65038    0.0101216
      3.38280      2.77496   0.00952198
      3.38423      2.79652   0.00893492
      3.38566      2.77153   0.00829758
      3.38710      2.77849   0.00768364
      3.38853      2.78060   0.00748170
      3.38996      2.77842   0.00808739
      3.39139      2.70065   0.00892266
      3.39282      2.67241   0.00902246
      3.39425      2.79670   0.00813228
      3.39569      2.84793   0.00757100
      3.39712      2.85274   0.00730702
      3.39855      2.85190   0.00720797
      3.39998      2.84023   0.00723322
      3.40141      2.81512   0.00781903
      3.40285      2.79906   0.00901462
      3.40428      2.68266    0.0102627
      3.40571      2.73399    0.0102410
      3.40714      2.87101   0.00982017
      3.40858      2.86118   0.00937734
      3.41001      2.86016   0.00879409
      3.41144      2.89411   0.00825541
      3.41287      2.84384   0.00822133
      3.41431      2.85525   0.00873539
      3.41574      2.80960   0.00915841
      3.41717      2.79334   0.00860345
      3.41860      2.91956   0.00771755
      3.42004      2.97267   0.00730551
      3.42147      2.95422   0.00720286
      3.42290      2.92581   0.00727023
      3.42434      2.91336   0.00749121
      3.42577      2.87701   0.00806061
      3.42720      2.90304   0.00878732
      3.42863      2.87819   0.00872626
      3.43007      2.93206   0.00789035
      3.43150      3.02372   0.00731002
      3.43293      3.05161   0.00718437
      3.43437      3.03801   0.00717302
      3.43580      3.02742   0.00716228
      3.43723      3.00368   0.00722294
      3.43867      3.03601   0.00759910
      3.44010      3.02961   0.00796402
      3.44153      3.03062   0.00780628
      3.44297      3.08327   0.00732329
      3.44440      3.12007   0.00707820
      3.44583      3.12674   0.00706647
      3.44727      3.11423   0.00705664
      3.44870      3.11272   0.00698775
      3.45014      3.12131   0.00709910
      3.45157      3.14218   0.00738778
      3.45300      3.14953   0.00770341
      3.45444      3.17250   0.00770550
      3.45587      3.20367   0.00735591
      3.45731      3.23744   0.00698695
      3.45874      3.25862   0.00680322
      3.46017      3.25131   0.00676731
      3.46161      3.24086   0.00681555
      3.46304      3.24112   0.00696240
      3.46448      3.26101   0.00720473
      3.46591      3.25240   0.00729258
      3.46734      3.30208   0.00710929
      3.46878      3.35354   0.00679250
      3.47021      3.34239   0.00672480
      3.47165      3.34562   0.00681845
      3.47308      3.35260   0.00691323
      3.47452      3.35156   0.00691190
      3.47595      3.34548   0.00695784
      3.47739      3.35545   0.00700471
      3.47882      3.37251   0.00698930
      3.48025      3.41642   0.00686679
      3.48169      3.48492   0.00677889
      3.48312      3.51814   0.00670747
      3.48456      3.51441   0.00672504
      3.48599      3.49830   0.00677938
      3.48743      3.49354   0.00688545
      3.48886      3.51099   0.00696629
      3.49030      3.52575   0.00697435
      3.49173      3.55283   0.00688971
      3.49317      3.57524   0.00679347
      3.49460      3.56924   0.00669890
      3.49604      3.60577   0.00665959
      3.49747      3.65595   0.00670336
      3.49891      3.70535   0.00671913
      3.50034      3.73246   0.00674736
      3.50178      3.76626   0.00677907
      3.50322      3.76108   0.00678427
      3.50465      3.70444   0.00675813
      3.50609      3.72002   0.00665896
      3.50752      3.74918   0.00663210
      3.50896      3.76624   0.00665128
      3.51039      3.78057   0.00667225
      3.51183      3.78323   0.00669529
      3.51326      3.80317   0.00666757
      3.51470      3.83026   0.00667065
      3.51613      3.86511   0.00665331
      3.51757      3.89324   0.00660648
      3.51901      3.92513   0.00659639
      3.52044      3.97615   0.00657283
      3.52188      4.01273   0.00657596
      3.52331      4.00374   0.00659723
      3.52475      3.99198   0.00660014
      3.52619      3.97417   0.00666422
      3.52762      3.94218   0.00671347
      3.52906      3.96167   0.00666716
      3.53049      3.98630   0.00667106
      3.53193      3.99205   0.00671985
      3.53337      4.00460   0.00681322
      3.53480      4.00658   0.00692915
      3.53624      4.00996   0.00697739
      3.53767      4.06375   0.00698635
      3.53911      4.11607   0.00705405
      3.54055      4.12160   0.00708913
      3.54198      4.19320   0.00707526
      3.54342      4.26174   0.00698945
      3.54485      4.27907   0.00693416
      3.54629      4.30312   0.00688470
      3.54773      4.27096   0.00683521
      3.54916      4.23370   0.00676349
      3.55060      4.25053   0.00676708
      3.55204      4.27947   0.00683954
      3.55347      4.29703   0.00690271
      3.55491      4.30166   0.00690133
      3.55635      4.34115   0.00684561
      3.55778      4.37412   0.00676432
      3.55922      4.38705   0.00675362
      3.56065      4.37657   0.00668637
      3.56209      4.40367   0.00663679
      3.56353      4.42562   0.00661595
      3.56496      4.41740   0.00673756
      3.56640      4.43781   0.00687817
      3.56784      4.49249   0.00699169
      3.56927      4.52448   0.00700364
      3.57071      4.55057   0.00697985
      3.57215      4.59927   0.00699344
      3.57358      4.67009   0.00710639
      3.57502      4.72216   0.00708079
      3.57646      4.72041   0.00696408
      3.57789      4.65960   0.00679518
      3.57933      4.62341   0.00675077
      3.58077      4.63135   0.00682930
      3.58221      4.65479   0.00692310
      3.58364      4.69117   0.00692597
      3.58508      4.70602   0.00694806
      3.58652      4.71262   0.00696593
      3.58795      4.73000   0.00693027
      3.58939      4.75211   0.00686578
      3.59083      4.80872   0.00686431
      3.59226      4.81778   0.00687751
      3.59370      4.81827   0.00682570
      3.59514      4.84016   0.00674644
      3.59657      4.85793   0.00672502
      3.59801      4.86698   0.00672756
      3.59945      4.89340   0.00672000
      3.60089      4.89567   0.00667959
      3.60232      4.91134   0.00663243
      3.60376      4.94709   0.00660792
      3.60520      5.00964   0.00675193
      3.60663      5.07930   0.00688749
      3.60807      5.11009   0.00690316
      3.60951      5.08469   0.00678804
      3.61095      5.05967   0.00675937
      3.61238      5.04913   0.00678052
      3.61382      5.05242   0.00678431
      3.61526      5.07651   0.00670278
      3.61669      5.06815   0.00664231
      3.61813      5.06282   0.00664482
      3.61957      5.08405   0.00656265
      3.62101      5.09040   0.00650543
      3.62244      5.09576   0.00651710
      3.62388      5.11917   0.00655315
      3.62532      5.12299   0.00665480
      3.62675      5.13463   0.00672236
      3.62819      5.14064   0.00674039
      3.62963      5.15537   0.00662154
      3.63107      5.18957   0.00662338
      3.63250      5.23326   0.00668122
      3.63394      5.23827   0.00673242
      3.63538      5.23196   0.00665892
      3.63681      5.24610   0.00661652
      3.63825      5.27772   0.00655504
      3.63969      5.30605   0.00656642
      3.64113      5.32291   0.00655934
      3.64256      5.37155   0.00656326
      3.64400      5.43697   0.00655849
      3.64544      5.50829   0.00666570
      3.64687      5.52479   0.00674213
      3.64831      5.45288   0.00672716
      3.64975      5.43239   0.00665802
      3.65119      5.42406   0.00664651
      3.65262      5.37900   0.00663296
      3.65406      5.38760   0.00658275
      3.65550      5.41768   0.00652951
      3.65693      5.44943   0.00651224
      3.65837      5.45548   0.00650699
      3.65981      5.46524   0.00655839
      3.66125      5.50795   0.00657770
      3.66268      5.53784   0.00658286
      3.66412      5.51513   0.00657653
      3.66556      5.52510   0.00664812
      3.66699      5.54209   0.00680229
      3.66843      5.51721   0.00696457
      3.66987      5.55455   0.00695732
      3.67131      5.63975   0.00709042
      3.67274      5.67725   0.00738824
      3.67418      5.70350   0.00756714
      3.67562      5.72044   0.00757673
      3.67705      5.73075   0.00741719
      3.67849      5.74971   0.00721385
      3.67993      5.75637   0.00713766
      3.68136      5.77730   0.00714264
      3.68280      5.75794   0.00705987
      3.68424      5.72816   0.00696483
      3.68568      5.71863   0.00687891
      3.68711      5.70908   0.00684720
      3.68855      5.72507   0.00684819
      3.68999      5.81815   0.00676072
      3.69142      5.95976   0.00671718
      3.69286      6.04269   0.00668440
      3.69430      6.05738   0.00665943
      3.69573      5.95893   0.00660380
      3.69717      5.88971   0.00660188
      3.69861      5.88439   0.00659707
      3.70004      5.86949   0.00658656
      3.70148      5.86362   0.00655597
      3.70292      5.85304   0.00653495
      3.70435      5.86251   0.00653882
      3.70579      5.87229   0.00660194
      3.70723      5.87744   0.00666337
      3.70866      5.88970   0.00672903
      3.71010      5.87430   0.00675819
      3.71153      5.93108   0.00680015
      3.71297      5.98914   0.00678474
      3.71441      5.98787   0.00678892
      3.71584      5.97781   0.00674761
      3.71728      6.01096   0.00675072
      3.71872      6.02626   0.00673161
      3.72015      6.01378   0.00668783
      3.72159      6.02715   0.00663559
      3.72303      6.06857   0.00665315
      3.72446      6.06157   0.00664293
      3.72590      6.08264   0.00668684
      3.72733      6.07203   0.00673458
      3.72877      6.11428   0.00680062
      3.73021      6.12228   0.00680550
      3.73164      6.15330   0.00684321
      3.73308      6.17639   0.00683766
      3.73451      6.24731   0.00694444
      3.73595      6.38834   0.00700571
      3.73738      6.71524   0.00699697
      3.73882      7.29376   0.00698890
      3.74026      8.03904   0.00706547
      3.74169      8.37699   0.00708561
      3.74313      7.70252   0.00702884
      3.74456      6.80981   0.00686320
      3.74600      6.49497   0.00681093
      3.74743      6.50398   0.00679135
      3.74887      6.59265   0.00683895
      3.75030      6.64048   0.00689486
      3.75174      6.53830   0.00693086
      3.75318      6.42463   0.00690410
      3.75461      6.36037   0.00688188
      3.75605      6.29908   0.00687419
      3.75748      6.30096   0.00688741
      3.75892      6.30023   0.00693782
      3.76035      6.29853   0.00700705
      3.76179      6.29290   0.00700594
      3.76322      6.31375   0.00706823
      3.76466      6.28598   0.00708431
      3.76609      6.27390   0.00708401
      3.76752      6.25475   0.00700031
      3.76896      6.29991   0.00700705
      3.77039      6.30805   0.00705487
      3.77183      6.30949   0.00712281
      3.77326      6.31842   0.00709940
      3.77470      6.29948   0.00706973
      3.77613      6.28476   0.00699061
      3.77757      6.33295   0.00691672
      3.77900      6.36140   0.00690210
      3.78043      6.40629   0.00699663
      3.78187      6.37503   0.00702931
      3.78330      6.40591   0.00705040
      3.78474      6.39551   0.00698517
      3.78617      6.40158   0.00696874
      3.78760      6.43034   0.00697193
      3.78904      6.47000   0.00712030
      3.79047      6.46902   0.00723396
      3.79191      6.47556   0.00723124
      3.79334      6.50723   0.00712356
      3.79477      6.49792   0.00702271
      3.79621      6.46935   0.00695716
      3.79764      6.48429   0.00694409
      3.79907      6.48157   0.00694519
      3.80051      6.51308   0.00696030
      3.80194      6.52770   0.00693453
      3.80337      6.54836   0.00695124
      3.80480      6.54768   0.00694569
      3.80624      6.56251   0.00693320
      3.80767      6.56346   0.00691632
      3.80910      6.57259   0.00700080
      3.81054      6.61044   0.00707398
      3.81197      6.67250   0.00719542
      3.81340      6.70130   0.00725972
      3.81483      6.73499   0.00724013
      3.81627      6.78748   0.00710520
      3.81770      6.89412   0.00703799
      3.81913      7.07112   0.00701031
      3.82056      7.11618   0.00699037
      3.82199      7.00808   0.00697074
      3.82343      6.82909   0.00697178
      3.82486      6.73641   0.00695921
      3.82629      6.69119   0.00695379
      3.82772      6.73222   0.00694416
      3.82915      6.75116   0.00694109
      3.83058      6.74174   0.00691038
      3.83202      6.76881   0.00698404
      3.83345      6.80119   0.00711652
      3.83488      6.83719   0.00723444
      3.83631      6.81774   0.00721248
      3.83774      6.82569   0.00714122
      3.83917      6.81879   0.00705373
      3.84060      6.81220   0.00703478
      3.84203      6.80107   0.00705952
      3.84346      6.81988   0.00716065
      3.84489      6.83718   0.00721568
      3.84632      6.84893   0.00722706
      3.84775      6.81612   0.00716088
      3.84918      6.82497   0.00709842
      3.85061      6.85852   0.00707439
      3.85204      6.87280   0.00711517
      3.85347      6.85591   0.00712046
      3.85490      6.86765   0.00717037
      3.85633      6.88843   0.00723259
      3.85776      6.91669   0.00730880
      3.85919      6.90969   0.00730899
      3.86062      6.90419   0.00734245
      3.86205      6.92265   0.00738986
      3.86348      6.95234   0.00744979
      3.86491      6.95863   0.00750727
      3.86634      7.01867   0.00763762
      3.86777      7.05146   0.00774985
      3.86919      7.04553   0.00783046
      3.87062      6.96788   0.00783742
      3.87205      6.95473   0.00790197
      3.87348      6.92806   0.00793648
      3.87491      6.93113   0.00798545
      3.87634      6.86807   0.00799901
      3.87776      6.91354   0.00807445
      3.87919      6.91613   0.00811064
      3.88062      6.95889   0.00814778
      3.88205      6.93954   0.00815534
      3.88347      6.95993   0.00818423
      3.88490      6.95121   0.00816768
      3.88633      7.00388   0.00820037
      3.88776      7.01447   0.00819942
      3.88918      7.05738   0.00824069
      3.89061      7.06099   0.00820797
      3.89204      7.08991   0.00816652
      3.89346      7.05557   0.00807516
      3.89489      7.04369   0.00804351
      3.89631      7.06580   0.00798320
      3.89774      7.13982   0.00794674
      3.89917      7.14196   0.00789546
      3.90059      7.19021   0.00786508
      3.90202      7.14942   0.00777689
      3.90344      7.21244   0.00783236
      3.90487      7.31849   0.00784918
      3.90629      7.46840   0.00792329
      3.90772      7.62312   0.00803880
      3.90914      7.67335   0.00812322
      3.91057      7.43288   0.00814420
      3.91199      7.26404   0.00817514
      3.91342      7.18638   0.00810503
      3.91484      7.16422   0.00808905
      3.91627      7.12554   0.00808128
      3.91769      7.13584   0.00812640
      3.91911      7.15375   0.00813449
      3.92054      7.12423   0.00806566
      3.92196      6.81019   0.00806512
      3.92339      7.28479   0.00841990
      3.92481      7.19526   0.00810483
      3.92623      7.18212   0.00811295
      3.92765      7.18607   0.00804420
      3.92908      7.20711   0.00804890
      3.93050      7.24663   0.00802081
      3.93192      7.28789   0.00806547
      3.93335      7.28844   0.00802111
      3.93477      7.35430   0.00795889
      3.93619      7.37599   0.00792057
      3.93761      7.47123   0.00789225
      3.93903      7.49201   0.00786420
      3.94045      7.45942   0.00786094
      3.94188      7.38050   0.00783021
      3.94330      7.39361   0.00782916
      3.94472      7.38627   0.00776799
      3.94614      7.44144   0.00776564
      3.94756      7.42099   0.00772596
      3.94898      7.48883   0.00774363
      3.95040      7.47653   0.00771211
      3.95182      7.47103   0.00772949
      3.95324      7.47481   0.00773817
      3.95466      7.45224   0.00771962
      3.95608      7.41469   0.00770159
      3.95750      7.49098   0.00772888
      3.95892      7.55678   0.00773404
      3.96034      7.60293   0.00774078
      3.96176      7.55535   0.00767189
      3.96318      7.56684   0.00768907
      3.96460      7.58510   0.00768457
      3.96601      7.63156   0.00772387
      3.96743      7.65268   0.00775910
      3.96885      7.65879   0.00776187
      3.97027      7.68016   0.00778330
      3.97168      7.71882   0.00780213
      3.97310      7.69157   0.00778864
      3.97452      7.70981   0.00785771
      3.97594      7.69514   0.00785674
      3.97735      7.73145   0.00788026
      3.97877      7.71442   0.00786621
      3.98019      7.78004   0.00794247
      3.98160      7.58956   0.00793010
      3.98302      7.51937   0.00792735
      3.98444      7.99890   0.00786196
      3.98585      7.90856   0.00805328
      3.98727      7.82488   0.00798666
      3.98868      7.79620   0.00802340
      3.99010      7.81270   0.00799870
      3.99151      7.85611   0.00801196
      3.99293      7.88871   0.00802770
      3.99434      7.87878   0.00805641
      3.99575      7.83586   0.00802629
      3.99717      7.86646   0.00808752
      3.99858      7.89075   0.00811099
      4.00000      7.93171   0.00815488
      4.00141      7.89025   0.00814294
      4.00282      7.86796   0.00815777
      4.00424      7.86520   0.00819193
      4.00565      7.85528   0.00822613
      4.00706      7.77207   0.00829194
      4.00847      7.81842   0.00837496
      4.00989      7.99254   0.00841812
      4.01130      8.00476   0.00837101
      4.01271      7.93678   0.00835359
      4.01412      7.97695   0.00839363
      4.01553      8.07252   0.00844319
      4.01694      8.15787   0.00847867
      4.01835      8.32109   0.00852604
      4.01976      8.52681   0.00857659
      4.02117      8.62186   0.00855640
      4.02258      8.45699   0.00858069
      4.02399      8.15927   0.00860912
      4.02540      8.03540   0.00865985
      4.02681      7.99074   0.00868971
      4.02822      7.99377   0.00874059
      4.02963      7.97090   0.00885265
      4.03104      7.98999   0.00891467
      4.03245      8.01581   0.00890835
      4.03386      8.06932   0.00898007
      4.03526      8.08012   0.00909472
      4.03667      8.08887   0.00914108
      4.03808      8.03806   0.00915957
      4.03949      8.07925   0.00920194
      4.04089      8.11806   0.00915385
      4.04230      8.14655   0.00923229
      4.04371      8.20871   0.00924078
      4.04511      8.42082   0.00937939
      4.04652      8.98831   0.00931741
      4.04792      10.4512   0.00943184
      4.04933      13.2923   0.00968722
      4.05073      16.7712    0.0100832
      4.05214      18.4271    0.0103494
      4.05354      15.7226    0.0100956
      4.05495      10.9472   0.00961058
      4.05635      8.77960   0.00947245
      4.05776      8.28129   0.00939578
      4.05916      8.18947   0.00942188
      4.06056      8.17754   0.00944225
      4.06197      8.16744   0.00945570
      4.06337      8.09273   0.00948902
      4.06477      8.08912   0.00958340
      4.06617      8.04321   0.00972003
      4.06758      8.10737   0.00968282
      4.06898      8.09470   0.00972169
      4.07038      8.03397   0.00975579
      4.07178      8.02612   0.00984124
      4.07318      8.07148    0.0100158
      4.07458      8.06810    0.0100023
      4.07598      8.06760    0.0100934
      4.07738      8.08644    0.0101572
      4.07878      8.11302    0.0103428
      4.08018      8.11846    0.0103936
      4.08158      8.08804    0.0104367
      4.08298      8.11097    0.0104888
      4.08438      8.12290    0.0105461
      4.08578      8.12908    0.0106022
      4.08718      8.14537    0.0106989
      4.08857      8.16484    0.0107586
      4.08997      8.18903    0.0108031
      4.09137      8.12650    0.0107984
      4.09277      8.15537    0.0108821
      4.09416      8.15478    0.0108874
      4.09556      8.18412    0.0109574
      4.09696      8.18462    0.0110111
      4.09835      8.20985    0.0110653
      4.09975      8.19890    0.0110836
      4.10114      8.22877    0.0111444
      4.10254      8.21024    0.0111511
      4.10393      8.23825    0.0112097
      4.10533      8.20980    0.0112356
      4.10672      8.26282    0.0113136
      4.10811      8.25112    0.0113470
      4.10951      8.25418    0.0114509
      4.11090      8.25748    0.0114918
      4.11229      8.34132    0.0116072
      4.11368      8.26705    0.0115912
      4.11508      8.22351    0.0116336
      4.11647      8.23616    0.0116538
      4.11786      8.36935    0.0117235
      4.11925      8.27122    0.0117291
      4.12064      8.33095    0.0118715
      4.12203      8.31832    0.0119328
      4.12342      8.31384    0.0120387
      4.12481      8.31846    0.0121054
      4.12620      8.29991    0.0121670
      4.12759      8.28693    0.0122253
      4.12898      8.34196    0.0123173
      4.13037      8.31631    0.0123405
      4.13176      8.34875    0.0124943
      4.13314      8.37108    0.0125722
      4.13453      8.38521    0.0126597
      4.13592      8.35230    0.0127347
      4.13731      8.35105    0.0128657
      4.13869      8.39089    0.0130003
      4.14008      8.40653    0.0131402
      4.14146      8.40009    0.0131953
      4.14285      8.47581    0.0133660
      4.14423      8.42564    0.0134896
      4.14562      8.43040    0.0135800
      4.14700      8.41224    0.0137260
      4.14839      8.43113    0.0139506
      4.14977      8.38410    0.0141463
      4.15115      8.42657    0.0143347
      4.15254      8.36558    0.0145255
      4.15392      8.40560    0.0147983
      4.15530      8.42610    0.0150463
      4.15668      8.43464    0.0152874
      4.15807      8.37223    0.0156169
      4.15945      8.40242    0.0160140
      4.16083      8.43994    0.0164540
      4.16221      8.47077    0.0169634
      4.16359      8.52559    0.0174483
      4.16497      8.66355    0.0181031
      4.16635      8.89948    0.0186912
      4.16773      9.12977    0.0195556
      4.16911      9.08543    0.0204031
      4.17048      8.84710    0.0212046
      4.17186      8.50198    0.0226128
      4.17324      8.42437    0.0244062
      4.17462      8.31377    0.0263292
      4.17599      8.41545    0.0306374
      4.17737      8.40804    0.0374748
      4.17875      8.45778    0.0493137
      4.18012      8.58185    0.0704825
      4.18150      8.44583     0.107923
      4.18287      8.65279     0.196535
      4.18425      8.28808     0.407197
      4.18562      7.76942      1.03689
      4.18700      11.1340      2.62075
      4.18837      5.84177      16.1044
      4.18974      12.5557      23.7028
      4.19111      7.79666      20.9073
      4.19249     -2.54991      43.2033
      4.19386     0.632946      11.1963
      4.19523      15.2113      68.7520
      4.19660      6.54280      23.4951
      4.19797      14.8298      66.7528
      4.19934     -51.6960      132.400
      4.20071      2.42434      32.3200
      4.20208     -26.1530      106.439
      4.20345      31.0796      264.467
      4.20482      21.1799      31.4531
      4.20619      1.43747      26.1587
      4.20755      4.39244      18.8276
      4.20892      37.3637      343.893
      4.21029      12.4783      36.6266
      4.21165     -21.3020      159.919
      4.21302     -192.202      974.279
      4.21439      254.324      442.089
      4.21575      80.0061      63.3432
      4.21712      23.0600      36.0497
      4.21848      16.0257      174.270
      4.21984     0.837260      21.2046
      4.22121     -5.15126      32.8593
      4.22257     -22.5888      37.7700
      4.22393      36.8138      266.238
      4.22530      36.3803      69.4772
      4.22666     -255.079      124.850
      4.22802      951.485      7214.92
      4.22938      117.150      153.361
      4.23074     -5.29653      100.614
      4.23210      42.0431      336.421
      4.23346      10.5984      64.9222
      4.23482    0.0793626      16.9595
      4.23618      151.651      62.5014
      4.23754     -165.501      1472.56
      4.23889     -65.1866      57.1694
      4.24025     -6.31547      9.55657
      4.24161      76.3730      5101.69
      4.24296      31.8560      58.1471
      4.24432      15.6551      42.6636
      4.24568     -41.0769      1939.75
      4.24703      71.2701      160.684
      4.24839      5.69253      82.6486
      4.24974      16.3037      43.5897
      4.25109      22.5647      33.7736
      4.25245      87.8224      335.480
      4.25380      80.4089      128.961
      4.25515     -82.1619      42.1689
      4.25650     -7.60412      361.092
      4.25786     -13.1677      427.334
      4.25921     -1.08830      74.9949
      4.26056     -15.2271      35.7543
      4.26191      53.9551      78.3472
      4.26326     -23.4289      63.3747
      4.26461     -382.897      196.908
      4.26595     -67.2916      9.18056
      4.26730     -33.9633      7.30781
      4.26865      32.2835      167.106
      4.27000      5.55779      19.3488
      4.27134      0.00000      1.82328
