SOURCE  = GL 961 E                      / Source name
STANDARD= HD 1543                       / Standard name
OBSDATE = 13-01-2001                    / Date of observation
SPOS    = 06:34:36.3  04:12:36.5        / Source position RA,DEC,J2000
STPOS   = 08:08:34.2  -02:59:08.8       / Standard position RA,DEC,J2000
STSPT   = F6II                          / Standard spectral type
STTEFF  = 6400                          / Standard effective temperature [K]
STMAG   = 2.05                          / Standard magnitude (adopted)
WAVEZP  = 3.45                          / Wavelength zero point [micron]
FLUXZP  = 290                           / Flux zero point [Jy]
SAIRM   = 1.22                          / Source mean airmass
STAIRM  = 1.21                          / Standard mean airmass
AIRMCORR= 0.95                          / Optimal (adopted) airmass correction
SPECRES = ~600                          / Spectral resolution

Created by E. Dartois and K. Pontoppidan (c)

Wavelength [micron] Flux [Jy] Statistical Error [Jy]

      2.81816      0.00000     0.357180
      2.81959      1.29338     0.330469
      2.82102      1.49350     0.198735
      2.82245      1.56120     0.155998
      2.82388      1.03691     0.112441
      2.82531     0.970522    0.0765432
      2.82674      1.16360    0.0656196
      2.82817      1.18978    0.0714097
      2.82960     0.978379     0.117196
      2.83103     0.712669     0.385904
      2.83246    -0.139913      1.69865
      2.83389     0.224098      1.88968
      2.83533     0.503751     0.619759
      2.83676     0.852321     0.264831
      2.83818     0.909645     0.106702
      2.83961     0.945390    0.0537521
      2.84104      1.00258    0.0415457
      2.84247      1.02197    0.0418410
      2.84390     0.952193    0.0590246
      2.84533     0.978556     0.130284
      2.84676     0.961196     0.165624
      2.84819     0.744476     0.138513
      2.84962     0.959208     0.142976
      2.85105     0.901143     0.220120
      2.85248     0.791300     0.223534
      2.85391     0.768224     0.108735
      2.85534     0.961253    0.0770968
      2.85676      1.01101    0.0645711
      2.85819     0.902952    0.0489866
      2.85962     0.831699    0.0363713
      2.86105     0.849378    0.0299961
      2.86248     0.876663    0.0305968
      2.86391     0.859564    0.0376460
      2.86533     0.832372    0.0502835
      2.86676     0.911310    0.0692979
      2.86819     0.882499    0.0807451
      2.86962     0.844884    0.0627129
      2.87105     0.758084    0.0352279
      2.87247     0.775477    0.0251273
      2.87390     0.825298    0.0228119
      2.87533     0.819523    0.0240361
      2.87676     0.768399    0.0256446
      2.87818     0.746161    0.0238837
      2.87961     0.747066    0.0230344
      2.88104     0.743600    0.0249136
      2.88246     0.701022    0.0258591
      2.88389     0.683164    0.0276370
      2.88532     0.710295    0.0296246
      2.88674     0.664476    0.0316160
      2.88817     0.648204    0.0289043
      2.88960     0.678340    0.0237232
      2.89103     0.663586    0.0198293
      2.89245     0.647205    0.0167398
      2.89388     0.644885    0.0146249
      2.89530     0.653523    0.0145900
      2.89673     0.653944    0.0173969
      2.89816     0.641975    0.0244581
      2.89958     0.618756    0.0394357
      2.90101     0.629623    0.0471557
      2.90244     0.691620    0.0418249
      2.90386     0.650180    0.0369458
      2.90529     0.606276    0.0303311
      2.90671     0.596951    0.0222918
      2.90814     0.590603    0.0176236
      2.90956     0.601638    0.0159742
      2.91099     0.608364    0.0165438
      2.91242     0.590210    0.0181836
      2.91384     0.594879    0.0186351
      2.91527     0.594016    0.0166011
      2.91669     0.563726    0.0153520
      2.91812     0.562737    0.0160103
      2.91954     0.548855    0.0191593
      2.92097     0.530707    0.0291832
      2.92239     0.514695    0.0345215
      2.92382     0.505839    0.0218378
      2.92524     0.525517    0.0156908
      2.92667     0.540662    0.0137464
      2.92809     0.535923    0.0133076
      2.92952     0.521143    0.0130891
      2.93094     0.522962    0.0126261
      2.93237     0.520413    0.0124425
      2.93379     0.519322    0.0127654
      2.93522     0.523149    0.0136188
      2.93664     0.529089    0.0156115
      2.93807     0.520434    0.0178840
      2.93949     0.507765    0.0179984
      2.94092     0.519518    0.0181903
      2.94234     0.510648    0.0186101
      2.94376     0.505791    0.0190816
      2.94519     0.508277    0.0184272
      2.94661     0.487778    0.0175539
      2.94804     0.474393    0.0152924
      2.94946     0.478257    0.0131751
      2.95089     0.491137    0.0137233
      2.95231     0.495241    0.0168800
      2.95373     0.482729    0.0194504
      2.95516     0.472911    0.0169054
      2.95658     0.480584    0.0142420
      2.95801     0.480823    0.0135416
      2.95943     0.479779    0.0135040
      2.96085     0.477158    0.0131151
      2.96228     0.469417    0.0122834
      2.96370     0.463680    0.0120345
      2.96513     0.465613    0.0124262
      2.96655     0.464447    0.0150740
      2.96797     0.452833    0.0212295
      2.96940     0.463972    0.0330612
      2.97082     0.461864    0.0405046
      2.97224     0.478616    0.0367507
      2.97367     0.444331    0.0279901
      2.97509     0.438534    0.0218629
      2.97651     0.458215    0.0192064
      2.97794     0.462552    0.0189112
      2.97936     0.458306    0.0195638
      2.98079     0.445702    0.0168668
      2.98221     0.446843    0.0136807
      2.98363     0.454005    0.0120766
      2.98506     0.453310    0.0114373
      2.98648     0.452477    0.0110289
      2.98790     0.454820    0.0106254
      2.98933     0.456274    0.0106495
      2.99075     0.453600    0.0111026
      2.99217     0.452001    0.0120540
      2.99360     0.447519    0.0127897
      2.99502     0.448544    0.0136837
      2.99644     0.460013    0.0147153
      2.99786     0.449517    0.0141746
      2.99929     0.446205    0.0119733
      3.00071     0.444962    0.0108217
      3.00213     0.444291    0.0110883
      3.00356     0.447667    0.0129397
      3.00498     0.456625    0.0157108
      3.00640     0.459648    0.0179585
      3.00783     0.452677    0.0152845
      3.00925     0.443446    0.0126455
      3.01067     0.443607    0.0111608
      3.01210     0.447238    0.0110091
      3.01352     0.446145    0.0116232
      3.01494     0.442926    0.0119999
      3.01636     0.443974    0.0131291
      3.01779     0.455555    0.0159275
      3.01921     0.461715    0.0194694
      3.02063     0.463954    0.0197767
      3.02206     0.439514    0.0164039
      3.02348     0.431828    0.0128388
      3.02490     0.441171    0.0109259
      3.02632     0.447726    0.0106472
      3.02775     0.443524    0.0111027
      3.02917     0.443882    0.0115368
      3.03059     0.450895    0.0128631
      3.03202     0.442216    0.0143014
      3.03344     0.428257    0.0153660
      3.03486     0.453261    0.0161377
      3.03628     0.477633    0.0191050
      3.03771     0.491724    0.0215616
      3.03913     0.501715    0.0182737
      3.04055     0.479178    0.0145956
      3.04198     0.462431    0.0129722
      3.04340     0.460159    0.0127549
      3.04482     0.451820    0.0136307
      3.04624     0.455857    0.0148670
      3.04767     0.462268    0.0154999
      3.04909     0.450836    0.0173563
      3.05051     0.463742    0.0204873
      3.05193     0.468434    0.0241893
      3.05336     0.460681    0.0299452
      3.05478     0.466286    0.0270538
      3.05620     0.450620    0.0186696
      3.05763     0.449170    0.0134050
      3.05905     0.453921    0.0114230
      3.06047     0.453635    0.0116784
      3.06189     0.448657    0.0134618
      3.06332     0.441379    0.0145389
      3.06474     0.442123    0.0139211
      3.06616     0.455135    0.0134140
      3.06759     0.456830    0.0140785
      3.06901     0.458470    0.0151020
      3.07043     0.464679    0.0166787
      3.07185     0.478543    0.0167471
      3.07328     0.473405    0.0142239
      3.07470     0.468855    0.0116575
      3.07612     0.464180    0.0103251
      3.07755     0.467770    0.0103879
      3.07897     0.467692    0.0118598
      3.08039     0.473316    0.0149652
      3.08181     0.467478    0.0180281
      3.08324     0.477854    0.0170884
      3.08466     0.477204    0.0149873
      3.08608     0.473088    0.0139289
      3.08751     0.473331    0.0138600
      3.08893     0.482478    0.0137257
      3.09035     0.482039    0.0141153
      3.09177     0.489613    0.0146923
      3.09320     0.483905    0.0164965
      3.09462     0.488872    0.0190098
      3.09604     0.497523    0.0191150
      3.09747     0.503351    0.0174952
      3.09889     0.488681    0.0142637
      3.10031     0.471232    0.0120278
      3.10174     0.480394    0.0116150
      3.10316     0.485289    0.0134817
      3.10458     0.506885    0.0182255
      3.10601     0.501212    0.0200853
      3.10743     0.505292    0.0181025
      3.10885     0.524219    0.0171665
      3.11027     0.525939    0.0182838
      3.11170     0.513092    0.0172305
      3.11312     0.520443    0.0156841
      3.11454     0.540767    0.0150248
      3.11597     0.525597    0.0138076
      3.11739     0.516713    0.0110233
      3.11881     0.527576   0.00945381
      3.12024     0.528309   0.00899635
      3.12166     0.521255   0.00918422
      3.12308     0.512471    0.0102164
      3.12451     0.523929    0.0127121
      3.12593     0.529859    0.0180494
      3.12735     0.549565    0.0210451
      3.12878     0.545183    0.0150392
      3.13020     0.548205    0.0109913
      3.13163     0.565077   0.00936604
      3.13305     0.565769   0.00891794
      3.13447     0.561973   0.00871508
      3.13590     0.565676   0.00876367
      3.13732     0.567815   0.00967966
      3.13874     0.572803    0.0114695
      3.14017     0.564390    0.0128218
      3.14159     0.579479    0.0118468
      3.14301     0.583641    0.0108521
      3.14444     0.595189    0.0119124
      3.14586     0.594757    0.0141745
      3.14729     0.582222    0.0140413
      3.14871     0.598406    0.0113757
      3.15013     0.601132   0.00984819
      3.15156     0.604493   0.00924647
      3.15298     0.608918   0.00943982
      3.15441     0.615948    0.0102523
      3.15583     0.608987    0.0110314
      3.15725     0.610128    0.0105664
      3.15868     0.622832   0.00978519
      3.16010     0.635447   0.00904623
      3.16153     0.635047   0.00852372
      3.16295     0.627719   0.00806540
      3.16437     0.629486   0.00799469
      3.16580     0.634696   0.00811481
      3.16722     0.636892   0.00823493
      3.16865     0.640092   0.00816417
      3.17007     0.649513   0.00830068
      3.17150     0.661215   0.00875260
      3.17292     0.652855   0.00921473
      3.17434     0.652158   0.00919752
      3.17577     0.648997   0.00873591
      3.17719     0.664938   0.00834116
      3.17862     0.668574   0.00815550
      3.18004     0.676138   0.00851652
      3.18147     0.673828   0.00916975
      3.18289     0.672948   0.00965870
      3.18432     0.678409   0.00931721
      3.18574     0.677590   0.00884963
      3.18717     0.693229   0.00858278
      3.18859     0.697653   0.00920193
      3.19002     0.697653    0.0112573
      3.19144     0.695132    0.0147237
      3.19287     0.677856    0.0147205
      3.19429     0.681474    0.0120125
      3.19572     0.704063    0.0115408
      3.19714     0.723330    0.0141288
      3.19857     0.711667    0.0192904
      3.19999     0.701349    0.0213363
      3.20142     0.738720    0.0205258
      3.20284     0.712396    0.0206794
      3.20427     0.724937    0.0205990
      3.20569     0.750079    0.0215557
      3.20712     0.742580    0.0280293
      3.20854     0.769461    0.0364749
      3.20997     0.755193    0.0410783
      3.21139     0.735526    0.0336767
      3.21282     0.734212    0.0242554
      3.21424     0.741037    0.0199709
      3.21567     0.756063    0.0186531
      3.21710     0.768049    0.0171090
      3.21852     0.748912    0.0151346
      3.21995     0.747639    0.0148312
      3.22137     0.738007    0.0181223
      3.22280     0.737589    0.0293890
      3.22422     0.787291    0.0425001
      3.22565     0.782297    0.0284479
      3.22708     0.759407    0.0204086
      3.22850     0.805302    0.0198304
      3.22993     0.795509    0.0249704
      3.23135     0.775775    0.0206434
      3.23278     0.786132    0.0127779
      3.23421     0.817561   0.00970165
      3.23563     0.823983   0.00878583
      3.23706     0.810592   0.00914105
      3.23849     0.810687    0.0104427
      3.23991     0.794527    0.0117873
      3.24134     0.784553    0.0119354
      3.24276     0.810102    0.0124341
      3.24419     0.827171    0.0160235
      3.24562     0.863146    0.0248861
      3.24704     0.874979    0.0288287
      3.24847     0.857257    0.0234212
      3.24990     0.825332    0.0148575
      3.25132     0.829219    0.0103927
      3.25275     0.862358   0.00860526
      3.25418     0.875496   0.00806899
      3.25560     0.872386   0.00807025
      3.25703     0.863257   0.00860287
      3.25846     0.851667    0.0103388
      3.25989     0.853196    0.0146446
      3.26131     0.875020    0.0233042
      3.26274     0.922052    0.0209131
      3.26417     0.914353    0.0142858
      3.26559     0.938014    0.0116400
      3.26702     0.936119    0.0114814
      3.26845     0.904857    0.0132721
      3.26988     0.921014    0.0162784
      3.27130     0.932025    0.0179352
      3.27273     0.934377    0.0135776
      3.27416     0.978082   0.00995598
      3.27559      1.00005   0.00884147
      3.27701      1.00040   0.00914205
      3.27844      1.00796    0.0105565
      3.27987      1.01585    0.0117870
      3.28130      1.02220    0.0102805
      3.28272      1.05257   0.00842757
      3.28415      1.06982   0.00774912
      3.28558      1.07790   0.00754898
      3.28701      1.07856   0.00749884
      3.28844      1.08031   0.00761858
      3.28986      1.08292   0.00804839
      3.29129      1.06817   0.00888137
      3.29272      1.09249    0.0103450
      3.29415      1.13726    0.0130814
      3.29558      1.19671    0.0175453
      3.29701      1.30288    0.0219471
      3.29843      1.27834    0.0240106
      3.29986      1.13510    0.0186359
      3.30129      1.06491    0.0129192
      3.30272      1.08430    0.0110365
      3.30415      1.09760    0.0108027
      3.30558      1.07087    0.0108097
      3.30701      1.06691    0.0104412
      3.30843      1.04666    0.0104653
      3.30986     0.990712    0.0109969
      3.31129     0.950391    0.0120620
      3.31272     0.880281    0.0166806
      3.31415     0.743889    0.0374296
      3.31558     0.779335     0.121424
      3.31701     0.955619     0.119510
      3.31844     0.913381    0.0825968
      3.31987     0.976372    0.0516411
      3.32130     0.975426    0.0282505
      3.32272     0.957199    0.0169201
      3.32415     0.956382    0.0123980
      3.32558     0.969502    0.0111321
      3.32701      1.01128    0.0117667
      3.32844      1.02522    0.0119290
      3.32987      1.00935   0.00995663
      3.33130      1.02602   0.00832369
      3.33273      1.02985   0.00789554
      3.33416      1.02518   0.00793971
      3.33559      1.01850   0.00796702
      3.33702      1.03601   0.00830294
      3.33845      1.04815   0.00953252
      3.33988      1.05378    0.0110135
      3.34131      1.04147    0.0107002
      3.34274      1.02582   0.00984257
      3.34417      1.03150    0.0100264
      3.34560      1.03116    0.0110440
      3.34703      1.01666    0.0107289
      3.34846      1.04650   0.00910101
      3.34989      1.07160   0.00835087
      3.35132      1.05537   0.00838623
      3.35275      1.04711   0.00872557
      3.35418      1.04800   0.00958097
      3.35561      1.03661    0.0111474
      3.35704      1.02922    0.0115100
      3.35847      1.02746    0.0103174
      3.35990      1.06555   0.00942024
      3.36133      1.08476   0.00969314
      3.36276      1.07422   0.00976332
      3.36420      1.06091   0.00895281
      3.36563      1.06014   0.00848085
      3.36706      1.05820   0.00906828
      3.36849      1.04361   0.00996647
      3.36992      1.06080   0.00992153
      3.37135      1.09510   0.00895907
      3.37278      1.10123   0.00826358
      3.37421      1.10361   0.00791808
      3.37564      1.09833   0.00805707
      3.37707      1.06737   0.00845906
      3.37851      1.06231   0.00899448
      3.37994      1.05470   0.00976420
      3.38137      1.05455    0.0101195
      3.38280      1.09290   0.00952001
      3.38423      1.10134   0.00893318
      3.38566      1.09427   0.00829615
      3.38710      1.09258   0.00768252
      3.38853      1.08915   0.00748069
      3.38996      1.07899   0.00808620
      3.39139      1.06707   0.00892114
      3.39282      1.06427   0.00902083
      3.39425      1.10253   0.00813089
      3.39569      1.12895   0.00756983
      3.39712      1.13381   0.00730594
      3.39855      1.13156   0.00720697
      3.39998      1.11608   0.00723225
      3.40141      1.09942   0.00781793
      3.40285      1.08942   0.00901298
      3.40428      1.05881    0.0102605
      3.40571      1.07601    0.0102386
      3.40714      1.11954   0.00981779
      3.40858      1.11819   0.00937512
      3.41001      1.10676   0.00879221
      3.41144      1.11223   0.00825383
      3.41287      1.09183   0.00821987
      3.41431      1.08383   0.00873365
      3.41574      1.07096   0.00915648
      3.41717      1.06384   0.00860172
      3.41860      1.10399   0.00771616
      3.42004      1.11713   0.00730425
      3.42147      1.11054   0.00720165
      3.42290      1.10707   0.00726908
      3.42434      1.10001   0.00749004
      3.42577      1.08970   0.00805924
      3.42720      1.08139   0.00878545
      3.42863      1.07927   0.00872434
      3.43007      1.09135   0.00788880
      3.43150      1.12103   0.00730866
      3.43293      1.12978   0.00718301
      3.43437      1.12847   0.00717168
      3.43580      1.12199   0.00716102
      3.43723      1.11526   0.00722170
      3.43867      1.11840   0.00759762
      3.44010      1.11948   0.00796231
      3.44153      1.12144   0.00780459
      3.44297      1.14266   0.00732182
      3.44440      1.15323   0.00707678
      3.44583      1.15148   0.00706501
      3.44727      1.14550   0.00705523
      3.44870      1.13830   0.00698640
      3.45014      1.14361   0.00709771
      3.45157      1.14496   0.00738620
      3.45300      1.14000   0.00770158
      3.45444      1.15279   0.00770362
      3.45587      1.16490   0.00735417
      3.45731      1.17924   0.00698536
      3.45874      1.17979   0.00680170
      3.46017      1.17392   0.00676582
      3.46161      1.16716   0.00681408
      3.46304      1.16382   0.00696087
      3.46448      1.16589   0.00720302
      3.46591      1.16466   0.00729078
      3.46734      1.18074   0.00710755
      3.46878      1.19664   0.00679086
      3.47021      1.19199   0.00672322
      3.47165      1.18752   0.00681680
      3.47308      1.19159   0.00691153
      3.47452      1.18852   0.00691020
      3.47595      1.17856   0.00695614
      3.47739      1.17240   0.00700290
      3.47882      1.18080   0.00698746
      3.48025      1.19818   0.00686498
      3.48169      1.21108   0.00677706
      3.48312      1.21458   0.00670562
      3.48456      1.21069   0.00672319
      3.48599      1.20547   0.00677753
      3.48743      1.19304   0.00688353
      3.48886      1.19663   0.00696428
      3.49030      1.19365   0.00697229
      3.49173      1.19422   0.00688763
      3.49317      1.20626   0.00679143
      3.49460      1.20850   0.00669692
      3.49604      1.21290   0.00665759
      3.49747      1.21823   0.00670129
      3.49891      1.22760   0.00671696
      3.50034      1.23202   0.00674513
      3.50178      1.23745   0.00677675
      3.50322      1.23630   0.00678190
      3.50465      1.22691   0.00675591
      3.50609      1.22520   0.00665680
      3.50752      1.23043   0.00662988
      3.50896      1.23715   0.00664901
      3.51039      1.23805   0.00666994
      3.51183      1.23657   0.00669298
      3.51326      1.24420   0.00666522
      3.51470      1.24981   0.00666824
      3.51613      1.24897   0.00665088
      3.51757      1.25700   0.00660402
      3.51901      1.25895   0.00659387
      3.52044      1.26606   0.00657022
      3.52188      1.26946   0.00657329
      3.52331      1.26185   0.00659457
      3.52475      1.26151   0.00659741
      3.52619      1.26587   0.00666148
      3.52762      1.25782   0.00671075
      3.52906      1.25598   0.00666442
      3.53049      1.25452   0.00666830
      3.53193      1.24517   0.00671700
      3.53337      1.24072   0.00681019
      3.53480      1.24068   0.00692599
      3.53624      1.23496   0.00697418
      3.53767      1.25134   0.00698300
      3.53911      1.25742   0.00705051
      3.54055      1.25476   0.00708545
      3.54198      1.26923   0.00707142
      3.54342      1.28119   0.00698556
      3.54485      1.28837   0.00693030
      3.54629      1.28932   0.00688080
      3.54773      1.28164   0.00683143
      3.54916      1.28074   0.00675991
      3.55060      1.27682   0.00676346
      3.55204      1.28201   0.00683574
      3.55347      1.29037   0.00689878
      3.55491      1.23401   0.00689734
      3.55635      1.27673   0.00684166
      3.55778      1.30062   0.00676037
      3.55922      1.29589   0.00674963
      3.56065      1.29394   0.00668248
      3.56209      1.29624   0.00663295
      3.56353      1.29531   0.00661204
      3.56496      1.29145   0.00673349
      3.56640      1.29160   0.00687389
      3.56784      1.30416   0.00698709
      3.56927      1.31487   0.00699893
      3.57071      1.31655   0.00697509
      3.57215      1.32097   0.00698847
      3.57358      1.33365   0.00710098
      3.57502      1.33943   0.00707515
      3.57646      1.33713   0.00695875
      3.57789      1.32479   0.00679035
      3.57933      1.31603   0.00674602
      3.58077      1.32709   0.00682435
      3.58221      1.32864   0.00691793
      3.58364      1.32895   0.00692070
      3.58508      1.32913   0.00694267
      3.58652      1.32783   0.00696047
      3.58795      1.32971   0.00692486
      3.58939      1.33062   0.00686040
      3.59083      1.33342   0.00685869
      3.59226      1.33212   0.00687184
      3.59370      1.33537   0.00682004
      3.59514      1.33963   0.00674087
      3.59657      1.34531   0.00671946
      3.59801      1.34377   0.00672188
      3.59945      1.35450   0.00671431
      3.60089      1.35097   0.00667392
      3.60232      1.34888   0.00662685
      3.60376      1.35480   0.00660225
      3.60520      1.36573   0.00674580
      3.60663      1.37269   0.00688074
      3.60807      1.37038   0.00689626
      3.60951      1.37533   0.00678150
      3.61095      1.36922   0.00675296
      3.61238      1.36562   0.00677397
      3.61382      1.37078   0.00677775
      3.61526      1.36365   0.00669629
      3.61669      1.35427   0.00663600
      3.61813      1.34877   0.00663854
      3.61957      1.35769   0.00655641
      3.62101      1.35841   0.00649928
      3.62244      1.35822   0.00651096
      3.62388      1.36054   0.00654684
      3.62532      1.35808   0.00664825
      3.62675      1.36091   0.00671548
      3.62819      1.36146   0.00673362
      3.62963      1.36154   0.00661484
      3.63107      1.36897   0.00661654
      3.63250      1.38301   0.00667395
      3.63394      1.38005   0.00672525
      3.63538      1.37904   0.00665187
      3.63681      1.38564   0.00660959
      3.63825      1.38607   0.00654806
      3.63969      1.38788   0.00655934
      3.64113      1.39275   0.00655220
      3.64256      1.40075   0.00655599
      3.64400      1.40807   0.00655085
      3.64544      1.41730   0.00665751
      3.64687      1.41703   0.00673366
      3.64831      1.39781   0.00671902
      3.64975      1.39594   0.00665009
      3.65119      1.39512   0.00663862
      3.65262      1.38704   0.00662522
      3.65406      1.37575   0.00657508
      3.65550      1.37243   0.00652182
      3.65693      1.36698   0.00650451
      3.65837      1.36336   0.00649920
      3.65981      1.38306   0.00655045
      3.66125      1.33023   0.00656949
      3.66268      1.38848   0.00657459
      3.66412      1.39526   0.00656835
      3.66556      1.39117   0.00663957
      3.66699      1.39377   0.00679306
      3.66843      1.38561   0.00695514
      3.66987      1.39493   0.00694763
      3.67131      1.41354   0.00707990
      3.67274      1.41384   0.00737646
      3.67418      1.42097   0.00755444
      3.67562      1.42215   0.00756381
      3.67705      1.42521   0.00740478
      3.67849      1.43771   0.00720206
      3.67993      1.43789   0.00712601
      3.68136      1.43930   0.00713089
      3.68280      1.43479   0.00704849
      3.68424      1.42287   0.00695395
      3.68568      1.41082   0.00686845
      3.68711      1.41721   0.00683681
      3.68855      1.41943   0.00683772
      3.68999      1.44365   0.00675011
      3.69142      1.46264   0.00670610
      3.69286      1.47093   0.00667294
      3.69430      1.47154   0.00664794
      3.69573      1.45335   0.00659292
      3.69717      1.44607   0.00659137
      3.69861      1.43587   0.00658658
      3.70004      1.43617   0.00657616
      3.70148      1.42920   0.00654566
      3.70292      1.43008   0.00652481
      3.70435      1.42902   0.00652857
      3.70579      1.43579   0.00659152
      3.70723      1.43285   0.00665262
      3.70866      1.43262   0.00671797
      3.71010      1.43042   0.00674707
      3.71153      1.43911   0.00678856
      3.71297      1.45387   0.00677286
      3.71441      1.45491   0.00677681
      3.71584      1.45666   0.00673570
      3.71728      1.45783   0.00673876
      3.71872      1.46064   0.00671953
      3.72015      1.46187   0.00667610
      3.72159      1.46564   0.00662396
      3.72303      1.46558   0.00664123
      3.72446      1.45879   0.00663100
      3.72590      1.46217   0.00667471
      3.72733      1.46418   0.00672239
      3.72877      1.46484   0.00678790
      3.73021      1.46558   0.00679254
      3.73164      1.46425   0.00682997
      3.73308      1.47563   0.00682425
      3.73451      1.47886   0.00693005
      3.73595      1.49699   0.00699005
      3.73738      1.54953   0.00697949
      3.73882      1.61785   0.00696745
      3.74026      1.70153   0.00703725
      3.74169      1.73361   0.00705368
      3.74313      1.64068   0.00700359
      3.74456      1.54631   0.00684565
      3.74600      1.51645   0.00679563
      3.74743      1.51552   0.00677584
      3.74887      1.52066   0.00682272
      3.75030      1.52433   0.00687798
      3.75174      1.51380   0.00691451
      3.75318      1.49287   0.00688851
      3.75461      1.47472   0.00686667
      3.75605      1.45892   0.00685929
      3.75748      1.45864   0.00687249
      3.75892      1.45318   0.00692256
      3.76035      1.44577   0.00699143
      3.76179      1.45454   0.00699040
      3.76322      1.45596   0.00705227
      3.76466      1.46101   0.00706832
      3.76609      1.45232   0.00706808
      3.76752      1.44670   0.00698481
      3.76896      1.45848   0.00699134
      3.77039      1.46646   0.00703884
      3.77183      1.46501   0.00710639
      3.77326      1.46804   0.00708299
      3.77470      1.46333   0.00705353
      3.77613      1.46467   0.00697477
      3.77757      1.46586   0.00690107
      3.77900      1.45458   0.00688624
      3.78043      1.46726   0.00698003
      3.78187      1.46878   0.00701275
      3.78330      1.46722   0.00703351
      3.78474      1.46045   0.00696851
      3.78617      1.45582   0.00695216
      3.78760      1.46174   0.00695507
      3.78904      1.46526   0.00710235
      3.79047      1.46681   0.00721518
      3.79191      1.47231   0.00721246
      3.79334      1.47796   0.00710511
      3.79477      1.47843   0.00700485
      3.79621      1.47035   0.00693969
      3.79764      1.47878   0.00692657
      3.79907      1.47450   0.00692759
      3.80051      1.46912   0.00694252
      3.80194      1.46903   0.00691679
      3.80337      1.46763   0.00693321
      3.80480      1.47548   0.00692761
      3.80624      1.48255   0.00691517
      3.80767      1.47715   0.00689834
      3.80910      1.48606   0.00698224
      3.81054      1.48773   0.00705459
      3.81197      1.49978   0.00717487
      3.81340      1.50145   0.00723847
      3.81483      1.51207   0.00721877
      3.81627      1.52358   0.00708417
      3.81770      1.55000   0.00701646
      3.81913      1.56523   0.00698754
      3.82056      1.56343   0.00696735
      3.82199      1.54844   0.00694867
      3.82343      1.52152   0.00695111
      3.82486      1.50420   0.00693929
      3.82629      1.49963   0.00693415
      3.82772      1.50761   0.00692421
      3.82915      1.51348   0.00692112
      3.83058      1.50672   0.00689063
      3.83202      1.50491   0.00696357
      3.83345      1.51228   0.00709486
      3.83488      1.51465   0.00721163
      3.83631      1.51450   0.00719001
      3.83774      1.50675   0.00711921
      3.83917      1.50625   0.00703221
      3.84060      1.51107   0.00701337
      3.84203      1.49817   0.00703788
      3.84346      1.50178   0.00713829
      3.84489      1.50402   0.00719276
      3.84632      1.50987   0.00720405
      3.84775      1.50648   0.00713848
      3.84918      1.50559   0.00707622
      3.85061      1.50505   0.00705193
      3.85204      1.51466   0.00709237
      3.85347      1.51214   0.00709766
      3.85490      1.51736   0.00714703
      3.85633      1.52271   0.00720864
      3.85776      1.52425   0.00728420
      3.85919      1.52078   0.00728447
      3.86062      1.51624   0.00731763
      3.86205      1.51630   0.00736444
      3.86348      1.52295   0.00742370
      3.86491      1.52723   0.00748075
      3.86634      1.54805   0.00760950
      3.86777      1.55131   0.00772044
      3.86919      1.54404   0.00780045
      3.87062      1.52931   0.00780819
      3.87205      1.53714   0.00787232
      3.87348      1.52138   0.00790654
      3.87491      1.51204   0.00795498
      3.87634      1.50686   0.00796891
      3.87776      1.49314   0.00804320
      3.87919      1.49981   0.00807895
      3.88062      1.50586   0.00811532
      3.88205      1.50974   0.00812306
      3.88347      1.50847   0.00815144
      3.88490      1.50900   0.00813502
      3.88633      1.50859   0.00816681
      3.88776      1.50339   0.00816574
      3.88918      1.51685   0.00820611
      3.89061      1.52587   0.00817355
      3.89204      1.52582   0.00813206
      3.89346      1.51192   0.00804186
      3.89489      1.50796   0.00801044
      3.89631      1.51877   0.00795032
      3.89774      1.52824   0.00791331
      3.89917      1.52485   0.00786236
      3.90059      1.52843   0.00783183
      3.90202      1.52944   0.00774481
      3.90344      1.53355   0.00779788
      3.90487      1.54868   0.00781325
      3.90629      1.57652   0.00788629
      3.90772      1.59212   0.00799996
      3.90914      1.57435   0.00808280
      3.91057      1.55745   0.00810638
      3.91199      1.54073   0.00813884
      3.91342      1.52518   0.00807014
      3.91484      1.52499   0.00805441
      3.91627      1.51743   0.00804706
      3.91769      1.51151   0.00809009
      3.91911      1.51604   0.00809764
      3.92054      1.51542   0.00802871
      3.92196      1.52143   0.00803300
      3.92339      1.55296   0.00838015
      3.92481      1.52788   0.00806867
      3.92623      1.52122   0.00807639
      3.92765      1.52342   0.00800824
      3.92908      1.52542   0.00801259
      3.93050      1.53336   0.00798419
      3.93192      1.52947   0.00802887
      3.93335      1.53544   0.00798490
      3.93477      1.55124   0.00791991
      3.93619      1.55149   0.00788132
      3.93761      1.55304   0.00785352
      3.93903      1.54542   0.00782585
      3.94045      1.54498   0.00782295
      3.94188      1.54030   0.00779341
      3.94330      1.54833   0.00779214
      3.94472      1.54845   0.00773166
      3.94614      1.55643   0.00772862
      3.94756      1.56031   0.00768937
      3.94898      1.56639   0.00770611
      3.95040      1.56135   0.00767509
      3.95182      1.56087   0.00769223
      3.95324      1.56129   0.00770069
      3.95466      1.55645   0.00768269
      3.95608      1.55689   0.00766537
      3.95750      1.55793   0.00769119
      3.95892      1.56168   0.00769563
      3.96034      1.56938   0.00770175
      3.96176      1.55871   0.00763401
      3.96318      1.56307   0.00765072
      3.96460      1.56654   0.00764587
      3.96601      1.57644   0.00768443
      3.96743      1.58141   0.00771922
      3.96885      1.58428   0.00772169
      3.97027      1.58635   0.00774250
      3.97168      1.59068   0.00776065
      3.97310      1.57469   0.00774765
      3.97452      1.58306   0.00781572
      3.97594      1.58406   0.00781483
      3.97735      1.58699   0.00783766
      3.97877      1.58884   0.00782400
      3.98019      1.59857   0.00789833
      3.98160      1.60011   0.00788313
      3.98302      1.63496   0.00787486
      3.98444      1.65726   0.00780203
      3.98585      1.62406   0.00800669
      3.98727      1.60467   0.00794124
      3.98868      1.61617   0.00797603
      3.99010      1.62115   0.00795284
      3.99151      1.61225   0.00796565
      3.99293      1.60755   0.00798083
      3.99434      1.60299   0.00800915
      3.99575      1.59740   0.00797990
      3.99717      1.60530   0.00803999
      3.99858      1.61632   0.00806273
      4.00000      1.62142   0.00810546
      4.00141      1.60111   0.00809433
      4.00282      1.59969   0.00810925
      4.00424      1.60697   0.00814309
      4.00565      1.58822   0.00817706
      4.00706      1.57835   0.00824334
      4.00847      1.58958   0.00832246
      4.00989      1.60529   0.00836149
      4.01130      1.61064   0.00831536
      4.01271      1.59999   0.00829923
      4.01412      1.61176   0.00833777
      4.01553      1.60810   0.00838510
      4.01694      1.62266   0.00841855
      4.01835      1.65613   0.00846292
      4.01976      1.68404   0.00850897
      4.02117      1.67917   0.00848698
      4.02258      1.64992   0.00851378
      4.02399      1.62353   0.00854724
      4.02540      1.61415   0.00859926
      4.02681      1.59938   0.00862945
      4.02822      1.60094   0.00867965
      4.02963      1.60201   0.00879237
      4.03104      1.61143   0.00885295
      4.03245      1.61274   0.00884472
      4.03386      1.61701   0.00891413
      4.03526      1.61733   0.00902925
      4.03667      1.60888   0.00907468
      4.03808      1.60569   0.00909365
      4.03949      1.60306   0.00913485
      4.04089      1.60044   0.00908452
      4.04230      1.60563   0.00916100
      4.04371      1.61646   0.00916812
      4.04511      1.65469   0.00930244
      4.04652      1.71700   0.00922336
      4.04792      1.89365   0.00929593
      4.04933      2.20833   0.00944264
      4.05073      2.54093   0.00965367
      4.05214      2.62063   0.00982775
      4.05354      2.31394   0.00974079
      4.05495      1.89107   0.00946524
      4.05635      1.68705   0.00938753
      4.05776      1.63190   0.00932272
      4.05916      1.62701   0.00934991
      4.06056      1.62677   0.00936726
      4.06197      1.62505   0.00937998
      4.06337      1.61564   0.00941472
      4.06477      1.62134   0.00950741
      4.06617      1.61557   0.00964902
      4.06758      1.61036   0.00960908
      4.06898      1.60500   0.00964806
      4.07038      1.59222   0.00968253
      4.07178      1.59123   0.00976692
      4.07318      1.60547   0.00994043
      4.07458      1.59880   0.00992509
      4.07598      1.60369    0.0100150
      4.07738      1.60003    0.0100737
      4.07878      1.60279    0.0102540
      4.08018      1.60934    0.0103068
      4.08158      1.61417    0.0103550
      4.08298      1.60140    0.0104028
      4.08438      1.61480    0.0104581
      4.08578      1.61314    0.0105130
      4.08718      1.61111    0.0106085
      4.08857      1.61326    0.0106667
      4.08997      1.61544    0.0107097
      4.09137      1.59606    0.0107071
      4.09277      1.59995    0.0107887
      4.09416      1.59065    0.0107939
      4.09556      1.60495    0.0108620
      4.09696      1.60846    0.0109151
      4.09835      1.61030    0.0109680
      4.09975      1.60633    0.0109860
      4.10114      1.61137    0.0110451
      4.10254      1.60327    0.0110522
      4.10393      1.60464    0.0111092
      4.10533      1.59928    0.0111356
      4.10672      1.61171    0.0112107
      4.10811      1.62511    0.0112440
      4.10951      1.61731    0.0113457
      4.11090      1.60560    0.0113863
      4.11229      1.60549    0.0114974
      4.11368      1.60229    0.0114840
      4.11508      1.60448    0.0115265
      4.11647      1.59593    0.0115466
      4.11786      1.60483    0.0116057
      4.11925      1.60846    0.0116190
      4.12064      1.59955    0.0117578
      4.12203      1.60007    0.0118139
      4.12342      1.61006    0.0119167
      4.12481      1.61052    0.0119882
      4.12620      1.61200    0.0120501
      4.12759      1.60301    0.0121025
      4.12898      1.60688    0.0121954
      4.13037      1.60293    0.0122152
      4.13176      1.59616    0.0123692
      4.13314      1.59036    0.0124407
      4.13453      1.59075    0.0125246
      4.13592      1.59392    0.0126007
      4.13731      1.60827    0.0127349
      4.13869      1.60681    0.0128616
      4.14008      1.62349    0.0130034
      4.14146      1.60480    0.0130530
      4.14285      1.59241    0.0132167
      4.14423      1.60432    0.0133404
      4.14562      1.60433    0.0134288
      4.14700      1.59389    0.0135739
      4.14839      1.61363    0.0137934
      4.14977      1.59424    0.0139885
      4.15115      1.58277    0.0141719
      4.15254      1.56391    0.0143629
      4.15392      1.57370    0.0146289
      4.15530      1.57780    0.0148731
      4.15668      1.57880    0.0151096
      4.15807      1.58706    0.0154378
      4.15945      1.60560    0.0158273
      4.16083      1.60518    0.0162595
      4.16221      1.59817    0.0167593
      4.16359      1.60432    0.0172350
      4.16497      1.63022    0.0178713
      4.16635      1.62240    0.0184374
      4.16773      1.64510    0.0192722
      4.16911      1.65766    0.0201101
      4.17048      1.62651    0.0209178
      4.17186      1.58622    0.0223167
      4.17324      1.58126    0.0240878
      4.17462      1.56089    0.0259998
      4.17599      1.54678    0.0302412
      4.17737      1.53379    0.0369835
      4.17875      1.55015    0.0486864
      4.18012      1.58567    0.0695535
      4.18150      1.62795     0.106460
      4.18287      1.66823     0.193666
      4.18425      1.85298     0.402012
      4.18562      3.05522      1.02673
      4.18700      1.49777      2.56844
      4.18837     -11.0074      15.9352
      4.18974     -12.9158      23.9802
      4.19111     -14.8542      21.5668
      4.19249      1.62201      43.1166
      4.19386      20.0772      11.9856
      4.19523      22.9966      88.4128
      4.19660      11.7161      24.6521
      4.19797     -19.7168      70.1582
      4.19934      14.8584      79.2816
      4.20071      4.80962      32.2690
      4.20208     -1.90141      94.3000
      4.20345      15.1180      174.750
      4.20482      1.58887      28.7366
      4.20619    0.0491066      26.1472
      4.20755      20.5755      19.6685
      4.20892      13.8646      264.450
      4.21029      9.80677      36.4014
      4.21165      2.81477      151.806
      4.21302      165.954      958.752
      4.21439      113.330      261.540
      4.21575      35.1006      55.2490
      4.21712      15.2343      35.1048
      4.21848     -1.22937      114.525
      4.21984    -0.244236      21.2040
      4.22121     -12.8685      33.6679
      4.22257      28.9794      38.2102
      4.22393      41.1748      397.349
      4.22530     -1.28418      55.8024
      4.22666     -268.395      112.410
      4.22802      738.474      32968.3
      4.22938      231.500      209.656
      4.23074      18.4077      108.994
      4.23210      8.38082      124.959
      4.23346      10.0143      71.4220
      4.23482      4.72260      16.9648
      4.23618     -88.7066      57.5514
      4.23754     -42.2760      506.383
      4.23889      95.5956      81.7190
      4.24025      32.2790      9.64388
      4.24161     -27.5333      1446.92
      4.24296      9.21601      53.8592
      4.24432      57.7561      53.1586
      4.24568      447.314      31584.3
      4.24703      65.5773      126.454
      4.24839      4.10040      86.1802
      4.24974     -19.2976      44.9506
      4.25109     -22.7749      33.7224
      4.25245      16.1123      121.800
      4.25380     0.264555      59.7932
      4.25515      135.092      43.1421
      4.25650      69.6746      835.526
      4.25786      4070.69      5779.37
      4.25921      1018.57      118.880
      4.26056      6.71983      32.6613
      4.26191      4.74710      29.2489
      4.26326      45.1472      85.9020
      4.26461     -71.3880      87.0070
      4.26595     -23.8222      9.08984
      4.26730      47.6226      7.30383
      4.26865      11.9904      52.8625
      4.27000     0.405059      19.3491
      4.27134      0.00000      1.82329
