SOURCE  = GL 989                        / Source name
STANDARD= HD 1543                       / Standard name
OBSDATE = 13-01-2001                    / Date of observation
SPOS    = 06:41:08.1  09:29:08.9        / Source position RA,DEC,J2000
STPOS   = 04:49:50.4  06:57:03.9        / Standard position RA,DEC,J2000
STSPT   = F6V                           / Standard spectral type
STTEFF  = 6400                          / Standard effective temperature [K]
STMAG   = 2.05                          / Standard magnitude (adopted)
WAVEZP  = 3.45                          / Wavelength zero point [micron]
FLUXZP  = 290                           / Flux zero point [Jy]
SAIRM   = 1.209                         / Source mean airmass
STAIRM  = 1.208                         / Standard mean airmass
AIRMCORR= 0.95                          / Optimal (adopted) airmass correction
SPECRES = ~600                          / Spectral resolution

Created by E. Dartois and K. Pontoppidan (c)

Wavelength [micron] Flux [Jy] Statistical Error [Jy]

      2.81816      0.00000     0.365758
      2.81959      19.1716     0.344773
      2.82102      20.7419     0.206542
      2.82245      20.4564     0.162560
      2.82388      20.2788     0.116790
      2.82531      18.6174    0.0783938
      2.82674      18.8047    0.0670584
      2.82817      19.2003    0.0730656
      2.82960      17.2458     0.120431
      2.83103      15.1536     0.404605
      2.83246      6.43678      1.75236
      2.83389      9.75512      1.92897
      2.83533      15.2461     0.642646
      2.83676      16.1172     0.276628
      2.83818      16.2645     0.110199
      2.83961      15.2031    0.0545585
      2.84104      15.6049    0.0420523
      2.84247      16.2541    0.0423766
      2.84390      15.1668    0.0599239
      2.84533      14.1817     0.134100
      2.84676      15.0402     0.170925
      2.84819      16.7169     0.142580
      2.84962      17.7764     0.147414
      2.85105      15.1774     0.227191
      2.85248      14.2528     0.232051
      2.85391      14.5165     0.111155
      2.85534      15.2767    0.0787154
      2.85676      15.0465    0.0658652
      2.85819      13.6475    0.0496561
      2.85962      13.1660    0.0367209
      2.86105      13.6603    0.0302399
      2.86248      13.6690    0.0308383
      2.86391      13.9080    0.0380419
      2.86533      13.7907    0.0509807
      2.86676      14.0492    0.0706139
      2.86819      14.4263    0.0826665
      2.86962      13.3077    0.0639775
      2.87105      12.1139    0.0355387
      2.87247      12.2736    0.0252768
      2.87390      12.8682    0.0229432
      2.87533      12.4814    0.0241827
      2.87676      11.5985    0.0257978
      2.87818      11.6816    0.0240157
      2.87961      11.7263    0.0231485
      2.88104      11.7520    0.0250575
      2.88246      11.2816    0.0260006
      2.88389      11.2250    0.0277968
      2.88532      11.5032    0.0298199
      2.88674      10.7206    0.0318236
      2.88817      10.2104    0.0290634
      2.88960      10.5715    0.0238399
      2.89103      10.2363    0.0199036
      2.89245      9.83269    0.0167884
      2.89388      9.94856    0.0146607
      2.89530      10.0289    0.0146251
      2.89673      10.0954    0.0174476
      2.89816      9.98383    0.0245650
      2.89958      9.61106    0.0397128
      2.90101      10.0052    0.0475820
      2.90244      10.6215    0.0421746
      2.90386      10.0425    0.0372044
      2.90529      9.53926    0.0305028
      2.90671      9.27957    0.0223769
      2.90814      8.98829    0.0176677
      2.90956      8.98692    0.0160086
      2.91099      9.16890    0.0165830
      2.91242      8.86829    0.0182308
      2.91384      8.62967    0.0186843
      2.91527      8.73279    0.0166398
      2.91669      8.46396    0.0153806
      2.91812      8.54224    0.0160413
      2.91954      8.61832    0.0192042
      2.92097      8.19198    0.0292989
      2.92239      7.64268    0.0347008
      2.92382      7.51646    0.0218938
      2.92524      7.67277    0.0157155
      2.92667      7.87281    0.0137658
      2.92809      7.83523    0.0133263
      2.92952      7.59213    0.0131064
      2.93094      7.57168    0.0126421
      2.93237      7.51897    0.0124575
      2.93379      7.40647    0.0127806
      2.93522      7.47771    0.0136363
      2.93664      7.57829    0.0156363
      2.93807      7.42348    0.0179173
      2.93949      7.33179    0.0180307
      2.94092      7.56995    0.0182244
      2.94234      7.38616    0.0186450
      2.94376      7.05543    0.0191146
      2.94519      7.29634    0.0184615
      2.94661      7.01327    0.0175829
      2.94804      6.69060    0.0153116
      2.94946      6.79761    0.0131881
      2.95089      6.97622    0.0137380
      2.95231      7.05619    0.0169056
      2.95373      6.72517    0.0194875
      2.95516      6.49329    0.0169284
      2.95658      6.64100    0.0142573
      2.95801      6.66888    0.0135555
      2.95943      6.57449    0.0135180
      2.96085      6.59726    0.0131285
      2.96228      6.48349    0.0122946
      2.96370      6.41080    0.0120446
      2.96513      6.49144    0.0124372
      2.96655      6.58477    0.0150912
      2.96797      6.65230    0.0212698
      2.96940      6.91202    0.0331748
      2.97082      6.79047    0.0406717
      2.97224      6.64307    0.0368772
      2.97367      6.63565    0.0280662
      2.97509      6.41963    0.0219018
      2.97651      6.35993    0.0192344
      2.97794      6.57222    0.0189410
      2.97936      6.42901    0.0195981
      2.98079      6.16051    0.0168892
      2.98221      6.09820    0.0136937
      2.98363      6.13107    0.0120864
      2.98506      6.12027    0.0114462
      2.98648      6.09478    0.0110371
      2.98790      6.03592    0.0106328
      2.98933      6.08030    0.0106569
      2.99075      6.12710    0.0111110
      2.99217      6.12259    0.0120643
      2.99360      6.11638    0.0128015
      2.99502      6.21453    0.0136978
      2.99644      6.24621    0.0147330
      2.99786      6.08442    0.0141903
      2.99929      5.93331    0.0119830
      3.00071      5.95402    0.0108292
      3.00213      6.02744    0.0110963
      3.00356      6.09818    0.0129517
      3.00498      6.12543    0.0157309
      3.00640      6.12612    0.0179870
      3.00783      6.00104    0.0153034
      3.00925      5.86402    0.0126563
      3.01067      5.87195    0.0111688
      3.01210      6.01102    0.0110173
      3.01352      6.00578    0.0116326
      3.01494      5.92559    0.0120097
      3.01636      6.10253    0.0131418
      3.01779      6.16150    0.0159483
      3.01921      6.12720    0.0195043
      3.02063      6.19935    0.0198147
      3.02206      5.87699    0.0164260
      3.02348      5.63334    0.0128496
      3.02490      5.75379    0.0109334
      3.02632      5.86565    0.0106547
      3.02775      5.80878    0.0111109
      3.02917      5.85040    0.0115460
      3.03059      5.94121    0.0128752
      3.03202      5.91581    0.0143176
      3.03344      5.79043    0.0153836
      3.03486      6.04965    0.0161588
      3.03628      6.30742    0.0191394
      3.03771      6.25754    0.0216118
      3.03913      6.28756    0.0183081
      3.04055      6.09695    0.0146136
      3.04198      5.87776    0.0129846
      3.04340      5.95168    0.0127673
      3.04482      5.94731    0.0136453
      3.04624      5.84143    0.0148845
      3.04767      5.99041    0.0155197
      3.04909      5.99013    0.0173818
      3.05051      6.11971    0.0205264
      3.05193      6.33142    0.0242490
      3.05336      6.36116    0.0300484
      3.05478      6.14427    0.0271392
      3.05620      5.81345    0.0187024
      3.05763      5.57649    0.0134180
      3.05905      5.61457    0.0114316
      3.06047      5.80419    0.0116881
      3.06189      5.91283    0.0134769
      3.06332      5.84181    0.0145576
      3.06474      5.80146    0.0139370
      3.06616      5.87535    0.0134287
      3.06759      5.84229    0.0140945
      3.06901      5.96649    0.0151224
      3.07043      5.96106    0.0167046
      3.07185      5.92999    0.0167752
      3.07328      5.71004    0.0142411
      3.07470      5.63532    0.0116677
      3.07612      5.71323    0.0103326
      3.07755      5.77993    0.0103958
      3.07897      5.89258    0.0118712
      3.08039      6.05495    0.0149876
      3.08181      5.96606    0.0180643
      3.08324      5.87437    0.0171174
      3.08466      6.01014    0.0150083
      3.08608      5.93015    0.0139468
      3.08751      5.94635    0.0138779
      3.08893      6.01218    0.0137440
      3.09035      5.88932    0.0141336
      3.09177      6.07223    0.0147139
      3.09320      6.15292    0.0165252
      3.09462      6.18213    0.0190531
      3.09604      6.12938    0.0191560
      3.09747      6.05807    0.0175298
      3.09889      5.87516    0.0142835
      3.10031      5.76998    0.0120399
      3.10174      5.94864    0.0116267
      3.10316      6.13499    0.0135000
      3.10458      6.26604    0.0182688
      3.10601      6.08136    0.0201375
      3.10743      6.03936    0.0181378
      3.10885      6.35060    0.0172009
      3.11027      6.50920    0.0183294
      3.11170      6.23619    0.0172667
      3.11312      6.26596    0.0157131
      3.11454      6.52319    0.0150553
      3.11597      6.29028    0.0138322
      3.11739      6.12133    0.0110367
      3.11881      6.19585   0.00946277
      3.12024      6.29359   0.00900472
      3.12166      6.34705   0.00919318
      3.12308      6.48914    0.0102285
      3.12451      6.72679    0.0127339
      3.12593      6.95036    0.0181083
      3.12735      6.98297    0.0211407
      3.12878      6.62144    0.0150758
      3.13020      6.59015    0.0110075
      3.13163      6.80129   0.00937788
      3.13305      6.85535   0.00892884
      3.13447      6.87635   0.00872563
      3.13590      6.96861   0.00877442
      3.13732      7.14936   0.00969410
      3.13874      7.31816    0.0114938
      3.14017      7.23256    0.0128540
      3.14159      7.29226    0.0118721
      3.14301      7.40232    0.0108718
      3.14444      7.67485    0.0119402
      3.14586      7.79799    0.0142221
      3.14729      7.50597    0.0140865
      3.14871      7.54595    0.0114026
      3.15013      7.64698   0.00986725
      3.15156      7.68615   0.00926316
      3.15298      7.86163   0.00945817
      3.15441      8.02758    0.0102765
      3.15583      8.02866    0.0110617
      3.15725      8.01535    0.0105939
      3.15868      8.07378   0.00980834
      3.16010      8.13829   0.00906617
      3.16153      8.12882   0.00854112
      3.16295      8.18408   0.00808107
      3.16437      8.27120   0.00801025
      3.16580      8.36539   0.00813179
      3.16722      8.39281   0.00825277
      3.16865      8.44421   0.00818190
      3.17007      8.60665   0.00831954
      3.17150      8.79485   0.00877558
      3.17292      8.80574   0.00924125
      3.17434      8.79622   0.00922446
      3.17577      8.81526   0.00875979
      3.17719      8.86560   0.00836289
      3.17862      8.99694   0.00817631
      3.18004      9.18668   0.00854080
      3.18147      9.28339   0.00920004
      3.18289      9.24645   0.00969403
      3.18432      9.24250   0.00934956
      3.18574      9.24585   0.00887768
      3.18717      9.44489   0.00860919
      3.18859      9.68705   0.00923361
      3.19002      10.0078    0.0113126
      3.19144      10.1005    0.0148398
      3.19287      9.59610    0.0148253
      3.19429      9.57321    0.0120689
      3.19572      10.0927    0.0115956
      3.19714      10.5389    0.0142282
      3.19857      10.4798    0.0195065
      3.19999      10.3079    0.0215664
      3.20142      10.9869    0.0207523
      3.20284      10.7820    0.0209031
      3.20427      10.7504    0.0208230
      3.20569      11.4277    0.0218196
      3.20712      11.2402    0.0284643
      3.20854      11.8240    0.0372567
      3.20997      11.8521    0.0420710
      3.21139      11.1337    0.0343087
      3.21282      10.8681    0.0245614
      3.21424      11.2429    0.0202012
      3.21567      11.3992    0.0188731
      3.21710      11.3026    0.0173033
      3.21852      11.0020    0.0152639
      3.21995      11.1892    0.0149559
      3.22137      11.5937    0.0183192
      3.22280      11.7409    0.0299980
      3.22422      12.2296    0.0440009
      3.22565      11.7290    0.0289831
      3.22708      11.5609    0.0206573
      3.22850      12.4144    0.0201137
      3.22993      12.5043    0.0255239
      3.23135      11.5744    0.0210324
      3.23278      11.2406    0.0128972
      3.23421      11.5521   0.00976882
      3.23563      11.8183   0.00884173
      3.23706      11.9484   0.00920354
      3.23849      12.2165    0.0105341
      3.23991      12.0358    0.0119073
      3.24134      11.7780    0.0120451
      3.24276      12.5066    0.0125551
      3.24419      13.2317    0.0162560
      3.24562      13.8366    0.0256150
      3.24704      13.8989    0.0297530
      3.24847      13.2255    0.0240438
      3.24990      12.3620    0.0150770
      3.25132      12.2541    0.0104933
      3.25275      12.6682   0.00867549
      3.25418      12.9221   0.00813467
      3.25560      13.0504   0.00813740
      3.25703      13.2144   0.00867792
      3.25846      13.5208    0.0104495
      3.25989      13.8123    0.0148944
      3.26131      13.9665    0.0241072
      3.26274      14.0398    0.0215503
      3.26417      13.6617    0.0145211
      3.26559      13.9737    0.0117964
      3.26702      14.4724    0.0116484
      3.26845      14.2478    0.0134953
      3.26988      14.5420    0.0166581
      3.27130      14.4582    0.0184727
      3.27273      13.7190    0.0138357
      3.27416      14.0432    0.0100884
      3.27559      14.5369   0.00894799
      3.27701      14.7472   0.00926141
      3.27844      15.1135    0.0107385
      3.27987      14.9241    0.0120439
      3.28130      14.3291    0.0104485
      3.28272      14.6722   0.00853828
      3.28415      15.0556   0.00784842
      3.28558      15.1605   0.00764833
      3.28701      15.1930   0.00759570
      3.28844      15.2668   0.00771783
      3.28986      15.5106   0.00816339
      3.29129      15.5739   0.00901920
      3.29272      16.0360    0.0105411
      3.29415      17.0699    0.0134382
      3.29558      17.4880    0.0182427
      3.29701      18.7123    0.0231113
      3.29843      18.7609    0.0254888
      3.29986      16.4977    0.0193654
      3.30129      15.9410    0.0132232
      3.30272      16.4883    0.0112744
      3.30415      16.9194    0.0110640
      3.30558      16.3936    0.0110600
      3.30701      16.5813    0.0106712
      3.30843      16.7900    0.0107090
      3.30986      15.9983    0.0112315
      3.31129      16.2170    0.0123204
      3.31272      16.4536    0.0171631
      3.31415      14.5351    0.0395488
      3.31558      15.1925     0.134701
      3.31701      17.2807     0.129993
      3.31844      18.2011    0.0891320
      3.31987      17.6823    0.0553375
      3.32130      17.0368    0.0297162
      3.32272      16.4183    0.0175039
      3.32415      16.3949    0.0127047
      3.32558      16.9151    0.0113961
      3.32701      17.6588    0.0121302
      3.32844      17.4695    0.0123557
      3.32987      16.9741    0.0102214
      3.33130      17.3343   0.00850446
      3.33273      17.8021   0.00807655
      3.33416      17.7260   0.00812613
      3.33559      17.6411   0.00814540
      3.33702      18.2632   0.00850199
      3.33845      18.8178   0.00982516
      3.33988      18.7207    0.0114412
      3.34131      18.5365    0.0110731
      3.34274      18.4069    0.0101270
      3.34417      18.8889    0.0103317
      3.34560      19.1070    0.0114857
      3.34703      18.3031    0.0111331
      3.34846      18.2627   0.00936167
      3.34989      19.1336   0.00859470
      3.35132      19.0624   0.00863783
      3.35275      19.0939   0.00898957
      3.35418      19.4172   0.00990193
      3.35561      19.4082    0.0116211
      3.35704      18.9320    0.0120026
      3.35847      18.5147    0.0106600
      3.35990      19.4648   0.00973490
      3.36133      19.8795    0.0100669
      3.36276      19.3805    0.0101516
      3.36420      19.1907   0.00924883
      3.36563      19.4021   0.00874035
      3.36706      19.8968   0.00939365
      3.36849      19.5162    0.0103715
      3.36992      19.4281    0.0103193
      3.37135      19.9100   0.00929215
      3.37278      19.7870   0.00853995
      3.37421      20.0851   0.00818470
      3.37564      20.2948   0.00834715
      3.37707      19.8702   0.00875834
      3.37851      20.1187   0.00933087
      3.37994      20.1577    0.0101773
      3.38137      19.6810    0.0105497
      3.38280      20.2523   0.00991155
      3.38423      20.4356   0.00930360
      3.38566      20.1176   0.00861193
      3.38710      20.0826   0.00794188
      3.38853      19.9397   0.00772107
      3.38996      20.3899   0.00838237
      3.39139      20.2993   0.00930397
      3.39282      19.6989   0.00939425
      3.39425      20.1452   0.00843507
      3.39569      20.5390   0.00784631
      3.39712      20.6587   0.00757878
      3.39855      20.6756   0.00747033
      3.39998      20.7614   0.00749373
      3.40141      20.8413   0.00810862
      3.40285      21.0315   0.00942178
      3.40428      20.1748    0.0107597
      3.40571      20.2836    0.0107153
      3.40714      21.2217    0.0102939
      3.40858      21.0547   0.00982690
      3.41001      20.6950   0.00917208
      3.41144      20.9591   0.00859480
      3.41287      20.9176   0.00855219
      3.41431      21.0362   0.00912954
      3.41574      20.7606   0.00959679
      3.41717      20.1831   0.00897625
      3.41860      20.8268   0.00802160
      3.42004      21.1426   0.00759645
      3.42147      21.1504   0.00749749
      3.42290      21.2220   0.00756651
      3.42434      21.2426   0.00779452
      3.42577      21.2133   0.00840670
      3.42720      21.2679   0.00922738
      3.42863      20.7620   0.00915143
      3.43007      20.8980   0.00822580
      3.43150      21.6079   0.00761847
      3.43293      21.8414   0.00750960
      3.43437      21.7563   0.00750223
      3.43580      21.7256   0.00748043
      3.43723      21.7169   0.00753642
      3.43867      21.9795   0.00796431
      3.44010      21.8235   0.00837120
      3.44153      21.5067   0.00818630
      3.44297      21.8129   0.00765722
      3.44440      22.1650   0.00741165
      3.44583      22.2250   0.00741528
      3.44727      22.0983   0.00739998
      3.44870      22.1885   0.00732348
      3.45014      22.3160   0.00743925
      3.45157      22.4750   0.00776928
      3.45300      21.6953   0.00809915
      3.45444      22.0297   0.00811032
      3.45587      22.4069   0.00773753
      3.45731      22.6824   0.00734575
      3.45874      22.8614   0.00715478
      3.46017      22.8178   0.00712245
      3.46161      22.8300   0.00717269
      3.46304      22.8470   0.00732930
      3.46448      22.8853   0.00760685
      3.46591      22.6612   0.00770497
      3.46734      22.6907   0.00749101
      3.46878      23.0274   0.00715713
      3.47021      23.1868   0.00708706
      3.47165      23.2824   0.00720441
      3.47308      23.2904   0.00731172
      3.47452      23.2468   0.00730665
      3.47595      23.2692   0.00735132
      3.47739      23.2575   0.00741464
      3.47882      23.2658   0.00739918
      3.48025      23.4136   0.00727056
      3.48169      23.6050   0.00717866
      3.48312      23.7274   0.00710808
      3.48456      23.8236   0.00713225
      3.48599      23.9125   0.00720049
      3.48743      23.9161   0.00731798
      3.48886      23.9973   0.00741518
      3.49030      24.0177   0.00742298
      3.49173      24.1084   0.00733632
      3.49317      24.1974   0.00723126
      3.49460      24.1963   0.00712810
      3.49604      24.4505   0.00710092
      3.49747      24.5416   0.00714960
      3.49891      24.6164   0.00717801
      3.50034      24.7231   0.00721501
      3.50178      24.8290   0.00725564
      3.50322      24.8558   0.00727187
      3.50465      24.7619   0.00723039
      3.50609      24.8239   0.00712016
      3.50752      24.9895   0.00710415
      3.50896      25.0397   0.00713335
      3.51039      25.1490   0.00716273
      3.51183      25.0803   0.00718098
      3.51326      25.2692   0.00716609
      3.51470      25.4331   0.00717711
      3.51613      25.4445   0.00715649
      3.51757      25.4754   0.00710420
      3.51901      25.5758   0.00710081
      3.52044      25.6112   0.00708187
      3.52188      25.6939   0.00708943
      3.52331      25.6614   0.00710585
      3.52475      25.7391   0.00712771
      3.52619      25.8443   0.00720348
      3.52762      25.9158   0.00726077
      3.52906      25.9336   0.00721502
      3.53049      26.0344   0.00721437
      3.53193      26.0469   0.00727542
      3.53337      26.0800   0.00739191
      3.53480      26.1398   0.00752786
      3.53624      26.1012   0.00757746
      3.53767      26.2994   0.00759305
      3.53911      26.5834   0.00768961
      3.54055      26.4508   0.00773527
      3.54198      26.5852   0.00772828
      3.54342      26.7366   0.00763693
      3.54485      26.8186   0.00757849
      3.54629      26.8629   0.00753200
      3.54773      26.8203   0.00747367
      3.54916      26.8385   0.00738699
      3.55060      26.9997   0.00740269
      3.55204      27.2463   0.00750876
      3.55347      27.3323   0.00759148
      3.55491      27.2824   0.00759015
      3.55635      27.4281   0.00752895
      3.55778      27.5688   0.00744647
      3.55922      27.6177   0.00744307
      3.56065      27.5358   0.00735985
      3.56209      27.6329   0.00730204
      3.56353      27.7398   0.00729261
      3.56496      27.8164   0.00744396
      3.56640      27.8637   0.00760605
      3.56784      28.0763   0.00775856
      3.56927      28.1623   0.00777881
      3.57071      28.1955   0.00774805
      3.57215      28.3136   0.00777165
      3.57358      28.4240   0.00792318
      3.57502      28.4344   0.00790966
      3.57646      28.4841   0.00776060
      3.57789      28.4836   0.00755187
      3.57933      28.5908   0.00752089
      3.58077      28.6174   0.00763216
      3.58221      28.7428   0.00774814
      3.58364      28.8950   0.00775146
      3.58508      29.0282   0.00779677
      3.58652      28.9743   0.00781977
      3.58795      29.0031   0.00777141
      3.58939      29.0028   0.00769119
      3.59083      29.2334   0.00772096
      3.59226      29.2593   0.00774210
      3.59370      29.2386   0.00768883
      3.59514      29.3205   0.00758932
      3.59657      29.4585   0.00757693
      3.59801      29.4486   0.00759542
      3.59945      29.5838   0.00759257
      3.60089      29.5314   0.00754573
      3.60232      29.5785   0.00748499
      3.60376      29.6383   0.00746019
      3.60520      29.8025   0.00764840
      3.60663      29.9125   0.00783987
      3.60807      29.8840   0.00785572
      3.60951      29.8448   0.00769837
      3.61095      30.1173   0.00768791
      3.61238      30.1474   0.00773401
      3.61382      30.0407   0.00773254
      3.61526      30.0967   0.00763864
      3.61669      30.1792   0.00756694
      3.61813      30.1140   0.00756659
      3.61957      30.1438   0.00747234
      3.62101      30.1457   0.00740491
      3.62244      30.2944   0.00742556
      3.62388      30.3532   0.00748181
      3.62532      30.3686   0.00761009
      3.62675      30.3630   0.00771401
      3.62819      30.3164   0.00771152
      3.62963      30.4834   0.00758278
      3.63107      30.7626   0.00760378
      3.63250      30.7932   0.00770232
      3.63394      30.8157   0.00773937
      3.63538      30.7122   0.00764717
      3.63681      30.7780   0.00759558
      3.63825      30.8991   0.00753740
      3.63969      31.0996   0.00756500
      3.64113      31.1235   0.00756555
      3.64256      31.2406   0.00757353
      3.64400      31.3046   0.00758996
      3.64544      31.3780   0.00773602
      3.64687      31.1267   0.00781586
      3.64831      30.9941   0.00777934
      3.64975      31.3315   0.00771956
      3.65119      31.4584   0.00771755
      3.65262      31.4067   0.00770799
      3.65406      31.5109   0.00765691
      3.65550      31.4589   0.00758548
      3.65693      31.4757   0.00756249
      3.65837      31.5647   0.00756752
      3.65981      31.7178   0.00764353
      3.66125      31.7967   0.00768179
      3.66268      31.7790   0.00768441
      3.66412      31.6950   0.00766346
      3.66556      31.5832   0.00775606
      3.66699      30.7381   0.00791600
      3.66843      29.8859   0.00804155
      3.66987      25.9023   0.00778019
      3.67131      25.6711   0.00792801
      3.67274      27.3546   0.00840640
      3.67418      30.6825   0.00888711
      3.67562      32.3840   0.00904382
      3.67705      32.7297   0.00885496
      3.67849      32.9041   0.00859936
      3.67993      32.9695   0.00851076
      3.68136      32.8941   0.00851449
      3.68280      32.8025   0.00840429
      3.68424      32.6415   0.00827036
      3.68568      32.6366   0.00815438
      3.68711      32.4984   0.00811920
      3.68855      32.3587   0.00811479
      3.68999      32.5440   0.00801966
      3.69142      32.8310   0.00798907
      3.69286      32.8276   0.00795907
      3.69430      32.9450   0.00794204
      3.69573      32.9143   0.00787141
      3.69717      32.9957   0.00787647
      3.69861      32.9743   0.00787461
      3.70004      33.0122   0.00786568
      3.70148      32.9747   0.00782682
      3.70292      32.9428   0.00779035
      3.70435      32.9342   0.00779821
      3.70579      32.9848   0.00788144
      3.70723      33.0614   0.00797743
      3.70866      33.1458   0.00807401
      3.71010      33.1130   0.00811310
      3.71153      33.3080   0.00819115
      3.71297      33.4258   0.00817641
      3.71441      33.4812   0.00820867
      3.71584      33.5053   0.00815170
      3.71728      33.5916   0.00815403
      3.71872      33.5829   0.00814261
      3.72015      33.6514   0.00808288
      3.72159      33.6491   0.00801613
      3.72303      33.7121   0.00804964
      3.72446      33.7124   0.00804230
      3.72590      33.8416   0.00811018
      3.72733      33.8624   0.00816843
      3.72877      33.9647   0.00827639
      3.73021      33.9159   0.00829200
      3.73164      33.9115   0.00833648
      3.73308      34.1191   0.00834556
      3.73451      34.2884   0.00852565
      3.73595      34.6089   0.00865352
      3.73738      35.1502   0.00867793
      3.73882      35.7729   0.00873372
      3.74026      36.6276   0.00895167
      3.74169      36.8820   0.00902893
      3.74313      36.2105   0.00886291
      3.74456      35.4252   0.00853230
      3.74600      35.0379   0.00842186
      3.74743      34.8693   0.00840143
      3.74887      34.8877   0.00846477
      3.75030      34.7892   0.00853696
      3.75174      34.7136   0.00857267
      3.75318      34.7101   0.00854358
      3.75461      34.6495   0.00851248
      3.75605      34.3275   0.00846819
      3.75748      34.5216   0.00849961
      3.75892      34.5847   0.00858665
      3.76035      34.5240   0.00867648
      3.76179      34.5054   0.00866210
      3.76322      34.6373   0.00876481
      3.76466      34.6256   0.00879765
      3.76609      34.6355   0.00880388
      3.76752      34.5788   0.00867823
      3.76896      34.8400   0.00870790
      3.77039      34.8762   0.00878776
      3.77183      34.8169   0.00888192
      3.77326      34.8254   0.00884986
      3.77470      34.8536   0.00881853
      3.77613      34.7194   0.00870726
      3.77757      34.8403   0.00860646
      3.77900      34.8264   0.00858668
      3.78043      34.9291   0.00873488
      3.78187      34.8857   0.00878088
      3.78330      34.9582   0.00882845
      3.78474      34.8407   0.00872944
      3.78617      34.8661   0.00870652
      3.78760      35.0338   0.00872859
      3.78904      35.3214   0.00898202
      3.79047      35.2094   0.00914224
      3.79191      35.2054   0.00912729
      3.79334      35.3255   0.00899350
      3.79477      35.2720   0.00884869
      3.79621      35.1937   0.00875809
      3.79764      35.2621   0.00874276
      3.79907      35.2385   0.00874718
      3.80051      35.3861   0.00877770
      3.80194      35.4076   0.00874802
      3.80337      35.5087   0.00879848
      3.80480      35.4623   0.00879591
      3.80624      35.5801   0.00878582
      3.80767      35.6762   0.00877304
      3.80910      35.8016   0.00891434
      3.81054      35.8131   0.00902504
      3.81197      36.1031   0.00923273
      3.81340      36.2170   0.00934726
      3.81483      36.1879   0.00931382
      3.81627      36.2718   0.00912791
      3.81770      36.4157   0.00905760
      3.81913      36.2589   0.00900790
      3.82056      36.3381   0.00898075
      3.82199      36.3276   0.00895419
      3.82343      36.2645   0.00894946
      3.82486      36.1830   0.00892769
      3.82629      36.2142   0.00893458
      3.82772      36.2359   0.00893736
      3.82915      36.3682   0.00894380
      3.83058      36.3101   0.00888223
      3.83202      36.4947   0.00901796
      3.83345      36.6720   0.00924870
      3.83488      36.7743   0.00944385
      3.83631      36.6232   0.00937905
      3.83774      36.6793   0.00927488
      3.83917      36.6099   0.00914842
      3.84060      36.6147   0.00912393
      3.84203      36.5548   0.00915417
      3.84346      36.6895   0.00931474
      3.84489      36.6844   0.00939834
      3.84632      36.7263   0.00941669
      3.84775      36.6131   0.00931413
      3.84918      36.6342   0.00923886
      3.85061      36.5584   0.00921178
      3.85204      36.6762   0.00928738
      3.85347      36.7417   0.00930029
      3.85490      36.8793   0.00939493
      3.85633      36.9023   0.00949039
      3.85776      37.0871   0.00962784
      3.85919      37.0077   0.00960574
      3.86062      36.9965   0.00965183
      3.86205      37.0891   0.00974154
      3.86348      37.3369   0.00986086
      3.86491      37.4577   0.00994967
      3.86634      37.7807    0.0101946
      3.86777      37.9639    0.0103951
      3.86919      37.9956    0.0105172
      3.87062      37.6260    0.0104492
      3.87205      37.5186    0.0105331
      3.87348      37.3615    0.0105755
      3.87491      37.4256    0.0106625
      3.87634      37.2929    0.0106558
      3.87776      37.3598    0.0107868
      3.87919      37.3798    0.0108559
      3.88062      37.6061    0.0109482
      3.88205      37.5693    0.0109486
      3.88347      37.6952    0.0110175
      3.88490      37.6414    0.0109837
      3.88633      37.7287    0.0110522
      3.88776      37.7566    0.0110471
      3.88918      37.9821    0.0111609
      3.89061      37.9665    0.0111158
      3.89204      37.9775    0.0110632
      3.89346      37.7958    0.0108916
      3.89489      37.8973    0.0108822
      3.89631      37.9495    0.0108367
      3.89774      38.0533    0.0107830
      3.89917      38.0541    0.0107022
      3.90059      38.0988    0.0106684
      3.90202      37.9463    0.0105328
      3.90344      38.1120    0.0106651
      3.90487      38.1483    0.0107128
      3.90629      38.3433    0.0108721
      3.90772      38.4470    0.0110173
      3.90914      38.6053    0.0111869
      3.91057      38.3621    0.0111788
      3.91199      38.3029    0.0112372
      3.91342      38.1244    0.0110953
      3.91484      38.1133    0.0110789
      3.91627      37.9023    0.0110334
      3.91769      37.9776    0.0111139
      3.91911      37.9750    0.0111238
      3.92054      38.0519    0.0110941
      3.92196      38.3095    0.0111034
      3.92339      39.1202    0.0118451
      3.92481      38.5210    0.0112058
      3.92623      38.4159    0.0112598
      3.92765      38.3106    0.0111247
      3.92908      38.4416    0.0111632
      3.93050      38.5113    0.0111103
      3.93192      38.6398    0.0111377
      3.93335      38.6009    0.0110274
      3.93477      38.7945    0.0110861
      3.93619      38.8114    0.0110510
      3.93761      38.8205    0.0109576
      3.93903      38.6940    0.0108675
      3.94045      38.7891    0.0108886
      3.94188      38.7405    0.0108384
      3.94330      38.9299    0.0108845
      3.94472      38.9029    0.0107759
      3.94614      39.0075    0.0108044
      3.94756      39.0099    0.0107473
      3.94898      39.1535    0.0108080
      3.95040      39.0723    0.0107359
      3.95182      39.1720    0.0107922
      3.95324      39.1659    0.0108142
      3.95466      39.2856    0.0107990
      3.95608      39.3124    0.0107697
      3.95750      39.5040    0.0108619
      3.95892      39.5550    0.0108735
      3.96034      39.6741    0.0109139
      3.96176      39.5471    0.0107753
      3.96318      39.6481    0.0108364
      3.96460      39.7260    0.0108507
      3.96601      39.9770    0.0109516
      3.96743      40.0365    0.0110105
      3.96885      40.1007    0.0110330
      3.97027      40.1250    0.0110803
      3.97168      40.2609    0.0111353
      3.97310      40.1886    0.0110859
      3.97452      40.3327    0.0112405
      3.97594      40.3368    0.0112373
      3.97735      40.3813    0.0112838
      3.97877      40.3677    0.0112498
      3.98019      40.6109    0.0114427
      3.98160      40.3030    0.0113728
      3.98302      40.8232    0.0116730
      3.98444      42.0756    0.0121268
      3.98585      41.4712    0.0116963
      3.98727      41.1177    0.0116333
      3.98868      41.2388    0.0117454
      3.99010      41.0448    0.0116278
      3.99151      40.9452    0.0116186
      3.99293      40.8918    0.0116338
      3.99434      41.0924    0.0117276
      3.99575      41.0157    0.0116516
      3.99717      41.1879    0.0117964
      3.99858      41.3289    0.0118611
      4.00000      41.5475    0.0120660
      4.00141      41.3989    0.0120232
      4.00282      41.2798    0.0120266
      4.00424      41.1987    0.0120680
      4.00565      41.0270    0.0120892
      4.00706      40.8953    0.0121585
      4.00847      40.8952    0.0123087
      4.00989      41.3454    0.0125119
      4.01130      41.4990    0.0124160
      4.01271      41.3489    0.0123460
      4.01412      41.4183    0.0124531
      4.01553      41.5166    0.0125606
      4.01694      41.6805    0.0126505
      4.01835      41.7504    0.0127197
      4.01976      41.9757    0.0128617
      4.02117      41.9314    0.0128242
      4.02258      41.7805    0.0128437
      4.02399      41.4999    0.0128274
      4.02540      41.4885    0.0129261
      4.02681      41.4510    0.0129642
      4.02822      41.4760    0.0130535
      4.02963      41.4030    0.0131261
      4.03104      41.5442    0.0132789
      4.03245      41.6477    0.0133615
      4.03386      41.7664    0.0135280
      4.03526      41.6231    0.0135656
      4.03667      41.6817    0.0136725
      4.03808      41.6552    0.0137040
      4.03949      41.6462    0.0137556
      4.04089      41.5895    0.0137588
      4.04230      41.8094    0.0139647
      4.04371      41.8277    0.0139747
      4.04511      42.2179    0.0142009
      4.04652      42.7814    0.0142826
      4.04792      43.9041    0.0146899
      4.04933      45.4937    0.0153730
      4.05073      47.5646    0.0163938
      4.05214      48.2420    0.0167651
      4.05354      46.9259    0.0161693
      4.05495      44.7005    0.0151885
      4.05635      43.3448    0.0147408
      4.05776      42.5912    0.0144303
      4.05916      42.4767    0.0144815
      4.06056      42.3066    0.0144580
      4.06197      42.2085    0.0144609
      4.06337      42.0534    0.0144576
      4.06477      42.0321    0.0146452
      4.06617      42.0054    0.0147391
      4.06758      42.2347    0.0148667
      4.06898      42.1161    0.0148780
      4.07038      42.0879    0.0149322
      4.07178      42.0747    0.0150787
      4.07318      42.2244    0.0152986
      4.07458      42.2856    0.0153951
      4.07598      42.2678    0.0155458
      4.07738      42.1820    0.0156161
      4.07878      42.3005    0.0158371
      4.08018      42.4196    0.0159798
      4.08158      42.4763    0.0160526
      4.08298      42.4192    0.0160997
      4.08438      42.5070    0.0162374
      4.08578      42.5784    0.0163560
      4.08718      42.6297    0.0165142
      4.08857      42.5701    0.0165901
      4.08997      42.6895    0.0167184
      4.09137      42.5185    0.0166289
      4.09277      42.5419    0.0167928
      4.09416      42.5246    0.0167864
      4.09556      42.6662    0.0169621
      4.09696      42.6528    0.0170323
      4.09835      42.6883    0.0171339
      4.09975      42.5780    0.0171499
      4.10114      42.5961    0.0172668
      4.10254      42.4446    0.0172201
      4.10393      42.4600    0.0173357
      4.10533      42.5007    0.0173676
      4.10672      42.5996    0.0175493
      4.10811      42.5419    0.0175648
      4.10951      42.7320    0.0178358
      4.11090      42.6909    0.0178563
      4.11229      42.8595    0.0181283
      4.11368      42.5231    0.0179732
      4.11508      42.4727    0.0180625
      4.11647      42.4739    0.0180613
      4.11786      42.6625    0.0182521
      4.11925      42.6230    0.0182185
      4.12064      42.7861    0.0185520
      4.12203      42.7400    0.0185885
      4.12342      42.9032    0.0188537
      4.12481      42.8697    0.0189342
      4.12620      42.9389    0.0190633
      4.12759      42.8912    0.0191317
      4.12898      43.0119    0.0193588
      4.13037      42.8182    0.0192771
      4.13176      43.0070    0.0196635
      4.13314      43.0690    0.0197603
      4.13453      43.0526    0.0199221
      4.13592      42.9391    0.0199583
      4.13731      43.0677    0.0202915
      4.13869      43.1470    0.0204831
      4.14008      43.2712    0.0208018
      4.14146      43.2119    0.0208136
      4.14285      43.2538    0.0211273
      4.14423      43.1653    0.0212891
      4.14562      43.1664    0.0214572
      4.14700      43.0678    0.0216302
      4.14839      43.1018    0.0220417
      4.14977      43.1183    0.0223529
      4.15115      43.1686    0.0226969
      4.15254      43.0658    0.0229126
      4.15392      43.2175    0.0234491
      4.15530      43.1459    0.0237884
      4.15668      43.1141    0.0241800
      4.15807      43.1208    0.0246896
      4.15945      43.2252    0.0253871
      4.16083      43.2161    0.0260668
      4.16221      43.3749    0.0269696
      4.16359      43.3059    0.0276619
      4.16497      43.3857    0.0287935
      4.16635      43.3800    0.0294537
      4.16773      43.5623    0.0306657
      4.16911      43.5589    0.0318510
      4.17048      43.5342    0.0334956
      4.17186      43.3988    0.0356347
      4.17324      43.2944    0.0383452
      4.17462      42.9490    0.0414598
      4.17599      43.2453    0.0485334
      4.17737      43.7078    0.0592129
      4.17875      44.3109    0.0785541
      4.18012      44.9226     0.113582
      4.18150      45.6617     0.175384
      4.18287      47.2529     0.328801
      4.18425      47.7306     0.690844
      4.18562      48.8353      1.86058
      4.18700      56.3793      4.74208
      4.18837      91.5129      64.7828
      4.18974      62.8770      74.6231
      4.19111      139.432      114.043
      4.19249      81.5294      266.388
      4.19386      41.9772      18.9331
      4.19523      26.4404      120.174
      4.19660      16.9173      24.2870
      4.19797      80.8163      213.982
      4.19934      67.2885      184.873
      4.20071      8.66424      32.4828
      4.20208     -19.0440      102.454
      4.20345     -7.14100      144.577
      4.20482      7.25434      29.2965
      4.20619      4.79204      26.3551
      4.20755      6.57664      18.9197
      4.20892      22.2250      272.340
      4.21029      20.9560      38.2040
      4.21165      146.825      589.886
      4.21302      113.636      574.713
      4.21439      244.144      208.832
      4.21575      76.8654      52.9656
      4.21712     -1.31960      33.8117
      4.21848     -7.39464      136.556
      4.21984     -6.51976      21.2260
      4.22121     -18.2214      36.7761
      4.22257     -8.46196      35.6902
      4.22393      138.594      987.647
      4.22530      54.3239      72.0817
      4.22666      56.3250      75.3840
      4.22802      509.673      8480.83
      4.22938      104.226      121.284
      4.23074     -7.91421      101.956
      4.23210      29.4621      156.006
      4.23346      1.21361      64.3585
      4.23482     -2.08682      16.9600
      4.23618     -25.0809      52.8471
      4.23754      61.3784      1227.25
      4.23889      12.5156      57.9849
      4.24025     -9.55551      9.63042
      4.24161      57.9695      3260.14
      4.24296      21.8677      51.8752
      4.24432     -8.64604      41.7882
      4.24568      95.6441      5483.92
      4.24703     -5.44106      118.641
      4.24839     0.225352      84.5076
      4.24974     -6.86865      40.8544
      4.25109     -21.2657      33.7735
      4.25245     -102.123      414.175
      4.25380     -67.3128      115.590
      4.25515      82.6423      43.3393
      4.25650      132.957      1328.84
      4.25786     -288.120      1335.63
      4.25921     -74.7892      86.2173
      4.26056      9.06048      32.7553
      4.26191      26.0229      33.7016
      4.26326      19.9952      68.1912
      4.26461      353.167      323.941
      4.26595      106.598      9.46008
      4.26730      445.475      8.37083
      4.26865      153.803      55.8360
      4.27000      29.9725      21.3489
      4.27134      0.00000      1.89148
