SOURCE  = HH 46/47 IR                   / Source name
STANDARD= BS 3468                       / Standard name
OBSDATE = 23-08-2002                    / Date of observation
SPOS    = 04:04:43.0  26:18:38.5        / Source position RA,DEC,J2000
STPOS   = 04:38:09.4  12:30:20.1        / Standard position RA,DEC,J2000
STSPT   = B1.5III                       / Standard spectral type
STTEFF  = 21000                         / Standard effective temperature [K]
STMAG   = 3.8                           / Standard magnitude (adopted)
WAVEZP  = 3.45                          / Wavelength zero point [micron]
FLUXZP  = 290                           / Flux zero point [Jy]
SAIRM   =                               / Source mean airmass
STAIRM  =                               / Standard mean airmass
AIRMCORR=                               / Optimal (adopted) airmass correction
SPECRES = ~600                          / Spectral resolution

Created by K. M. Pontoppidan             Mon Mar  8 20:25:40 2004

Wavelength [micron] Flux [Jy] Statistical Error [Jy]

      2.78319      0.00000      4.43199
      2.78460    0.0648004      3.15137
      2.78600     0.253231      3.13688
      2.78740     0.256396      3.11349
      2.78880     0.258019      3.00058
      2.79020     0.905309      4.26492
      2.79160      1.16898      6.31997
      2.79300     0.224090      5.85114
      2.79441     0.422554      3.21554
      2.79581     0.403679      2.23522
      2.79721     0.146475      2.78636
      2.79862     0.108983      1.30891
      2.80002    0.0233260     0.535992
      2.80143    0.0581697     0.221610
      2.80283    0.0620984     0.140710
      2.80424    0.0750317     0.152252
      2.80564     0.108057     0.300318
      2.80705    0.0570707     0.621150
      2.80846     0.130567     0.618972
      2.80987    0.0568450     0.202620
      2.81127    0.0250640     0.100524
      2.81268    0.0220863    0.0608895
      2.81409    0.0337185    0.0499497
      2.81550    0.0218351    0.0439464
      2.81691    0.0352815    0.0321689
      2.81832    0.0626981    0.0320747
      2.81973    0.0765679    0.0346653
      2.82114    0.0423984    0.0379780
      2.82255    0.0113403    0.0410707
      2.82396    0.0102571    0.0321368
      2.82537   0.00857147    0.0155172
      2.82678    0.0125711   0.00965543
      2.82819    0.0132047   0.00970187
      2.82961    0.0199143    0.0130761
      2.83102    0.0242729    0.0176390
      2.83243    0.0165333    0.0199493
      2.83385    0.0254790    0.0172406
      2.83526    0.0183963    0.0129404
      2.83667    0.0130131    0.0150385
      2.83809    0.0103989    0.0192409
      2.83950   0.00282832    0.0178482
      2.84092   0.00729715    0.0129153
      2.84233   0.00649938   0.00834689
      2.84375    0.0111825   0.00701679
      2.84517    0.0106861   0.00692614
      2.84658   0.00843871   0.00672580
      2.84800   0.00213383   0.00671689
      2.84942   0.00600201   0.00773595
      2.85084   0.00499027   0.00960570
      2.85225   0.00814444    0.0103443
      2.85367    0.0144997   0.00887759
      2.85509    0.0122161   0.00794470
      2.85651   0.00329384   0.00903359
      2.85793   0.00113665   0.00881188
      2.85935   0.00193103   0.00645451
      2.86077   0.00565942   0.00527636
      2.86219   0.00725041   0.00489553
      2.86361   0.00577237   0.00476059
      2.86503   0.00763181   0.00465279
      2.86645   0.00470381   0.00469451
      2.86787   0.00318078   0.00498416
      2.86929   0.00591649   0.00524242
      2.87072    0.0111134   0.00513682
      2.87214   0.00944053   0.00490378
      2.87356   0.00539011   0.00491717
      2.87498   0.00383925   0.00462470
      2.87641   0.00288983   0.00399145
      2.87783   0.00205149   0.00373761
      2.87926   0.00179989   0.00374921
      2.88068   0.00174924   0.00377968
      2.88210   0.00240390   0.00379565
      2.88353   0.00256756   0.00380227
      2.88495   0.00290808   0.00398040
      2.88638   0.00149769   0.00423867
      2.88780   0.00156030   0.00432148
      2.88923   0.00232902   0.00422904
      2.89066   0.00141593   0.00424896
      2.89208   0.00180926   0.00387691
      2.89351   0.00110858   0.00351618
      2.89494   0.00183825   0.00327176
      2.89636   0.00287759   0.00310267
      2.89779   0.00302708   0.00310008
      2.89922   0.00386702   0.00349778
      2.90065   0.00690203   0.00393147
      2.90208   0.00370377   0.00442719
      2.90351   0.00602340   0.00470694
      2.90493   0.00152123   0.00447684
      2.90636   0.00369224   0.00412782
      2.90779   0.00259117   0.00380285
      2.90922   0.00324186   0.00345266
      2.91065   0.00431498   0.00318975
      2.91208  0.000308825   0.00304752
      2.91351   0.00401235   0.00308836
      2.91494   0.00146701   0.00317079
      2.91638   0.00147253   0.00314425
      2.91781   0.00285424   0.00311156
      2.91924  0.000399878   0.00310614
      2.92067   0.00248278   0.00327972
      2.92210   0.00489038   0.00374694
      2.92353   0.00166681   0.00427162
      2.92497   0.00105524   0.00436042
      2.92640   0.00220339   0.00400642
      2.92783   0.00156159   0.00332129
      2.92927  0.000758677   0.00297894
      2.93070   0.00153168   0.00283750
      2.93213  0.000845302   0.00280744
      2.93357   0.00136516   0.00279405
      2.93500  0.000877682   0.00279356
      2.93644  0.000427067   0.00282938
      2.93787  0.000417629   0.00301124
      2.93931   0.00313822   0.00315932
      2.94074   0.00316544   0.00324636
      2.94218  0.000891042   0.00334412
      2.94361   0.00204185   0.00336893
      2.94505   0.00141339   0.00336495
      2.94648   0.00110969   0.00337413
      2.94792   0.00168895   0.00334121
      2.94936   0.00172065   0.00323624
      2.95079  0.000480993   0.00308905
      2.95223   0.00240099   0.00296511
      2.95367   0.00219353   0.00302832
      2.95510   0.00278188   0.00320515
      2.95654   0.00168145   0.00328608
      2.95798  0.000638194   0.00312988
      2.95942   0.00160187   0.00296487
      2.96086  0.000925881   0.00288765
      2.96229   0.00185864   0.00282250
      2.96373   0.00133340   0.00276036
      2.96517  0.000810743   0.00271536
      2.96661   0.00211129   0.00271809
      2.96805   0.00342586   0.00288502
      2.96949   0.00311700   0.00325085
      2.97093   0.00333515   0.00370326
      2.97237   0.00139537   0.00413679
      2.97381   0.00103823   0.00431783
      2.97525   0.00305075   0.00408243
      2.97669  0.000788532   0.00374332
      2.97813  0.000896437   0.00353660
      2.97957   0.00223843   0.00336979
      2.98101   0.00382325   0.00330163
      2.98245   0.00112485   0.00323390
      2.98389   0.00122231   0.00305163
      2.98533   0.00104620   0.00284481
      2.98678  0.000614858   0.00268574
      2.98822  0.000387324   0.00257925
      2.98966  0.000424370   0.00254717
      2.99110  0.000477569   0.00251386
      2.99254  0.000776350   0.00255871
      2.99399   0.00117283   0.00263417
      2.99543  0.000773181   0.00268424
      2.99687  0.000292525   0.00280839
      2.99832  0.000922437   0.00291285
      2.99976  0.000864850   0.00285576
      3.00120  0.000768476   0.00272580
      3.00265  0.000772293   0.00259006
      3.00409  0.000227215   0.00258480
      3.00553   0.00248471   0.00271275
      3.00698   0.00150250   0.00292850
      3.00842  0.000392167   0.00307945
      3.00987  0.000522455   0.00294448
      3.01131   0.00131744   0.00274483
      3.01275   0.00143975   0.00259192
      3.01420  0.000861674   0.00254389
      3.01564   0.00295651   0.00253414
      3.01709   0.00379326   0.00261227
      3.01853   0.00117985   0.00277360
      3.01998   0.00109087   0.00301490
      3.02143   0.00116238   0.00317760
      3.02287  0.000689776   0.00321240
      3.02432   0.00133581   0.00310270
      3.02576   0.00117926   0.00284574
      3.02721   0.00184944   0.00265110
      3.02865  0.000743240   0.00255000
      3.03010   0.00146617   0.00255820
      3.03155   0.00170122   0.00263181
      3.03299  0.000577463   0.00279842
      3.03444   0.00151981   0.00292193
      3.03589   0.00159248   0.00302794
      3.03733   0.00156064   0.00325788
      3.03878  0.000672315   0.00342717
      3.04023   0.00141482   0.00338938
      3.04168  0.000821872   0.00320750
      3.04312   0.00174345   0.00296175
      3.04457   0.00299770   0.00280424
      3.04602   0.00167406   0.00279289
      3.04747   0.00174751   0.00285116
      3.04892   0.00258079   0.00296127
      3.05036   0.00171352   0.00309394
      3.05181   0.00216979   0.00324504
      3.05326   0.00194848   0.00347012
      3.05471  0.000587454   0.00366403
      3.05616   0.00144544   0.00364465
      3.05761   0.00164744   0.00330669
      3.05906  0.000826661   0.00294293
      3.06050  0.000811111   0.00274012
      3.06195   0.00180525   0.00268862
      3.06340  0.000588920   0.00274515
      3.06485   0.00118304   0.00280234
      3.06630   0.00111963   0.00282116
      3.06775  0.000799054   0.00284618
      3.06920   0.00103424   0.00292941
      3.07065  0.000106826   0.00300738
      3.07210  0.000652987   0.00306794
      3.07355   0.00132015   0.00309759
      3.07500   0.00118375   0.00290034
      3.07645  0.000723940   0.00262665
      3.07790  0.000941192   0.00255997
      3.07935  0.000180418   0.00258930
      3.08080   0.00117640   0.00271224
      3.08225   0.00135590   0.00299544
      3.08370  0.000925308   0.00316178
      3.08515  0.000540578   0.00305918
      3.08660   0.00136294   0.00295838
      3.08805   0.00134352   0.00282791
      3.08951   0.00185609   0.00284879
      3.09096   0.00175205   0.00276838
      3.09241  0.000852545   0.00285199
      3.09386  0.000444543   0.00291402
      3.09531  0.000571852   0.00307148
      3.09676   0.00142638   0.00306779
      3.09821  0.000719863   0.00302738
      3.09966   0.00118205   0.00285233
      3.10112   0.00119969   0.00272654
      3.10257  0.000935849   0.00265066
      3.10402   0.00358601   0.00271885
      3.10547   0.00122035   0.00300515
      3.10692   0.00131527   0.00320883
      3.10838   0.00129356   0.00314102
      3.10983   0.00178142   0.00308381
      3.11128   0.00172756   0.00296788
      3.11273   0.00251385   0.00304989
      3.11418   0.00540675   0.00286385
      3.11564   0.00121190   0.00278921
      3.11709   0.00140274   0.00265927
      3.11854  0.000832883   0.00253239
      3.11999  0.000706667   0.00234875
      3.12145   0.00140767   0.00225251
      3.12290  0.000745323   0.00227193
      3.12435   0.00229917   0.00244359
      3.12580  0.000971804   0.00267665
      3.12726   0.00282339   0.00296834
      3.12871   0.00265328   0.00307347
      3.13016   0.00243765   0.00282836
      3.13162  0.000576047   0.00254629
      3.13307   0.00270172   0.00231677
      3.13452  0.000917785   0.00220623
      3.13598   0.00167696   0.00220171
      3.13743   0.00167503   0.00228646
      3.13888   0.00325798   0.00248940
      3.14034   0.00272622   0.00265087
      3.14179  0.000554800   0.00261670
      3.14324   0.00126995   0.00254853
      3.14470   0.00341204   0.00264427
      3.14615   0.00237502   0.00271370
      3.14760  0.000142295   0.00268185
      3.14906  0.000834936   0.00255214
      3.15051   0.00154982   0.00242981
      3.15196   0.00216951   0.00234662
      3.15342   0.00182390   0.00234129
      3.15487   0.00263958   0.00234332
      3.15632   0.00377692   0.00244160
      3.15778   0.00359789   0.00245776
      3.15923  0.000856793   0.00233454
      3.16069   0.00106698   0.00222364
      3.16214   0.00104450   0.00218087
      3.16359  0.000263762   0.00217655
      3.16505   0.00319827   0.00218161
      3.16650   0.00320737   0.00215771
      3.16796   0.00234423   0.00218427
      3.16941   0.00150929   0.00220518
      3.17086   0.00174463   0.00216598
      3.17232  0.000874754   0.00221680
      3.17377  0.000162183   0.00230768
      3.17523  0.000794145   0.00226798
      3.17668   0.00134059   0.00228145
      3.17814   0.00172971   0.00226856
      3.17959   0.00189953   0.00226281
      3.18104   0.00248575   0.00229858
      3.18250   0.00167359   0.00233329
      3.18395  0.000316979   0.00237899
      3.18541  0.000638481   0.00238837
      3.18686   0.00160060   0.00236604
      3.18832   0.00173458   0.00240572
      3.18977  0.000765175   0.00256947
      3.19122  0.000714770   0.00277715
      3.19268   0.00110385   0.00279719
      3.19413   0.00149924   0.00278239
      3.19559   0.00239554   0.00293896
      3.19704   0.00246504   0.00308255
      3.19850   0.00104980   0.00317590
      3.19995   0.00206227   0.00327133
      3.20141  0.000554175   0.00339801
      3.20286   0.00109279   0.00349563
      3.20431   0.00296533   0.00362105
      3.20577   0.00338618   0.00380277
      3.20722   0.00461972   0.00406676
      3.20868   0.00522574   0.00435838
      3.21013   0.00386676   0.00440457
      3.21159   0.00444507   0.00416257
      3.21304   0.00460722   0.00391138
      3.21450   0.00338456   0.00365485
      3.21595   0.00143166   0.00334025
      3.21740   0.00134060   0.00323795
      3.21886   0.00157989   0.00326267
      3.22031   0.00182569   0.00367225
      3.22177   0.00115452   0.00394336
      3.22322   0.00205188   0.00406396
      3.22468   0.00430047   0.00390729
      3.22613   0.00175371   0.00394450
      3.22759   0.00198134   0.00411315
      3.22904   0.00458598   0.00407720
      3.23050   0.00301528   0.00353612
      3.23195   0.00140757   0.00315419
      3.23340   0.00295206   0.00308679
      3.23486   0.00461685   0.00284195
      3.23631   0.00294553   0.00267932
      3.23777   0.00303722   0.00272812
      3.23922   0.00386864   0.00267763
      3.24068   0.00292503   0.00286863
      3.24213   0.00336518   0.00304503
      3.24358   0.00392510   0.00329329
      3.24504   0.00390733   0.00339216
      3.24649   0.00125572   0.00356023
      3.24795   0.00249636   0.00341481
      3.24940   0.00628217   0.00316576
      3.25086   0.00552735   0.00295683
      3.25231   0.00393903   0.00283009
      3.25376   0.00333905   0.00260851
      3.25522   0.00460615   0.00246048
      3.25667   0.00491725   0.00262905
      3.25813   0.00373246   0.00303586
      3.25958   0.00353331   0.00320652
      3.26104   0.00355317   0.00299762
      3.26249   0.00449605   0.00280484
      3.26394   0.00348523   0.00293691
      3.26540   0.00355217   0.00306660
      3.26685   0.00384424   0.00311376
      3.26831   0.00421641   0.00326926
      3.26976   0.00460362   0.00313272
      3.27121   0.00668495   0.00283835
      3.27267   0.00653247   0.00278128
      3.27412   0.00537318   0.00287670
      3.27557   0.00428283   0.00281794
      3.27703   0.00299577   0.00273566
      3.27848   0.00208568   0.00260079
      3.27994   0.00272326   0.00237494
      3.28139   0.00405942   0.00230737
      3.28284   0.00581378   0.00234182
      3.28430   0.00631520   0.00228657
      3.28575   0.00587082   0.00223162
      3.28720   0.00577799   0.00221658
      3.28866   0.00627233   0.00229840
      3.29011   0.00563657   0.00243182
      3.29156   0.00897499   0.00270069
      3.29302   0.00687859   0.00297398
      3.29447   0.00184534   0.00336822
      3.29592   0.00320080   0.00350813
      3.29738   0.00518142   0.00328678
      3.29883   0.00556971   0.00314158
      3.30028   0.00462132   0.00298542
      3.30174   0.00494346   0.00292912
      3.30319   0.00777469   0.00294757
      3.30464   0.00717325   0.00276941
      3.30610   0.00479516   0.00282202
      3.30755   0.00542243   0.00298878
      3.30900   0.00657365   0.00413903
      3.31046   0.00463549   0.00674159
      3.31191   0.00445508    0.0123459
      3.31336   0.00864561    0.0197883
      3.31481   0.00530736    0.0172600
      3.31627   0.00743755    0.0105695
      3.31772    0.0120958    0.0104751
      3.31917   0.00968226    0.0146996
      3.32062    0.0129752    0.0127168
      3.32208   0.00624039   0.00830018
      3.32353   0.00521270   0.00513252
      3.32498   0.00460080   0.00391085
      3.32643   0.00665072   0.00337045
      3.32789   0.00862094   0.00293956
      3.32934   0.00834379   0.00254307
      3.33079   0.00846266   0.00250118
      3.33224   0.00950174   0.00249698
      3.33369   0.00957489   0.00238549
      3.33515   0.00948570   0.00236410
      3.33660   0.00977247   0.00239358
      3.33805    0.0100538   0.00245354
      3.33950    0.0111707   0.00250143
      3.34095    0.0102079   0.00256838
      3.34240   0.00922687   0.00264477
      3.34386   0.00757953   0.00259684
      3.34531   0.00756852   0.00248382
      3.34676   0.00812650   0.00237663
      3.34821   0.00915385   0.00244718
      3.34966    0.0107796   0.00253745
      3.35111    0.0108115   0.00257229
      3.35256    0.0110966   0.00272258
      3.35402    0.0110178   0.00278341
      3.35547    0.0115215   0.00264909
      3.35692    0.0131611   0.00246213
      3.35837    0.0118267   0.00254813
      3.35982   0.00917917   0.00273884
      3.36127    0.0111593   0.00270342
      3.36272    0.0126998   0.00259328
      3.36417    0.0122033   0.00267819
      3.36562    0.0109302   0.00266613
      3.36707    0.0113175   0.00261178
      3.36852    0.0113008   0.00245324
      3.36997    0.0119160   0.00242312
      3.37142    0.0133346   0.00251236
      3.37287    0.0124569   0.00259165
      3.37432    0.0120129   0.00256696
      3.37577    0.0136389   0.00277655
      3.37722    0.0142344   0.00272779
      3.37867    0.0130203   0.00270709
      3.38012    0.0122776   0.00249517
      3.38157    0.0123855   0.00256306
      3.38302    0.0130997   0.00260436
      3.38447    0.0141738   0.00263126
      3.38592    0.0134071   0.00247782
      3.38737    0.0124466   0.00283250
      3.38882    0.0129794   0.00277401
      3.39027    0.0133082   0.00257677
      3.39172    0.0140270   0.00225884
      3.39317    0.0143350   0.00231968
      3.39462    0.0138781   0.00244464
      3.39607    0.0135860   0.00250051
      3.39752    0.0122834   0.00244449
      3.39897    0.0101867   0.00268713
      3.40041    0.0103735   0.00284480
      3.40186    0.0137616   0.00288448
      3.40331    0.0138008   0.00247219
      3.40476    0.0139939   0.00251528
      3.40621    0.0143914   0.00253072
      3.40766    0.0148238   0.00269806
      3.40911    0.0137846   0.00258025
      3.41055    0.0138627   0.00268872
      3.41200    0.0141375   0.00276131
      3.41345    0.0141910   0.00273533
      3.41490    0.0144770   0.00233891
      3.41635    0.0136764   0.00236763
      3.41779    0.0144394   0.00233661
      3.41924    0.0164790   0.00239072
      3.42069    0.0157742   0.00244044
      3.42214    0.0149094   0.00259022
      3.42359    0.0161414   0.00270775
      3.42503    0.0154171   0.00267461
      3.42648    0.0160817   0.00235148
      3.42793    0.0159252   0.00229036
      3.42937    0.0153967   0.00224823
      3.43082    0.0151521   0.00239554
      3.43227    0.0157274   0.00238577
      3.43372    0.0169539   0.00237709
      3.43516    0.0166863   0.00230788
      3.43661    0.0169386   0.00240930
      3.43806    0.0157333   0.00225963
      3.43950    0.0162051   0.00218510
      3.44095    0.0163006   0.00211108
      3.44239    0.0178563   0.00218607
      3.44384    0.0176489   0.00215209
      3.44529    0.0159979   0.00215875
      3.44673    0.0160669   0.00222827
      3.44818    0.0170070   0.00233452
      3.44963    0.0175252   0.00221601
      3.45107    0.0168506   0.00221680
      3.45252    0.0181195   0.00211286
      3.45396    0.0186738   0.00204834
      3.45541    0.0190945   0.00202478
      3.45685    0.0190108   0.00206733
      3.45830    0.0202176   0.00208441
      3.45974    0.0194986   0.00208855
      3.46119    0.0184055   0.00212318
      3.46264    0.0183732   0.00211722
      3.46408    0.0190154   0.00208556
      3.46552    0.0189344   0.00199544
      3.46697    0.0194002   0.00201211
      3.46841    0.0194123   0.00204877
      3.46986    0.0202274   0.00206400
      3.47130    0.0211197   0.00205918
      3.47275    0.0208487   0.00207789
      3.47419    0.0205858   0.00207775
      3.47564    0.0221101   0.00204287
      3.47708    0.0228500   0.00203276
      3.47853    0.0213869   0.00201283
      3.47997    0.0216343   0.00199725
      3.48141    0.0222648   0.00202676
      3.48286    0.0216380   0.00204043
      3.48430    0.0218120   0.00197242
      3.48574    0.0231129   0.00200877
      3.48719    0.0238221   0.00201408
      3.48863    0.0233306   0.00200947
      3.49007    0.0242956   0.00197214
      3.49152    0.0247737   0.00198126
      3.49296    0.0239821   0.00201570
      3.49440    0.0238614   0.00199820
      3.49585    0.0246251   0.00199353
      3.49729    0.0249441   0.00198588
      3.49873    0.0245126   0.00201905
      3.50018    0.0253253   0.00199869
      3.50162    0.0263232   0.00200400
      3.50306    0.0269694   0.00198089
      3.50450    0.0267839   0.00197918
      3.50594    0.0266776   0.00195995
      3.50739    0.0270915   0.00192104
      3.50883    0.0273596   0.00192131
      3.51027    0.0270284   0.00191236
      3.51171    0.0265968   0.00191798
      3.51315    0.0279713   0.00192589
      3.51460    0.0293266   0.00192309
      3.51604    0.0297031   0.00189643
      3.51748    0.0294863   0.00189869
      3.51892    0.0295122   0.00185390
      3.52036    0.0295703   0.00192778
      3.52180    0.0289149   0.00197985
      3.52324    0.0286363   0.00193690
      3.52469    0.0290586   0.00194229
      3.52613    0.0295774   0.00205430
      3.52757    0.0298956   0.00201560
      3.52901    0.0308873   0.00191182
      3.53045    0.0320201   0.00192022
      3.53189    0.0316973   0.00192166
      3.53333    0.0309550   0.00191949
      3.53477    0.0307054   0.00191866
      3.53621    0.0314303   0.00197032
      3.53765    0.0319483   0.00201208
      3.53909    0.0323916   0.00198692
      3.54053    0.0328845   0.00195366
      3.54197    0.0332485   0.00190809
      3.54341    0.0329070   0.00193839
      3.54485    0.0327415   0.00198919
      3.54629    0.0333266   0.00198362
      3.54773    0.0338884   0.00190984
      3.54917    0.0346391   0.00189061
      3.55061    0.0351771   0.00196140
      3.55205    0.0355353   0.00194161
      3.55348    0.0367084   0.00189310
      3.55492    0.0353645   0.00185998
      3.55636    0.0308814   0.00187412
      3.55780    0.0381016   0.00187703
      3.55924    0.0394865   0.00190684
      3.56068    0.0392986   0.00190096
      3.56212    0.0393559   0.00192100
      3.56356    0.0393884   0.00192892
      3.56499    0.0404867   0.00190451
      3.56643    0.0413308   0.00192579
      3.56787    0.0413992   0.00198422
      3.56931    0.0426891   0.00192210
      3.57075    0.0431513   0.00192502
      3.57218    0.0433459   0.00194718
      3.57362    0.0429435   0.00197040
      3.57506    0.0429818   0.00194516
      3.57650    0.0439047   0.00194816
      3.57793    0.0444488   0.00190417
      3.57937    0.0451086   0.00194337
      3.58081    0.0448917   0.00192936
      3.58224    0.0455163   0.00192904
      3.58368    0.0459819   0.00190357
      3.58512    0.0468508   0.00193057
      3.58655    0.0478999   0.00192578
      3.58799    0.0478692   0.00195464
      3.58943    0.0484990   0.00191334
      3.59086    0.0483337   0.00195804
      3.59230    0.0491889   0.00193684
      3.59374    0.0496321   0.00185839
      3.59517    0.0500471   0.00184846
      3.59661    0.0504138   0.00188708
      3.59805    0.0504504   0.00188982
      3.59948    0.0504533   0.00188018
      3.60092    0.0507670   0.00188153
      3.60235    0.0512508   0.00191329
      3.60379    0.0512690   0.00191498
      3.60522    0.0509259   0.00192190
      3.60666    0.0507235   0.00195302
      3.60809    0.0517143   0.00196841
      3.60953    0.0532886   0.00193909
      3.61096    0.0539879   0.00191287
      3.61240    0.0546048   0.00191044
      3.61383    0.0545182   0.00190215
      3.61527    0.0546913   0.00191098
      3.61670    0.0554792   0.00187265
      3.61814    0.0564437   0.00184544
      3.61957    0.0567847   0.00186007
      3.62101    0.0560822   0.00189311
      3.62244    0.0560340   0.00189706
      3.62388    0.0564760   0.00190890
      3.62531    0.0574977   0.00190082
      3.62674    0.0574645   0.00193299
      3.62818    0.0580638   0.00191982
      3.62961    0.0593464   0.00194428
      3.63105    0.0602083   0.00186099
      3.63248    0.0614241   0.00189300
      3.63391    0.0610675   0.00185446
      3.63535    0.0619878   0.00183149
      3.63678    0.0620710   0.00182217
      3.63821    0.0612272   0.00186031
      3.63965    0.0624230   0.00186373
      3.64108    0.0634265   0.00191321
      3.64251    0.0637570   0.00187546
      3.64395    0.0636981   0.00190434
      3.64538    0.0623154   0.00185701
      3.64681    0.0637573   0.00189701
      3.64824    0.0650088   0.00191180
      3.64968    0.0657306   0.00188027
      3.65111    0.0659793   0.00186064
      3.65254    0.0665117   0.00186661
      3.65397    0.0665530   0.00186685
      3.65541    0.0666875   0.00188452
      3.65684    0.0674913   0.00189065
      3.65827    0.0689529   0.00187219
      3.65970    0.0692028   0.00184137
      3.66113    0.0690466   0.00187924
      3.66256    0.0697674   0.00193692
      3.66400    0.0694831   0.00190636
      3.66543    0.0690004   0.00185768
      3.66686    0.0695600   0.00188612
      3.66829    0.0711975   0.00193430
      3.66972    0.0725520   0.00192273
      3.67115    0.0731212   0.00193418
      3.67258    0.0715315   0.00196013
      3.67402    0.0714416   0.00193491
      3.67545    0.0725731   0.00192454
      3.67688    0.0733327   0.00192885
      3.67831    0.0737124   0.00194356
      3.67974    0.0740506   0.00196802
      3.68117    0.0753501   0.00186944
      3.68260    0.0753858   0.00189946
      3.68403    0.0749517   0.00195707
      3.68546    0.0747009   0.00194416
      3.68689    0.0751237   0.00190630
      3.68832    0.0743455   0.00193658
      3.68975    0.0771626   0.00191213
      3.69118    0.0781793   0.00194141
      3.69261    0.0784058   0.00194850
      3.69404    0.0786644   0.00194454
      3.69547    0.0794016   0.00188320
      3.69690    0.0785787   0.00193265
      3.69833    0.0795977   0.00184155
      3.69976    0.0809868   0.00190054
      3.70119    0.0821050   0.00194506
      3.70262    0.0822281   0.00194111
      3.70405    0.0824535   0.00191727
      3.70548    0.0828879   0.00192964
      3.70691    0.0824175   0.00194187
      3.70834    0.0820011   0.00194406
      3.70976    0.0822675   0.00197687
      3.71119    0.0830356   0.00197602
      3.71262    0.0845184   0.00196025
      3.71405    0.0849085   0.00196898
      3.71548    0.0848339   0.00197473
      3.71691    0.0845486   0.00193957
      3.71834    0.0835606   0.00195650
      3.71977    0.0835565   0.00195748
      3.72119    0.0854181   0.00193474
      3.72262    0.0865774   0.00192400
      3.72405    0.0870955   0.00194977
      3.72548    0.0868405   0.00196709
      3.72691    0.0877650   0.00196223
      3.72833    0.0892469   0.00200645
      3.72976    0.0886630   0.00204851
      3.73119    0.0897318   0.00205830
      3.73262    0.0901993   0.00194668
      3.73405    0.0920821   0.00192776
      3.73547    0.0921694   0.00198190
      3.73690    0.0925066   0.00196691
      3.73833    0.0940965   0.00196064
      3.73976    0.0958776   0.00192920
      3.74118    0.0957542   0.00204447
      3.74261    0.0956162   0.00201714
      3.74404    0.0947793   0.00203874
      3.74547    0.0947500   0.00197901
      3.74689    0.0953761   0.00196160
      3.74832    0.0959016   0.00194583
      3.74975    0.0950091   0.00195618
      3.75117    0.0944632   0.00199017
      3.75260    0.0960780   0.00201132
      3.75403    0.0981270   0.00199194
      3.75545    0.0982321   0.00201905
      3.75688    0.0976478   0.00203262
      3.75831    0.0969856   0.00202721
      3.75973    0.0967327   0.00202710
      3.76116    0.0982382   0.00205394
      3.76259    0.0993135   0.00204866
      3.76401    0.0995512   0.00202301
      3.76544     0.100120   0.00206214
      3.76687    0.0996294   0.00209201
      3.76829    0.0993480   0.00212825
      3.76972     0.100795   0.00208239
      3.77114     0.100599   0.00209887
      3.77257     0.101274   0.00211864
      3.77400     0.100919   0.00210875
      3.77542     0.101867   0.00202910
      3.77685     0.101733   0.00209337
      3.77827     0.102723   0.00209156
      3.77970     0.103114   0.00203727
      3.78113     0.102849   0.00201970
      3.78255     0.104372   0.00203314
      3.78398     0.104574   0.00209876
      3.78540     0.104226   0.00204561
      3.78683     0.103915   0.00202456
      3.78825     0.104964   0.00201417
      3.78968     0.107224   0.00202117
      3.79110     0.106402   0.00203271
      3.79253     0.106609   0.00206595
      3.79395     0.106118   0.00213087
      3.79538     0.107412   0.00208721
      3.79680     0.108186   0.00209635
      3.79823     0.108284   0.00211358
      3.79965     0.108198   0.00209128
      3.80108     0.108737   0.00203894
      3.80250     0.108557   0.00205235
      3.80393     0.108707   0.00209267
      3.80535     0.109186   0.00205079
      3.80678     0.109140   0.00203704
      3.80820     0.109934   0.00210253
      3.80963     0.110455   0.00212890
      3.81105     0.110008   0.00207185
      3.81248     0.110612   0.00206630
      3.81390     0.112534   0.00210076
      3.81533     0.112447   0.00204860
      3.81675     0.112183   0.00200493
      3.81818     0.111751   0.00205509
      3.81960     0.112126   0.00208627
      3.82103     0.111052   0.00206556
      3.82245     0.111559   0.00205836
      3.82387     0.112391   0.00200931
      3.82530     0.112809   0.00204087
      3.82672     0.112950   0.00209629
      3.82815     0.114381   0.00198013
      3.82957     0.115006   0.00197747
      3.83100     0.116590   0.00203347
      3.83242     0.116966   0.00204998
      3.83384     0.117518   0.00208658
      3.83527     0.115846   0.00205964
      3.83669     0.114854   0.00207246
      3.83812     0.115684   0.00210150
      3.83954     0.117069   0.00207080
      3.84096     0.117376   0.00208311
      3.84239     0.117733   0.00204579
      3.84381     0.119310   0.00207898
      3.84524     0.121289   0.00207345
      3.84666     0.121665   0.00209025
      3.84808     0.120143   0.00213967
      3.84951     0.119494   0.00216396
      3.85093     0.120445   0.00205764
      3.85236     0.119398   0.00202133
      3.85378     0.119035   0.00203805
      3.85520     0.120916   0.00204517
      3.85663     0.122183   0.00205996
      3.85805     0.122341   0.00207312
      3.85948     0.123213   0.00209188
      3.86090     0.124121   0.00210775
      3.86232     0.124196   0.00213095
      3.86375     0.124898   0.00214124
      3.86517     0.125327   0.00214219
      3.86659     0.124525   0.00218835
      3.86802     0.123263   0.00221923
      3.86944     0.123197   0.00220294
      3.87087     0.123698   0.00227126
      3.87229     0.123534   0.00226763
      3.87371     0.123166   0.00231389
      3.87514     0.123064   0.00234131
      3.87656     0.122999   0.00233226
      3.87798     0.123938   0.00232737
      3.87941     0.123640   0.00234887
      3.88083     0.123673   0.00240346
      3.88225     0.126056   0.00244764
      3.88368     0.126720   0.00243212
      3.88510     0.128288   0.00247778
      3.88653     0.128314   0.00250224
      3.88795     0.126916   0.00249520
      3.88937     0.126692   0.00252437
      3.89080     0.127494   0.00256874
      3.89222     0.129196   0.00261733
      3.89364     0.129394   0.00245461
      3.89507     0.127960   0.00246553
      3.89649     0.129355   0.00242220
      3.89791     0.131432   0.00243800
      3.89934     0.130909   0.00240873
      3.90076     0.131905   0.00244915
      3.90219     0.131380   0.00235276
      3.90361     0.133361   0.00232271
      3.90503     0.133634   0.00228697
      3.90646     0.134350   0.00232991
      3.90788     0.134210   0.00239533
      3.90930     0.133621   0.00240581
      3.91073     0.134146   0.00236774
      3.91215     0.134168   0.00232209
      3.91358     0.135975   0.00238085
      3.91500     0.135337   0.00245911
      3.91642     0.134679   0.00249788
      3.91785     0.134560   0.00246359
      3.91927     0.135083   0.00251399
      3.92069     0.134788   0.00245198
      3.92212     0.135325   0.00244843
      3.92354     0.135396   0.00255142
      3.92497     0.135000   0.00252597
      3.92639     0.135942   0.00242252
      3.92781     0.136055   0.00240455
      3.92924     0.136187   0.00238889
      3.93066     0.137609   0.00243944
      3.93209     0.138618   0.00247375
      3.93351     0.138878   0.00237495
      3.93494     0.138598   0.00234093
      3.93636     0.138613   0.00237677
      3.93778     0.138127   0.00237170
      3.93921     0.135710   0.00233923
      3.94063     0.136547   0.00236806
      3.94206     0.139670   0.00242864
      3.94348     0.139971   0.00238333
      3.94491     0.140435   0.00231778
      3.94633     0.140929   0.00230723
      3.94775     0.140944   0.00230169
      3.94918     0.140674   0.00229785
      3.95060     0.141431   0.00224525
      3.95203     0.141877   0.00225655
      3.95345     0.141630   0.00228715
      3.95488     0.142798   0.00225957
      3.95630     0.144255   0.00225598
      3.95773     0.144775   0.00234405
      3.95915     0.144595   0.00238598
      3.96058     0.144534   0.00228326
      3.96200     0.142582   0.00222316
      3.96343     0.142803   0.00229664
      3.96485     0.143006   0.00231522
      3.96628     0.143861   0.00227364
      3.96770     0.143522   0.00227399
      3.96913     0.144109   0.00228669
      3.97055     0.146385   0.00227782
      3.97198     0.147260   0.00229338
      3.97340     0.146954   0.00227358
      3.97483     0.147619   0.00223673
      3.97625     0.148717   0.00230387
      3.97768     0.147370   0.00229096
      3.97910     0.145965   0.00228969
      3.98053     0.145935   0.00233343
      3.98196     0.146887   0.00229780
      3.98338     0.148503   0.00227401
      3.98481     0.149894   0.00231597
      3.98623     0.150033   0.00228926
      3.98766     0.150311   0.00232719
      3.98909     0.151798   0.00234956
      3.99051     0.151190   0.00226499
      3.99194     0.150843   0.00228243
      3.99336     0.151059   0.00237856
      3.99479     0.151834   0.00235912
      3.99622     0.153331   0.00232043
      3.99764     0.153218   0.00232330
      3.99907     0.152823   0.00240353
      4.00050     0.151983   0.00247161
      4.00192     0.151470   0.00241434
      4.00335     0.154481   0.00238558
      4.00478     0.156244   0.00245063
      4.00621     0.156403   0.00239818
      4.00763     0.155628   0.00234936
      4.00906     0.155024   0.00243923
      4.01049     0.153772   0.00249486
      4.01191     0.155692   0.00242984
      4.01334     0.156444   0.00235397
      4.01477     0.156410   0.00251404
      4.01620     0.158981   0.00252745
      4.01762     0.159345   0.00258408
      4.01905     0.157701   0.00250294
      4.02048     0.158875   0.00254924
      4.02191     0.159563   0.00256795
      4.02334     0.160070   0.00247775
      4.02477     0.159652   0.00247618
      4.02619     0.159808   0.00252999
      4.02762     0.160834   0.00262241
      4.02905     0.159865   0.00263559
      4.03048     0.161177   0.00262674
      4.03191     0.162402   0.00259273
      4.03334     0.161708   0.00264608
      4.03477     0.162428   0.00270539
      4.03619     0.164368   0.00272861
      4.03762     0.165258   0.00280210
      4.03905     0.168579   0.00273379
      4.04048     0.170940   0.00272598
      4.04191     0.170412   0.00289439
      4.04334     0.168777   0.00289143
      4.04477     0.166878   0.00282359
      4.04620     0.167445   0.00282259
      4.04763     0.170388   0.00287370
      4.04906     0.172716   0.00278117
      4.05049     0.176411   0.00278018
      4.05192     0.182623   0.00294440
      4.05335     0.187683   0.00304125
      4.05478     0.186033   0.00314055
      4.05621     0.179981   0.00304447
      4.05764     0.172678   0.00302153
      4.05908     0.168192   0.00286179
      4.06051     0.167744   0.00279123
      4.06194     0.167293   0.00279073
      4.06337     0.167260   0.00274942
      4.06480     0.168073   0.00279597
      4.06623     0.168039   0.00300447
      4.06766     0.166817   0.00288617
      4.06910     0.166192   0.00285388
      4.07053     0.166980   0.00298695
      4.07196     0.165810   0.00297844
      4.07339     0.167556   0.00287866
      4.07483     0.168800   0.00298354
      4.07626     0.168249   0.00295651
      4.07769     0.169158   0.00296098
      4.07912     0.169123   0.00300435
      4.08056     0.167619   0.00314302
      4.08199     0.168083   0.00303701
      4.08342     0.170103   0.00308137
      4.08486     0.169033   0.00310540
      4.08629     0.167480   0.00305853
      4.08772     0.168777   0.00305710
      4.08916     0.171996   0.00312386
      4.09059     0.170904   0.00312918
      4.09203     0.170244   0.00307614
      4.09346     0.170244   0.00322685
      4.09490     0.169220   0.00329176
      4.09633     0.169795   0.00325419
      4.09777     0.169979   0.00322092
      4.09920     0.169062   0.00323131
      4.10064     0.169337   0.00320826
      4.10207     0.166098   0.00338005
      4.10351     0.163885   0.00339673
      4.10494     0.166547   0.00326292
      4.10638     0.169584   0.00334998
      4.10782     0.170529   0.00324171
      4.10925     0.171685   0.00339115
      4.11069     0.173015   0.00342403
      4.11213     0.171238   0.00335747
      4.11356     0.172051   0.00326147
      4.11500     0.170948   0.00345473
      4.11644     0.171835   0.00350846
      4.11787     0.170455   0.00342152
      4.11931     0.171940   0.00363168
      4.12075     0.170501   0.00359132
      4.12219     0.172277   0.00362716
      4.12363     0.172086   0.00366140
      4.12506     0.172279   0.00358856
      4.12650     0.171899   0.00352065
      4.12794     0.170487   0.00348036
      4.12938     0.170857   0.00361968
      4.13082     0.169362   0.00365713
      4.13226     0.169927   0.00354782
      4.13370     0.173311   0.00357071
      4.13514     0.172831   0.00366831
      4.13658     0.172822   0.00380169
      4.13802     0.174026   0.00378688
      4.13946     0.172709   0.00387566
      4.14090     0.171541   0.00387539
      4.14234     0.169718   0.00381407
      4.14378     0.172362   0.00371979
      4.14522     0.173677   0.00380035
      4.14667     0.170335   0.00399791
      4.14811     0.169771   0.00386808
      4.14955     0.172077   0.00384000
      4.15099     0.175447   0.00397097
      4.15243     0.173886   0.00396570
      4.15388     0.169145   0.00397325
      4.15532     0.169590   0.00404774
      4.15676     0.171277   0.00422495
      4.15821     0.169904   0.00439814
      4.15965     0.169012   0.00441811
      4.16109     0.167213   0.00460457
      4.16254     0.168040   0.00473658
      4.16398     0.169808   0.00479753
      4.16543     0.167281   0.00512015
      4.16687     0.166567   0.00552296
      4.16831     0.166640   0.00559978
      4.16976     0.166026   0.00576268
      4.17121     0.164926   0.00607635
      4.17265     0.164176   0.00670822
      4.17410     0.169334   0.00806427
      4.17554     0.178390   0.00992301
      4.17699     0.205902    0.0128088
      4.17844     0.211267    0.0189135
      4.17988     0.248314    0.0343307
      4.18133     0.359563    0.0766673
      4.18278     0.295774     0.199547
      4.18423     0.144912     0.470315
      4.18567     0.229277     0.563973
      4.18712     0.258813     0.462354
      4.18857      4.02276      1.89998
      4.19002     0.193834      2.40161
      4.19147     0.170604      1.44378
      4.19292     0.129485     0.901268
      4.19437     0.215670      2.54932
      4.19582     0.401876      9.67368
      4.19727     0.281595      10.9425
      4.19872     0.163252      10.0732
      4.20017     0.151343      18.0598
      4.20162     0.108241      4.11978
      4.20307     0.228461      3.89023
      4.20452     0.112720      2.81726
      4.20597   0.00194486      4.10315
      4.20742    0.0878399      3.55320
      4.20888     0.133000      5.83641
      4.21033    0.0298327      3.99062
      4.21178   0.00914099      5.34140
      4.21323    0.0927742      2.98348
      4.21469     0.162914      4.25351
      4.21614    0.0304763      14.0543
      4.21760    0.0301955      16.0764
      4.21905    0.0127802      2.65404
      4.22050   0.00171253      3.20347
      4.22196    0.0113434      1.29668
      4.22341    0.0138650      2.13350
      4.22487    0.0153515      2.44881
      4.22633    0.0251559      1.78453
      4.22778   0.00124063      1.26827
      4.22924    0.0530222      4.67982
      4.23069   0.00992185      2.29118
      4.23215    0.0910007      1.66162
      4.23361   0.00458427      2.23640
      4.23507     0.778579      2.70974
      4.23652      1.12800      13.3863
      4.23798    0.0752997      3.70091
      4.23944    0.0750673      2.98827
      4.24090   0.00966643      15.9091
      4.24236   -0.0196889      29.9653
      4.24382    0.0689183      3.05348
      4.24528   -0.0440152      7.47236
      4.24674    0.0571624      10.2451
      4.24820      1.16463      1.96370
      4.24966      1.51506      3.08670
      4.25112      0.00000      4.84449
