SOURCE  = IRAS11068_7717                / Source name
STANDARD= BS 3185                       / Standard name
OBSDATE = 14-01-2001                    / Date of observation
SPOS    = 11:08:15.1 -77:34:15.9        / Source position RA,DEC,J2000
STPOS   = 13:24:00.4 -64:32:31.5        / Standard position RA,DEC,J2000
STSPT   = G6II                          / Standard spectral type
STTEFF  = 5800                          / Standard effective temperature [K]
STMAG   = 2.533                         / Standard magnitude (adopted)
WAVEZP  = 3.45                          / Wavelength zero point [micron]
FLUXZP  = 290                           / Flux zero point [Jy]
SAIRM   = 1.66                          / Source mean airmass
STAIRM  = 1.33                          / Standard mean airmass
AIRMCORR= 1.15                          / Optimal (adopted) airmass correction
SPECRES = ~600                          / Spectral resolution

Created by E. Dartois and K. Pontoppidan (c)

Wavelength [micron] Flux [Jy] Statistical Error [Jy]

      2.82181      0.00000      4.19243
      2.82317     -1.53175      6.14869
      2.82453     -1.48209      2.10755
      2.82589    -0.711065      1.31755
      2.82726      2.32617     0.971727
      2.82862      1.54928     0.570728
      2.82998      1.72689     0.365405
      2.83135      2.60373     0.340318
      2.83271      3.82299     0.430213
      2.83408      3.30017     0.937498
      2.83544     -2.72608      3.98689
      2.83681     -5.02839      12.4531
      2.83817     0.773243      10.5267
      2.83954      1.26139      2.64712
      2.84091     0.529345      1.23457
      2.84228      1.18053     0.381302
      2.84364      2.48303     0.190650
      2.84501      3.38748     0.153991
      2.84638      3.79016     0.177065
      2.84775      4.36967     0.354078
      2.84912      4.51753     0.971778
      2.85049      1.55108      1.06929
      2.85186      1.89955     0.919997
      2.85324      2.51790      1.01458
      2.85461      2.88800      1.72646
      2.85598      2.92731      1.00690
      2.85735      2.31013     0.485282
      2.85873      2.31872     0.366500
      2.86010      3.44027     0.269275
      2.86148      3.41495     0.168876
      2.86285      3.35420     0.113943
      2.86423      3.37559    0.0966643
      2.86560      3.65015     0.109461
      2.86698      3.71795     0.156442
      2.86836      3.81509     0.274275
      2.86973      3.99367     0.427996
      2.87111      3.27127     0.434826
      2.87249      3.59785     0.203083
      2.87387      3.68713    0.0993237
      2.87525      3.60198    0.0703065
      2.87663      3.57411    0.0659607
      2.87801      3.47165    0.0735707
      2.87939      3.56163    0.0762120
      2.88077      3.74803    0.0678219
      2.88215      3.77552    0.0685844
      2.88353      3.98938    0.0761678
      2.88491      3.99050    0.0820093
      2.88630      3.99265    0.0892624
      2.88768      3.90183    0.0962648
      2.88906      4.13468     0.102412
      2.89045      4.25300    0.0844861
      2.89183      3.81121    0.0622106
      2.89322      3.63644    0.0489317
      2.89460      3.83362    0.0384544
      2.89599      4.00604    0.0339780
      2.89737      4.07610    0.0373056
      2.89876      4.24786    0.0492241
      2.90014      4.35064    0.0857061
      2.90153      4.01193     0.166689
      2.90292      3.94429     0.204308
      2.90431      3.63160     0.165533
      2.90570      3.18037     0.136812
      2.90708      3.57083    0.0882024
      2.90847      3.88424    0.0564883
      2.90986      4.05128    0.0422104
      2.91125      4.13760    0.0394114
      2.91264      4.21586    0.0424958
      2.91403      4.09095    0.0499283
      2.91542      4.03320    0.0470344
      2.91682      4.12684    0.0391085
      2.91821      4.22792    0.0383683
      2.91960      4.41942    0.0414628
      2.92099      4.66097    0.0562743
      2.92239      4.52078     0.101328
      2.92378      4.32137    0.0908215
      2.92517      4.24284    0.0504912
      2.92657      4.16134    0.0353062
      2.92796      4.20690    0.0310157
      2.92936      4.24300    0.0297190
      2.93075      4.25220    0.0293058
      2.93215      4.35207    0.0277058
      2.93354      4.36683    0.0278857
      2.93494      4.40091    0.0295457
      2.93633      4.44250    0.0328229
      2.93773      4.41305    0.0399843
      2.93913      4.30999    0.0472665
      2.94053      4.26695    0.0483588
      2.94192      4.38878    0.0475566
      2.94332      4.34294    0.0501714
      2.94472      4.37388    0.0512294
      2.94612      4.36534    0.0467612
      2.94752      4.26514    0.0418030
      2.94892      4.32285    0.0345591
      2.95032      4.37654    0.0304509
      2.95172      4.41906    0.0346152
      2.95312      4.39271    0.0451066
      2.95452      4.35217    0.0502808
      2.95592      4.32275    0.0388282
      2.95732      4.32097    0.0324674
      2.95873      4.31456    0.0312207
      2.96013      4.25537    0.0314654
      2.96153      4.27949    0.0289784
      2.96293      4.32955    0.0273661
      2.96434      4.43027    0.0270502
      2.96574      4.55276    0.0299553
      2.96714      4.61889    0.0412275
      2.96855      4.68332    0.0720407
      2.96995      4.24879     0.129153
      2.97136      4.33195     0.162475
      2.97276      4.35015     0.125347
      2.97417      4.56225    0.0842825
      2.97557      4.56816    0.0605358
      2.97698      4.65204    0.0532979
      2.97838      4.62485    0.0515500
      2.97979      4.52126    0.0512653
      2.98120      4.50555    0.0388360
      2.98260      4.50505    0.0303749
      2.98401      4.45086    0.0263313
      2.98542      4.47200    0.0249116
      2.98683      4.47158    0.0235059
      2.98824      4.54465    0.0227064
      2.98964      4.58848    0.0229836
      2.99105      4.59331    0.0248012
      2.99246      4.57688    0.0279165
      2.99387      4.55866    0.0305945
      2.99528      4.57437    0.0334007
      2.99669      4.56727    0.0355673
      2.99810      4.61419    0.0315078
      2.99951      4.62954    0.0257905
      3.00092      4.64462    0.0234831
      3.00233      4.67099    0.0254403
      3.00374      4.62189    0.0319435
      3.00516      4.33033    0.0411980
      3.00657      4.52716    0.0443398
      3.00798      4.68841    0.0344117
      3.00939      4.68093    0.0275795
      3.01080      4.69349    0.0243444
      3.01222      4.70040    0.0248396
      3.01363      4.65729    0.0261374
      3.01504      4.69434    0.0286805
      3.01646      4.73584    0.0330551
      3.01787      4.61841    0.0454412
      3.01928      4.52626    0.0594783
      3.02070      4.74892    0.0521262
      3.02211      4.80235    0.0373950
      3.02353      4.77401    0.0275417
      3.02494      4.74867    0.0234692
      3.02636      4.70102    0.0232780
      3.02777      4.67382    0.0250170
      3.02919      4.73187    0.0267913
      3.03060      4.79660    0.0313955
      3.03202      4.81515    0.0359398
      3.03344      4.91308    0.0406662
      3.03485      4.98740    0.0441034
      3.03627      4.92780    0.0566358
      3.03769      4.92816    0.0616414
      3.03910      5.06099    0.0450269
      3.04052      4.94244    0.0343643
      3.04194      4.80524    0.0306740
      3.04336      4.79202    0.0305177
      3.04478      4.80612    0.0341770
      3.04619      4.82358    0.0394274
      3.04761      4.88834    0.0417622
      3.04903      4.85184    0.0539761
      3.05045      4.89178    0.0685892
      3.05187      4.59452    0.0896025
      3.05329      4.63815     0.117934
      3.05471      4.78830    0.0835229
      3.05613      5.01381    0.0456605
      3.05755      4.99133    0.0306409
      3.05897      4.89889    0.0264257
      3.06039      4.78523    0.0284412
      3.06181      4.72071    0.0350138
      3.06323      4.77660    0.0382402
      3.06465      4.81217    0.0354767
      3.06607      4.81470    0.0342267
      3.06749      4.87700    0.0382041
      3.06892      4.83466    0.0416986
      3.07034      4.68602    0.0484320
      3.07176      4.80619    0.0436339
      3.07318      4.88631    0.0334232
      3.07460      4.89831    0.0259128
      3.07603      4.86555    0.0231433
      3.07745      4.87282    0.0247308
      3.07887      4.91427    0.0307129
      3.08029      4.91170    0.0431680
      3.08172      4.90694    0.0543447
      3.08314      4.77657    0.0481327
      3.08456      4.75518    0.0398953
      3.08599      4.71743    0.0376150
      3.08741      4.96208    0.0366232
      3.08884      4.98897    0.0367207
      3.09026      4.88329    0.0399188
      3.09168      4.87127    0.0412988
      3.09311      4.86204    0.0520944
      3.09453      4.86252    0.0614182
      3.09596      4.76641    0.0593107
      3.09738      4.93014    0.0475253
      3.09881      4.98737    0.0350849
      3.10023      4.94871    0.0293533
      3.10166      5.01859    0.0290952
      3.10308      5.03782    0.0391388
      3.10451      5.01439    0.0586340
      3.10594      4.97810    0.0646467
      3.10736      5.03945    0.0554638
      3.10879      4.81543    0.0544125
      3.11021      4.86172    0.0566359
      3.11164      4.90404    0.0519704
      3.11307      4.93421    0.0449826
      3.11450      4.86350    0.0402841
      3.11592      5.01070    0.0328105
      3.11735      5.00882    0.0244911
      3.11878      4.97156    0.0205709
      3.12020      4.97751    0.0197409
      3.12163      5.01543    0.0211560
      3.12306      5.09202    0.0255679
      3.12449      5.08571    0.0366219
      3.12591      4.96901    0.0624381
      3.12734      5.21413    0.0590178
      3.12877      5.28754    0.0347286
      3.13020      5.11992    0.0241004
      3.13163      5.00378    0.0202575
      3.13306      5.00225    0.0193228
      3.13448      5.05557    0.0189011
      3.13591      5.07042    0.0198149
      3.13734      5.08761    0.0233779
      3.13877      5.04183    0.0294179
      3.14020      4.96085    0.0333172
      3.14163      5.03089    0.0280252
      3.14306      5.06127    0.0275038
      3.14449      5.05682    0.0322097
      3.14592      5.01036    0.0401016
      3.14735      5.08191    0.0353018
      3.14878      5.16026    0.0263255
      3.15021      5.20544    0.0221922
      3.15164      5.21206    0.0209983
      3.15307      5.21457    0.0220006
      3.15450      5.14985    0.0248765
      3.15593      5.12561    0.0266757
      3.15736      5.07476    0.0245821
      3.15879      5.08585    0.0218390
      3.16022      5.14616    0.0196254
      3.16165      5.18654    0.0180158
      3.16308      5.19934    0.0168944
      3.16451      5.18343    0.0167986
      3.16594      5.17880    0.0171168
      3.16738      5.20868    0.0173648
      3.16881      5.20413    0.0173978
      3.17024      5.20429    0.0181763
      3.17167      5.18815    0.0194624
      3.17310      5.16591    0.0207040
      3.17453      5.20984    0.0198832
      3.17597      5.24235    0.0185838
      3.17740      5.27453    0.0176509
      3.17883      5.27981    0.0177534
      3.18026      5.31463    0.0190740
      3.18169      5.26848    0.0211854
      3.18313      5.27500    0.0218897
      3.18456      5.27794    0.0205113
      3.18599      5.27805    0.0193667
      3.18742      5.30095    0.0194515
      3.18885      5.30859    0.0228805
      3.19029      5.27812    0.0314759
      3.19172      5.32242    0.0440627
      3.19315      5.37508    0.0383784
      3.19459      5.43097    0.0310058
      3.19602      5.50204    0.0317559
      3.19745      5.39318    0.0456936
      3.19888      5.32953    0.0738177
      3.20032      5.47419    0.0788103
      3.20175      5.62486    0.0724506
      3.20318      5.43857    0.0778014
      3.20462      5.42624    0.0783387
      3.20605      5.33277    0.0894394
      3.20748      5.26514     0.145269
      3.20892      4.79525     0.182046
      3.21035      5.09531     0.190617
      3.21179      5.52609     0.123674
      3.21322      5.60230    0.0841473
      3.21465      5.45977    0.0668161
      3.21609      5.36800    0.0615598
      3.21752      5.44245    0.0521058
      3.21896      5.46193    0.0464008
      3.22039      5.50125    0.0472358
      3.22182      5.51765    0.0685402
      3.22326      5.27560     0.149715
      3.22469      5.56637     0.170849
      3.22613      5.92759    0.0975426
      3.22756      5.86661    0.0716997
      3.22899      5.62215    0.0729633
      3.23043      5.58517    0.0870643
      3.23186      5.61817    0.0524995
      3.23330      5.57076    0.0297987
      3.23473      5.51479    0.0220587
      3.23617      5.48311    0.0204168
      3.23760      5.43814    0.0223852
      3.23904      5.49499    0.0267706
      3.24047      5.55751    0.0312378
      3.24191      5.69660    0.0327979
      3.24334      5.77164    0.0366609
      3.24478      5.50597    0.0608113
      3.24621      5.21673     0.112794
      3.24765      5.30565     0.114148
      3.24908      5.53426    0.0644745
      3.25052      5.61207    0.0350739
      3.25195      5.56228    0.0231696
      3.25339      5.52001    0.0190149
      3.25482      5.48355    0.0179502
      3.25626      5.50924    0.0184094
      3.25769      5.55341    0.0212172
      3.25913      5.65092    0.0290024
      3.26056      5.61112    0.0517347
      3.26200      5.74614    0.0912021
      3.26343      5.69175    0.0624395
      3.26487      5.53533    0.0396960
      3.26630      5.51065    0.0321897
      3.26774      5.50733    0.0334449
      3.26917      5.49925    0.0430711
      3.27061      5.56199    0.0531555
      3.27204      5.70913    0.0500941
      3.27348      5.69739    0.0326947
      3.27492      5.62288    0.0235500
      3.27635      5.60630    0.0214697
      3.27779      5.55643    0.0235482
      3.27922      5.50208    0.0285581
      3.28066      5.56702    0.0300006
      3.28209      5.67794    0.0232770
      3.28353      5.63029    0.0186580
      3.28497      5.58088    0.0169999
      3.28640      5.56760    0.0164279
      3.28784      5.58915    0.0163377
      3.28927      5.61659    0.0169814
      3.29071      5.66493    0.0186010
      3.29214      5.65698    0.0223167
      3.29358      5.75468    0.0290197
      3.29502      5.70406    0.0434700
      3.29645      5.65296    0.0728151
      3.29789      5.57033    0.0898254
      3.29932      5.69621    0.0808949
      3.30076      5.80999    0.0522024
      3.30219      5.69247    0.0345027
      3.30363      5.61423    0.0296481
      3.30507      5.58339    0.0286240
      3.30650      5.56740    0.0290606
      3.30794      5.62504    0.0273906
      3.30937      5.64078    0.0281129
      3.31081      5.71325    0.0307574
      3.31225      5.96409    0.0355785
      3.31368      6.26854    0.0617897
      3.31512      6.48070     0.216502
      3.31655      7.23806     0.559937
      3.31799      5.85008     0.466140
      3.31943      5.43990     0.308804
      3.32086      5.53176     0.166996
      3.32230      5.62494    0.0801570
      3.32373      5.75423    0.0450010
      3.32517      5.69850    0.0325612
      3.32660      5.59693    0.0304611
      3.32804      5.55867    0.0320553
      3.32948      5.71169    0.0305664
      3.33091      5.80620    0.0229403
      3.33235      5.77338    0.0190841
      3.33378      5.72430    0.0179929
      3.33522      5.73418    0.0180655
      3.33666      5.79713    0.0185087
      3.33809      5.82172    0.0205204
      3.33953      5.70780    0.0255042
      3.34096      5.69465    0.0301591
      3.34240      5.84349    0.0276746
      3.34384      5.87424    0.0260727
      3.34527      5.82274    0.0263994
      3.34671      5.73268    0.0292124
      3.34814      5.78184    0.0263001
      3.34958      5.82449    0.0217897
      3.35101      5.78915    0.0199552
      3.35245      5.79899    0.0207490
      3.35389      5.84684    0.0221443
      3.35532      5.78954    0.0257708
      3.35676      5.78800    0.0303957
      3.35819      5.84422    0.0294620
      3.35963      5.83091    0.0260270
      3.36106      5.81502    0.0241959
      3.36250      5.74021    0.0251367
      3.36394      5.79229    0.0241635
      3.36537      5.84280    0.0214915
      3.36681      5.88964    0.0210293
      3.36824      5.87033    0.0228711
      3.36968      5.80173    0.0257511
      3.37111      5.82319    0.0239696
      3.37255      5.83992    0.0209269
      3.37399      5.83321    0.0191506
      3.37542      5.86224    0.0184283
      3.37686      5.90930    0.0189760
      3.37829      5.95903    0.0206506
      3.37973      6.00826    0.0220276
      3.38116      5.95642    0.0245658
      3.38260      5.87398    0.0252765
      3.38403      5.79677    0.0231664
      3.38547      5.81304    0.0210756
      3.38690      5.87507    0.0189180
      3.38834      5.94554    0.0171509
      3.38977      5.96811    0.0173193
      3.39121      5.99797    0.0191091
      3.39265      5.95190    0.0212331
      3.39408      5.96221    0.0206994
      3.39552      5.97166    0.0183281
      3.39695      5.97244    0.0170369
      3.39839      6.01207    0.0164113
      3.39982      6.07113    0.0160002
      3.40126      6.10160    0.0165393
      3.40269      6.12110    0.0187047
      3.40413      6.07913    0.0226316
      3.40556      5.98197    0.0266426
      3.40700      5.95438    0.0262950
      3.40843      5.94253    0.0245971
      3.40987      5.90766    0.0230536
      3.41130      5.93084    0.0209134
      3.41274      6.03014    0.0194690
      3.41417      6.05352    0.0200644
      3.41561      6.09820    0.0210680
      3.41704      6.07312    0.0210830
      3.41848      6.06540    0.0191320
      3.41991      6.06863    0.0170498
      3.42134      6.04169    0.0162747
      3.42278      6.02974    0.0161269
      3.42421      6.02059    0.0162891
      3.42565      6.07220    0.0172512
      3.42708      6.06076    0.0191650
      3.42852      6.01565    0.0204486
      3.42995      6.01574    0.0196138
      3.43139      6.03134    0.0174243
      3.43282      6.00285    0.0163187
      3.43426      5.97471    0.0161315
      3.43569      5.97636    0.0160840
      3.43712      6.00523    0.0159824
      3.43856      6.02866    0.0165757
      3.43999      6.03469    0.0176337
      3.44143      6.00620    0.0182628
      3.44286      6.00799    0.0174748
      3.44430      6.00100    0.0163800
      3.44573      5.99719    0.0159800
      3.44716      5.98399    0.0159910
      3.44860      6.01859    0.0157792
      3.45003      6.04966    0.0157378
      3.45147      6.04919    0.0162287
      3.45290      6.02751    0.0171448
      3.45433      6.00884    0.0178595
      3.45577      5.99758    0.0175164
      3.45720      6.01527    0.0165176
      3.45863      6.02983    0.0156854
      3.46007      6.04789    0.0152650
      3.46150      6.06603    0.0152408
      3.46294      6.05272    0.0153998
      3.46437      6.02495    0.0158541
      3.46580      6.00149    0.0163990
      3.46724      5.99284    0.0164270
      3.46867      6.02755    0.0156600
      3.47010      6.05533    0.0150953
      3.47154      6.03670    0.0151313
      3.47297      6.02120    0.0154218
      3.47440      6.00229    0.0155851
      3.47584      6.01208    0.0156157
      3.47727      6.00492    0.0157041
      3.47870      5.99462    0.0158336
      3.48014      6.00797    0.0156785
      3.48157      6.02771    0.0153602
      3.48300      6.04031    0.0150804
      3.48444      6.04644    0.0150512
      3.48587      6.05738    0.0150994
      3.48730      6.03721    0.0153238
      3.48873      6.01124    0.0156179
      3.49017      6.01752    0.0158027
      3.49160      6.03120    0.0157355
      3.49303      6.05895    0.0154919
      3.49447      6.08566    0.0152053
      3.49590      6.09035    0.0149904
      3.49733      6.12341    0.0149351
      3.49876      6.14013    0.0149989
      3.50020      6.15609    0.0151143
      3.50163      6.15558    0.0152593
      3.50306      6.14010    0.0152658
      3.50449      6.13062    0.0152425
      3.50593      6.15010    0.0150376
      3.50736      6.18376    0.0148923
      3.50879      6.18950    0.0149271
      3.51022      6.19705    0.0149858
      3.51166      6.20059    0.0150245
      3.51309      6.18169    0.0150815
      3.51452      6.15583    0.0150426
      3.51595      6.16981    0.0150222
      3.51739      6.18884    0.0149137
      3.51882      6.18986    0.0148482
      3.52025      6.19555    0.0148255
      3.52168      6.22664    0.0148579
      3.52311      6.25086    0.0148741
      3.52455      6.24874    0.0149404
      3.52598      6.23784    0.0150513
      3.52741      6.21953    0.0151520
      3.52884      6.18942    0.0152000
      3.53027      6.18358    0.0151480
      3.53171      6.21251    0.0151829
      3.53314      6.22474    0.0155254
      3.53457      6.21518    0.0159253
      3.53600      6.20363    0.0161304
      3.53743      6.20932    0.0163286
      3.53886      6.22283    0.0164616
      3.54030      6.20494    0.0165953
      3.54173      6.15822    0.0168106
      3.54316      6.15747    0.0165964
      3.54459      6.16453    0.0163159
      3.54602      6.16643    0.0161405
      3.54745      6.18704    0.0159765
      3.54888      6.20661    0.0158765
      3.55031      6.22979    0.0157429
      3.55175      6.20576    0.0158506
      3.55318      6.17445    0.0160730
      3.55461      6.16273    0.0162431
      3.55604      6.16504    0.0161905
      3.55747      6.19470    0.0158730
      3.55890      6.20822    0.0157069
      3.56033      6.21365    0.0155828
      3.56176      6.23935    0.0153902
      3.56319      6.26600    0.0151706
      3.56463      6.27690    0.0153308
      3.56606      6.25935    0.0157532
      3.56749      6.24220    0.0162395
      3.56892      6.23403    0.0165256
      3.57035      6.26055    0.0165478
      3.57178      6.26652    0.0165152
      3.57321      6.24558    0.0167099
      3.57464      6.21853    0.0169898
      3.57607      6.20690    0.0168120
      3.57750      6.25786    0.0161745
      3.57893      6.32771    0.0157777
      3.58036      6.34408    0.0158758
      3.58179      6.33532    0.0162325
      3.58322      6.29249    0.0164537
      3.58465      6.27886    0.0164330
      3.58608      6.26197    0.0164709
      3.58751      6.25901    0.0165225
      3.58895      6.28995    0.0163715
      3.59038      6.29434    0.0163340
      3.59181      6.29653    0.0163413
      3.59324      6.30648    0.0163264
      3.59467      6.29349    0.0161374
      3.59610      6.30146    0.0158716
      3.59753      6.31704    0.0158280
      3.59896      6.30896    0.0158928
      3.60039      6.32622    0.0157151
      3.60182      6.35574    0.0155942
      3.60325      6.37380    0.0153899
      3.60468      6.39232    0.0155678
      3.60611      6.37337    0.0160267
      3.60754      6.33103    0.0163354
      3.60897      6.33168    0.0162401
      3.61040      6.34505    0.0159952
      3.61183      6.30854    0.0159965
      3.61326      6.30574    0.0161571
      3.61469      6.32858    0.0160796
      3.61612      6.36329    0.0158426
      3.61755      6.37837    0.0156297
      3.61897      6.37978    0.0155078
      3.62040      6.41666    0.0152219
      3.62183      6.44704    0.0151383
      3.62326      6.47098    0.0151923
      3.62469      6.46040    0.0154614
      3.62612      6.41386    0.0157808
      3.62755      6.38870    0.0158084
      3.62898      6.42634    0.0157533
      3.63041      6.44097    0.0156497
      3.63184      6.44892    0.0158011
      3.63327      6.43826    0.0160516
      3.63470      6.44789    0.0158863
      3.63613      6.46484    0.0156897
      3.63756      6.51615    0.0154511
      3.63899      6.56276    0.0153467
      3.64042      6.57876    0.0153485
      3.64185      6.58011    0.0153415
      3.64328      6.56603    0.0153135
      3.64471      6.54127    0.0154631
      3.64614      6.51304    0.0156994
      3.64756      6.51394    0.0158807
      3.64899      6.49578    0.0157745
      3.65042      6.47834    0.0156275
      3.65185      6.46707    0.0156369
      3.65328      6.44408    0.0155735
      3.65471      6.46670    0.0153489
      3.65614      6.51024    0.0152481
      3.65757      6.54139    0.0151933
      3.65900      6.55526    0.0153100
      3.66043      6.54426    0.0154217
      3.66186      6.52229    0.0154435
      3.66329      6.52490    0.0154220
      3.66472      6.56781    0.0155971
      3.66614      6.57688    0.0160278
      3.66757      6.54566    0.0166052
      3.66900      6.52401    0.0170885
      3.67043      6.52241    0.0174829
      3.67186      6.49539    0.0182884
      3.67329      6.42213    0.0195682
      3.67472      6.38779    0.0200190
      3.67615      6.42016    0.0197198
      3.67758      6.50663    0.0190203
      3.67901      6.54690    0.0183215
      3.68044      6.53787    0.0181638
      3.68186      6.53114    0.0179969
      3.68329      6.53657    0.0175740
      3.68472      6.52844    0.0170856
      3.68615      6.52210    0.0166549
      3.68758      6.50947    0.0165671
      3.68901      6.50074    0.0164909
      3.69044      6.50576    0.0162460
      3.69187      6.51771    0.0160522
      3.69330      6.53504    0.0160127
      3.69473      6.55763    0.0158403
      3.69616      6.60794    0.0157323
      3.69758      6.65949    0.0156881
      3.69901      6.66837    0.0156590
      3.70044      6.64421    0.0155375
      3.70187      6.63547    0.0154292
      3.70330      6.63663    0.0153783
      3.70473      6.65695    0.0155125
      3.70616      6.64789    0.0156636
      3.70759      6.61907    0.0159514
      3.70902      6.59455    0.0161869
      3.71045      6.58177    0.0164337
      3.71188      6.59660    0.0164798
      3.71330      6.62057    0.0164435
      3.71473      6.61697    0.0164376
      3.71616      6.61065    0.0163971
      3.71759      6.61556    0.0162810
      3.71902      6.63691    0.0162371
      3.72045      6.66908    0.0160106
      3.72188      6.66538    0.0158908
      3.72331      6.65724    0.0158608
      3.72474      6.66618    0.0159193
      3.72617      6.66239    0.0159610
      3.72760      6.65516    0.0161999
      3.72903      6.64748    0.0164006
      3.73046      6.64779    0.0165994
      3.73189      6.65472    0.0166871
      3.73331      6.66721    0.0168709
      3.73474      6.66782    0.0171935
      3.73617      6.69378    0.0173465
      3.73760      6.75150    0.0171012
      3.73903      6.79430    0.0171124
      3.74046      6.80898    0.0171474
      3.74189      6.76500    0.0170887
      3.74332      6.73250    0.0168101
      3.74475      6.73925    0.0165413
      3.74618      6.73595    0.0164283
      3.74761      6.71733    0.0165833
      3.74904      6.69980    0.0168177
      3.75047      6.67648    0.0170416
      3.75190      6.66975    0.0170010
      3.75333      6.67184    0.0169057
      3.75476      6.68797    0.0168543
      3.75619      6.70010    0.0170791
      3.75762      6.70541    0.0172347
      3.75905      6.68716    0.0174965
      3.76048      6.67271    0.0176210
      3.76191      6.71867    0.0177156
      3.76334      6.73085    0.0178216
      3.76477      6.69811    0.0178989
      3.76620      6.68071    0.0176957
      3.76763      6.71533    0.0175827
      3.76906      6.76058    0.0175507
      3.77049      6.75238    0.0177884
      3.77192      6.73554    0.0179726
      3.77335      6.72228    0.0178750
      3.77478      6.68548    0.0176386
      3.77621      6.71374    0.0173689
      3.77764      6.74836    0.0171144
      3.77907      6.78180    0.0173101
      3.78050      6.78654    0.0175967
      3.78193      6.73467    0.0177516
      3.78336      6.71922    0.0176354
      3.78480      6.73890    0.0175487
      3.78623      6.78277    0.0174919
      3.78766      6.78542    0.0178244
      3.78909      6.73551    0.0183342
      3.79052      6.68131    0.0187832
      3.79195      6.66722    0.0184530
      3.79338      6.70418    0.0179341
      3.79481      6.71545    0.0176008
      3.79624      6.73657    0.0175056
      3.79767      6.77103    0.0174169
      3.79911      6.79365    0.0174902
      3.80054      6.78296    0.0174272
      3.80197      6.75973    0.0173831
      3.80340      6.75583    0.0173228
      3.80483      6.77673    0.0173741
      3.80626      6.80275    0.0172971
      3.80770      6.80099    0.0174407
      3.80913      6.78650    0.0178358
      3.81056      6.78698    0.0184001
      3.81199      6.73823    0.0186567
      3.81342      6.70710    0.0187106
      3.81486      6.71851    0.0183858
      3.81629      6.76065    0.0179438
      3.81772      6.77046    0.0177124
      3.81915      6.79133    0.0177290
      3.82058      6.80710    0.0176558
      3.82202      6.81455    0.0176010
      3.82345      6.83118    0.0175594
      3.82488      6.81588    0.0175747
      3.82631      6.80646    0.0174830
      3.82775      6.78142    0.0173930
      3.82918      6.81035    0.0172846
      3.83061      6.84660    0.0174248
      3.83205      6.83374    0.0178931
      3.83348      6.77731    0.0184290
      3.83491      6.73302    0.0186625
      3.83635      6.72506    0.0184949
      3.83778      6.74321    0.0180422
      3.83921      6.77628    0.0178352
      3.84065      6.81389    0.0178737
      3.84208      6.82695    0.0182529
      3.84351      6.81996    0.0185492
      3.84495      6.79555    0.0186587
      3.84638      6.77900    0.0184653
      3.84782      6.77938    0.0181760
      3.84925      6.79756    0.0180762
      3.85068      6.82344    0.0180987
      3.85212      6.81691    0.0181566
      3.85355      6.81467    0.0183955
      3.85499      6.82534    0.0186369
      3.85642      6.80297    0.0188578
      3.85786      6.80193    0.0189155
      3.85929      6.82160    0.0191469
      3.86073      6.84434    0.0192876
      3.86216      6.88086    0.0194553
      3.86360      6.95546    0.0196886
      3.86503      7.04434    0.0201616
      3.86647      7.09066    0.0205953
      3.86790      7.08033    0.0208745
      3.86934      6.98627    0.0208660
      3.87078      6.96156    0.0210967
      3.87221      6.97455    0.0213403
      3.87365      6.94289    0.0216137
      3.87509      6.92152    0.0217019
      3.87652      6.90286    0.0219312
      3.87796      6.93340    0.0221357
      3.87939      6.91519    0.0223154
      3.88083      6.94458    0.0223168
      3.88227      6.94202    0.0224496
      3.88371      6.93925    0.0224537
      3.88514      6.92884    0.0224961
      3.88658      6.98738    0.0225309
      3.88802      7.02299    0.0226466
      3.88945      7.00238    0.0225986
      3.89089      6.95539    0.0225186
      3.89233      6.97038    0.0222592
      3.89377      7.00483    0.0221221
      3.89521      7.04561    0.0219964
      3.89664      7.02622    0.0218540
      3.89808      7.03356    0.0216636
      3.89952      7.03054    0.0218897
      3.90096      7.03375    0.0216717
      3.90240      7.02273    0.0215230
      3.90384      7.02464    0.0214707
      3.90528      7.01660    0.0216772
      3.90672      7.02817    0.0215236
      3.90816      7.01503    0.0218298
      3.90960      7.01397    0.0222343
      3.91103      6.99402    0.0224108
      3.91247      6.94866    0.0218768
      3.91391      6.93661    0.0219297
      3.91535      6.91488    0.0217188
      3.91680      6.86437    0.0218590
      3.91824      6.85070    0.0222895
      3.91968      6.85470    0.0219979
      3.92112      6.88978    0.0219938
      3.92256      6.82967    0.0227406
      3.92400      6.84310    0.0222236
      3.92544      6.81852    0.0222608
      3.92688      6.81587    0.0220730
      3.92832      6.83898    0.0220128
      3.92977      6.85690    0.0219434
      3.93121      6.84120    0.0218414
      3.93265      6.85739    0.0216647
      3.93409      6.86778    0.0216509
      3.93554      6.88560    0.0215090
      3.93698      6.84358    0.0215330
      3.93842      6.83611    0.0213241
      3.93986      6.83778    0.0212862
      3.94131      6.82940    0.0212183
      3.94275      6.83487    0.0211910
      3.94420      6.83967    0.0209968
      3.94564      6.84437    0.0209746
      3.94708      6.83107    0.0208507
      3.94853      6.82156    0.0208803
      3.94997      6.85484    0.0207425
      3.95142      6.85551    0.0207996
      3.95286      6.84915    0.0207844
      3.95431      6.83490    0.0208100
      3.95575      6.83814    0.0206100
      3.95720      6.82824    0.0206516
      3.95864      6.82469    0.0205298
      3.96009      6.84080    0.0206025
      3.96154      6.85839    0.0204471
      3.96298      6.83537    0.0205302
      3.96443      6.85521    0.0205224
      3.96588      6.84301    0.0206246
      3.96732      6.86620    0.0205975
      3.96877      6.90054    0.0207221
      3.97022      6.91251    0.0207951
      3.97166      6.89746    0.0209148
      3.97311      6.90819    0.0209420
      3.97456      6.90096    0.0210229
      3.97601      6.88375    0.0210881
      3.97746      6.88649    0.0212656
      3.97891      6.92887    0.0212570
      3.98036      6.97098    0.0214272
      3.98180      7.02106    0.0215813
      3.98325      7.07450    0.0207125
      3.98470      6.97979    0.0204758
      3.98615      7.00847    0.0221203
      3.98760      7.02842    0.0217064
      3.98905      7.00565    0.0218293
      3.99050      6.98420    0.0217162
      3.99196      6.95321    0.0217739
      3.99341      6.94778    0.0217958
      3.99486      6.95513    0.0219181
      3.99631      6.95503    0.0218261
      3.99776      6.99019    0.0220651
      3.99921      6.99542    0.0221269
      4.00067      6.97917    0.0222679
      4.00212      6.96844    0.0222499
      4.00357      6.93089    0.0223190
      4.00502      6.90750    0.0224795
      4.00648      6.90748    0.0226054
      4.00793      6.92370    0.0227707
      4.00939      6.90079    0.0230722
      4.01084      6.86695    0.0233768
      4.01229      6.84875    0.0231173
      4.01375      6.87651    0.0229474
      4.01520      6.88964    0.0231866
      4.01666      6.92272    0.0234024
      4.01811      6.91422    0.0235384
      4.01957      6.87784    0.0236040
      4.02103      6.83195    0.0237244
      4.02248      6.84044    0.0237851
      4.02394      6.81759    0.0238941
      4.02540      6.79472    0.0239521
      4.02685      6.78202    0.0241764
      4.02831      6.76325    0.0242427
      4.02977      6.75285    0.0244180
      4.03123      6.78097    0.0250621
      4.03269      6.75326    0.0253176
      4.03414      6.75369    0.0250353
      4.03560      6.75243    0.0251859
      4.03706      6.75803    0.0254015
      4.03852      6.69964    0.0255955
      4.03998      6.69222    0.0261975
      4.04144      6.67948    0.0263090
      4.04290      6.70050    0.0265773
      4.04436      6.72926    0.0269439
      4.04582      6.73989    0.0265804
      4.04729      6.72011    0.0266410
      4.04875      6.74737    0.0265222
      4.05021      6.80594    0.0267264
      4.05167      6.89686    0.0269828
      4.05313      7.00843    0.0274537
      4.05460      7.06841    0.0281417
      4.05606      6.98798    0.0275548
      4.05752      6.88722    0.0274252
      4.05899      6.81064    0.0273428
      4.06045      6.79458    0.0272321
      4.06192      6.76132    0.0273811
      4.06338      6.73225    0.0273957
      4.06485      6.75709    0.0275760
      4.06631      6.76060    0.0277590
      4.06778      6.72952    0.0281833
      4.06924      6.75372    0.0283095
      4.07071      6.71975    0.0286746
      4.07218      6.74993    0.0287680
      4.07364      6.74589    0.0290419
      4.07511      6.70070    0.0293894
      4.07658      6.63959    0.0296677
      4.07805      6.65588    0.0296724
      4.07952      6.64598    0.0300348
      4.08099      6.65146    0.0304466
      4.08246      6.67124    0.0307811
      4.08392      6.59347    0.0316004
      4.08539      6.61819    0.0310784
      4.08687      6.64842    0.0313995
      4.08834      6.62769    0.0316325
      4.08981      6.62094    0.0316768
      4.09128      6.60668    0.0319713
      4.09275      6.58745    0.0328918
      4.09422      6.56544    0.0323860
      4.09570      6.60852    0.0324779
      4.09717      6.60160    0.0333992
      4.09864      6.53960    0.0337290
      4.10012      6.51995    0.0336778
      4.10159      6.48726    0.0335151
      4.10306      6.49450    0.0339515
      4.10454      6.46140    0.0340207
      4.10601      6.47622    0.0344441
      4.10749      6.47030    0.0342275
      4.10897      6.47279    0.0345593
      4.11044      6.47641    0.0347999
      4.11192      6.45724    0.0348630
      4.11340      6.49309    0.0350849
      4.11487      6.49140    0.0354234
      4.11635      6.49100    0.0356750
      4.11783      6.44749    0.0357863
      4.11931      6.41518    0.0360273
      4.12079      6.37651    0.0360764
      4.12227      6.37804    0.0362407
      4.12375      6.34483    0.0365670
      4.12523      6.41397    0.0366000
      4.12671      6.38616    0.0370121
      4.12819      6.41032    0.0371066
      4.12967      6.39046    0.0375687
      4.13116      6.36564    0.0377998
      4.13264      6.36339    0.0380231
      4.13412      6.33508    0.0382167
      4.13560      6.30858    0.0385613
      4.13709      6.36394    0.0391281
      4.13857      6.31706    0.0394694
      4.14006      6.33888    0.0396681
      4.14154      6.32115    0.0399664
      4.14303      6.28678    0.0401206
      4.14451      6.29736    0.0406629
      4.14600      6.30523    0.0413935
      4.14749      6.29984    0.0419480
      4.14898      6.28902    0.0419465
      4.15046      6.29844    0.0427422
      4.15195      6.30518    0.0432682
      4.15344      6.23189    0.0436841
      4.15493      6.15341    0.0441344
      4.15642      6.18890    0.0449819
      4.15791      6.23736    0.0460908
      4.15940      6.15463    0.0462968
      4.16089      6.15440    0.0470279
      4.16238      6.11468    0.0481725
      4.16388      6.09442    0.0493025
      4.16537      6.04747    0.0504270
      4.16686      6.02157    0.0516289
      4.16835      5.99153    0.0527722
      4.16985      6.03144    0.0546112
      4.17134      6.03933    0.0550509
      4.17284      6.10519    0.0573013
      4.17433      6.12907    0.0600545
      4.17583      6.09091    0.0611812
      4.17732      5.93628    0.0654038
      4.17882      5.94118    0.0703401
      4.18032      5.85892    0.0709754
      4.18182      5.76971    0.0754317
      4.18332      5.76885    0.0821805
      4.18481      5.78499    0.0922460
      4.18631      5.84389     0.107708
      4.18781      5.90970     0.128539
      4.18931      5.95416     0.170876
      4.19081      5.90783     0.241530
      4.19232      5.55985     0.382246
      4.19382      5.27217     0.644992
      4.19532      3.09566      1.26815
      4.19682      2.11587      2.84672
      4.19833      1.21111      6.78036
      4.19983      3.42767      15.3341
      4.20134     -25.9399      182.923
      4.20284      1.85974      6419.41
      4.20435     -9.09159      21.4138
      4.20585     -33.1789      36.6252
      4.20736     -1.22054      30.2081
      4.20887     -2.46297      22.4588
      4.21037     -36.7782      37.8471
      4.21188     -9.69118      41.7637
      4.21339      251.350      571.007
      4.21490      22.2777      321.968
      4.21641      15.4423      840.460
      4.21792      21.0467      122.191
      4.21943     -56.5190      221.332
      4.22094      2164.67      10068.0
      4.22246      809.223      1717.09
      4.22397      4.14869      16.4630
      4.22548     -242.615      294.267
      4.22700     -109.102      1215.25
      4.22851     -10.7980      65.5150
      4.23002      8.52065      56.0540
      4.23154     -2037.58      413.053
      4.23306     -781.509      166.474
      4.23457     -13.1272      33.8239
      4.23609      786.970      117.237
      4.23761      288.497      32.9007
      4.23913      1.20552      39.3114
      4.24065     -29.2472      99.9041
      4.24217     -180.307      2412.24
      4.24369     -93.1680      36.8239
      4.24521      46.4741      621.509
      4.24673      20.2098      37.5224
      4.24825      6.17371      45.1505
      4.24977      4.95180      20.8146
      4.25130     0.751899      17.6584
      4.25282      4.74142      24.7365
      4.25435      3.27005      29.8505
      4.25587     -7.08979      21.0432
      4.25740     -19.3002      45.4371
      4.25892     -31.0154      9272.88
      4.26045     -50.0532      60.7202
      4.26198     -25.9206      58.2145
      4.26351      9.82691      39.4221
      4.26503      6.51605      17.1023
      4.26656     -11.4776      41.5629
      4.26809     0.893036      61.7583
      4.26963      24.3781      104.316
      4.27116      8.57475      83.3901
      4.27269      9.00164      4.44745
      4.27422     -24.5149      124.391
      4.27575      5.19102      33.3040
      4.27729      9.97860      76.7317
      4.27882     -11.4512      46.7824
      4.28036     -14.8984      20.5962
      4.28190      37.5420      133.614
      4.28343      69.9540      738.556
      4.28497      20.6319      69.3375
      4.28651     -18.0307      32.8723
      4.28805     -67.4261      565.794
      4.28959     -96.6949      85.7061
      4.29113     -17.1354      38.7327
      4.29267      0.00000      18.7317
