SOURCE  = IRAS08211_4158                / Source name
STANDARD= BS 3185                       / Standard name
OBSDATE = 14-01-2001                    / Date of observation
SPOS    = 08:22:51.3 -42:08:14.8        / Source position RA,DEC,J2000
STPOS   = 08:07:32.5 -24:18:37.8        / Standard position RA,DEC,J2000
STSPT   = F6II                          / Standard spectral type
STTEFF  = 6640                          / Standard effective temperature [K]
STMAG   = 1.91                          / Standard magnitude (adopted)
WAVEZP  = 3.45                          / Wavelength zero point [micron]
FLUXZP  = 290                           / Flux zero point [Jy]
SAIRM   = 1.11                          / Source mean airmass
STAIRM  = 1.03                          / Standard mean airmass
AIRMCORR= 1.07                          / Optimal (adopted) airmass correction
SPECRES = ~600                          / Spectral resolution

Created by E. Dartois and K. Pontoppidan (c)

Wavelength [micron] Flux [Jy] Statistical Error [Jy]

      2.82026      0.00000     0.959092
      2.82163    -0.742064     0.765923
      2.82300     0.483400     0.397960
      2.82437     0.597268     0.269793
      2.82574     0.754656     0.212958
      2.82712     0.775855     0.153194
      2.82849     0.758804     0.120174
      2.82987     0.803708     0.108907
      2.83124     0.870612     0.117424
      2.83262     0.790143     0.198624
      2.83399     0.776285     0.630613
      2.83537      1.94006      2.08072
      2.83674     0.988535      1.72713
      2.83812    -0.180749     0.685342
      2.83950     0.194134     0.327140
      2.84088     0.691447     0.139850
      2.84226     0.849759    0.0871783
      2.84364     0.786550    0.0735178
      2.84501     0.828965    0.0730388
      2.84639     0.929084     0.108212
      2.84778     0.903701     0.222503
      2.84916     0.706069     0.252054
      2.85054     0.666795     0.212715
      2.85192     0.811809     0.215082
      2.85330     0.932635     0.324733
      2.85468     0.900159     0.288123
      2.85607     0.853501     0.161446
      2.85745     0.765192     0.121960
      2.85884     0.679736    0.0991883
      2.86022     0.748433    0.0795407
      2.86161     0.818629    0.0630856
      2.86299     0.846477    0.0533130
      2.86438     0.858966    0.0551602
      2.86576     0.904317    0.0669759
      2.86715     0.910185    0.0879770
      2.86854     0.944229     0.116104
      2.86993     0.842955     0.123608
      2.87131     0.822712    0.0943258
      2.87270     0.909393    0.0603453
      2.87409     0.906839    0.0470295
      2.87548     0.865644    0.0420946
      2.87687     0.862967    0.0444409
      2.87826     0.877880    0.0474643
      2.87965     0.875059    0.0434181
      2.88104     0.858605    0.0424585
      2.88243     0.863309    0.0450793
      2.88383     0.883226    0.0476701
      2.88522     0.873010    0.0510113
      2.88661     0.876180    0.0517407
      2.88800     0.885733    0.0558296
      2.88940     0.857691    0.0517661
      2.89079     0.836661    0.0420823
      2.89218     0.845792    0.0361751
      2.89358     0.849993    0.0313623
      2.89497     0.846935    0.0276744
      2.89637     0.848010    0.0283802
      2.89777     0.859594    0.0333954
      2.89916     0.874361    0.0469349
      2.90056     0.891285    0.0727448
      2.90196     0.841435    0.0811001
      2.90335     0.744382    0.0687364
      2.90475     0.751150    0.0629642
      2.90615     0.788524    0.0517097
      2.90755     0.821460    0.0397586
      2.90895     0.852652    0.0330244
      2.91035     0.848623    0.0302946
      2.91174     0.842745    0.0311204
      2.91314     0.843686    0.0345356
      2.91454     0.818451    0.0351235
      2.91595     0.807188    0.0308247
      2.91735     0.827897    0.0297876
      2.91875     0.839648    0.0307473
      2.92015     0.847157    0.0365980
      2.92155     0.869339    0.0553231
      2.92295     0.822731    0.0573040
      2.92436     0.800290    0.0384600
      2.92576     0.821823    0.0295589
      2.92716     0.815606    0.0262340
      2.92857     0.822048    0.0254567
      2.92997     0.826604    0.0254649
      2.93137     0.822387    0.0242856
      2.93278     0.835051    0.0242229
      2.93418     0.857582    0.0252496
      2.93559     0.844162    0.0264859
      2.93700     0.827179    0.0297461
      2.93840     0.848564    0.0340428
      2.93981     0.852704    0.0345868
      2.94121     0.839300    0.0334440
      2.94262     0.836501    0.0347654
      2.94403     0.831458    0.0365563
      2.94544     0.815252    0.0337644
      2.94684     0.819415    0.0324534
      2.94825     0.832031    0.0290430
      2.94966     0.826006    0.0253906
      2.95107     0.824356    0.0267584
      2.95248     0.831234    0.0319266
      2.95389     0.842483    0.0359779
      2.95530     0.834853    0.0315338
      2.95671     0.819015    0.0267844
      2.95812     0.813432    0.0256078
      2.95953     0.807661    0.0258708
      2.96094     0.808153    0.0246653
      2.96235     0.820156    0.0235836
      2.96376     0.838848    0.0233625
      2.96517     0.847098    0.0242887
      2.96659     0.852514    0.0295143
      2.96800     0.838655    0.0412008
      2.96941     0.881291    0.0588761
      2.97082     0.896669    0.0691149
      2.97224     0.822013    0.0608207
      2.97365     0.797105    0.0475116
      2.97506     0.832984    0.0394261
      2.97648     0.846929    0.0361221
      2.97789     0.817373    0.0342213
      2.97931     0.807842    0.0352292
      2.98072     0.810161    0.0306254
      2.98213     0.820591    0.0256369
      2.98355     0.820253    0.0231095
      2.98497     0.826057    0.0219555
      2.98638     0.837200    0.0210864
      2.98780     0.842131    0.0206664
      2.98921     0.846150    0.0206824
      2.99063     0.841304    0.0214021
      2.99205     0.850999    0.0231989
      2.99346     0.856698    0.0246809
      2.99488     0.839083    0.0259674
      2.99630     0.826903    0.0272333
      2.99772     0.834379    0.0260904
      2.99913     0.855015    0.0229277
      3.00055     0.858562    0.0209631
      3.00197     0.855718    0.0216880
      3.00339     0.865768    0.0251112
      3.00481     0.863193    0.0299316
      3.00623     0.853581    0.0324354
      3.00765     0.842890    0.0276440
      3.00906     0.852700    0.0240017
      3.01048     0.833570    0.0216318
      3.01190     0.839654    0.0213809
      3.01332     0.855361    0.0221050
      3.01474     0.871760    0.0236184
      3.01617     0.871535    0.0251339
      3.01759     0.869734    0.0302732
      3.01901     0.851538    0.0369509
      3.02043     0.838070    0.0346753
      3.02185     0.857316    0.0292214
      3.02327     0.869781    0.0244014
      3.02469     0.873365    0.0213035
      3.02612     0.876842    0.0205979
      3.02754     0.889684    0.0216199
      3.02896     0.890757    0.0227354
      3.03038     0.887811    0.0249700
      3.03181     0.902971    0.0273510
      3.03323     0.924118    0.0304184
      3.03465     0.928313    0.0310530
      3.03607     0.940211    0.0356227
      3.03750     0.969554    0.0404909
      3.03892     0.993824    0.0335586
      3.04035     0.970341    0.0277201
      3.04177     0.952650    0.0257911
      3.04319     0.932253    0.0245441
      3.04462     0.915919    0.0260289
      3.04604     0.906651    0.0289038
      3.04747     0.906054    0.0292299
      3.04889     0.921303    0.0335041
      3.05032     0.910901    0.0386221
      3.05174     0.898007    0.0443320
      3.05317     0.866889    0.0515179
      3.05459     0.840638    0.0446874
      3.05602     0.854745    0.0318358
      3.05745     0.887306    0.0252006
      3.05887     0.904521    0.0225276
      3.06030     0.886962    0.0227617
      3.06173     0.883226    0.0256312
      3.06315     0.890484    0.0274726
      3.06458     0.897822    0.0264844
      3.06601     0.907583    0.0255784
      3.06743     0.911144    0.0273007
      3.06886     0.906982    0.0285339
      3.07029     0.882501    0.0313284
      3.07171     0.873285    0.0300295
      3.07314     0.886261    0.0260633
      3.07457     0.904243    0.0223162
      3.07600     0.914894    0.0200414
      3.07743     0.924807    0.0206358
      3.07885     0.920104    0.0234446
      3.08028     0.910859    0.0283854
      3.08171     0.919809    0.0328164
      3.08314     0.909788    0.0317911
      3.08457     0.913662    0.0274755
      3.08600     0.928087    0.0266775
      3.08743     0.929150    0.0264262
      3.08886     0.937897    0.0258578
      3.09029     0.939747    0.0276726
      3.09171     0.926027    0.0279695
      3.09314     0.920959    0.0313203
      3.09457     0.938328    0.0348888
      3.09600     0.926726    0.0344253
      3.09743     0.917750    0.0310918
      3.09886     0.935025    0.0259277
      3.10029     0.957326    0.0235583
      3.10172     0.958918    0.0227682
      3.10315     0.944995    0.0265016
      3.10459     0.932135    0.0333737
      3.10602     0.965229    0.0370122
      3.10745     0.989529    0.0342485
      3.10888     0.948666    0.0323980
      3.11031     0.936091    0.0326303
      3.11174     0.975487    0.0323221
      3.11317     0.966798    0.0299570
      3.11460     0.937437    0.0271455
      3.11603     0.937075    0.0248816
      3.11746     0.963053    0.0211007
      3.11890     0.973590    0.0184655
      3.12033     0.974459    0.0175509
      3.12176     0.981318    0.0182601
      3.12319     0.977710    0.0204406
      3.12462     0.968544    0.0250258
      3.12606     0.957348    0.0342817
      3.12749     0.969369    0.0355597
      3.12892     0.993421    0.0268856
      3.13035     0.999454    0.0208980
      3.13178     0.994115    0.0181131
      3.13322     0.992216    0.0173645
      3.13465      1.00679    0.0171819
      3.13608      1.01286    0.0174248
      3.13752      1.00275    0.0191924
      3.13895      1.01346    0.0219899
      3.14038      1.03266    0.0245656
      3.14181      1.03766    0.0220952
      3.14325      1.03510    0.0213575
      3.14468      1.01300    0.0231459
      3.14611      1.00781    0.0261003
      3.14755      1.02989    0.0256998
      3.14898      1.04218    0.0213858
      3.15041      1.04657    0.0189709
      3.15185      1.05291    0.0181724
      3.15328      1.05067    0.0184700
      3.15471      1.04958    0.0198148
      3.15615      1.05598    0.0210981
      3.15758      1.05975    0.0202367
      3.15901      1.05786    0.0188018
      3.16045      1.05830    0.0175518
      3.16188      1.06569    0.0166456
      3.16332      1.07006    0.0158773
      3.16475      1.07323    0.0157191
      3.16618      1.07505    0.0158681
      3.16762      1.08057    0.0160213
      3.16905      1.08905    0.0160468
      3.17049      1.09043    0.0163875
      3.17192      1.08736    0.0170475
      3.17336      1.08602    0.0178454
      3.17479      1.09200    0.0175654
      3.17622      1.10600    0.0167629
      3.17766      1.11192    0.0162138
      3.17909      1.11511    0.0161173
      3.18053      1.11478    0.0167565
      3.18196      1.11445    0.0178165
      3.18340      1.11326    0.0185346
      3.18483      1.12408    0.0177678
      3.18627      1.13506    0.0171233
      3.18770      1.14239    0.0168983
      3.18914      1.13320    0.0184191
      3.19057      1.11025    0.0220265
      3.19201      1.11992    0.0270564
      3.19344      1.15827    0.0266436
      3.19488      1.18756    0.0229222
      3.19631      1.17094    0.0225150
      3.19775      1.15799    0.0270649
      3.19918      1.18057    0.0351194
      3.20062      1.19165    0.0390251
      3.20205      1.19994    0.0358852
      3.20349      1.22465    0.0374844
      3.20492      1.21821    0.0383495
      3.20636      1.23133    0.0393728
      3.20779      1.21950    0.0516209
      3.20923      1.19724    0.0615113
      3.21066      1.16495    0.0634890
      3.21210      1.17434    0.0523769
      3.21353      1.20834    0.0413836
      3.21497      1.21614    0.0350447
      3.21640      1.19573    0.0332721
      3.21784      1.22114    0.0303023
      3.21927      1.25986    0.0281523
      3.22071      1.24767    0.0283818
      3.22215      1.20877    0.0340478
      3.22358      1.16929    0.0525333
      3.22502      1.22112    0.0635972
      3.22645      1.28665    0.0457695
      3.22789      1.28652    0.0376723
      3.22932      1.21973    0.0363846
      3.23076      1.19213    0.0418328
      3.23219      1.23269    0.0331164
      3.23363      1.25714    0.0228250
      3.23506      1.25151    0.0183920
      3.23650      1.24906    0.0173007
      3.23794      1.23661    0.0180010
      3.23937      1.23013    0.0199331
      3.24081      1.27193    0.0222610
      3.24224      1.28969    0.0231977
      3.24368      1.26379    0.0240285
      3.24511      1.27004    0.0318020
      3.24655      1.25643    0.0434944
      3.24798      1.21097    0.0477985
      3.24942      1.22130    0.0365361
      3.25085      1.26237    0.0251606
      3.25229      1.28339    0.0191621
      3.25373      1.28013    0.0165123
      3.25516      1.27877    0.0158286
      3.25660      1.28809    0.0159321
      3.25803      1.28437    0.0171278
      3.25947      1.27682    0.0204139
      3.26090      1.26974    0.0282949
      3.26234      1.27043    0.0403061
      3.26377      1.29436    0.0339961
      3.26521      1.33316    0.0256229
      3.26664      1.33401    0.0220788
      3.26808      1.32509    0.0218132
      3.26952      1.32218    0.0254704
      3.27095      1.31101    0.0296131
      3.27239      1.32264    0.0303392
      3.27382      1.34958    0.0236371
      3.27526      1.35884    0.0187691
      3.27669      1.34980    0.0171788
      3.27813      1.31867    0.0179069
      3.27956      1.30390    0.0201437
      3.28100      1.34060    0.0216507
      3.28243      1.37653    0.0190651
      3.28387      1.37314    0.0161930
      3.28530      1.36512    0.0149399
      3.28674      1.36630    0.0146981
      3.28817      1.37256    0.0146614
      3.28961      1.38050    0.0150213
      3.29104      1.39509    0.0157969
      3.29248      1.40398    0.0175328
      3.29391      1.41275    0.0202697
      3.29535      1.45675    0.0250970
      3.29678      1.52534    0.0337113
      3.29822      1.53719    0.0407646
      3.29965      1.49891    0.0400397
      3.30109      1.48338    0.0309059
      3.30252      1.46147    0.0235126
      3.30396      1.41831    0.0207466
      3.30539      1.41326    0.0199877
      3.30683      1.42645    0.0205829
      3.30826      1.40788    0.0197216
      3.30969      1.42476    0.0196498
      3.31113      1.46379    0.0209624
      3.31256      1.45489    0.0231480
      3.31400      1.43447    0.0311051
      3.31543      1.43597    0.0679678
      3.31687      1.50893     0.164937
      3.31830      1.48632     0.143711
      3.31974      1.49039     0.101323
      3.32117      1.42471    0.0672666
      3.32260      1.41067    0.0394344
      3.32404      1.45681    0.0272724
      3.32547      1.46766    0.0220376
      3.32691      1.43502    0.0206340
      3.32834      1.40025    0.0212066
      3.32977      1.43147    0.0213601
      3.33121      1.46620    0.0182873
      3.33264      1.45561    0.0160279
      3.33408      1.45176    0.0152724
      3.33551      1.47175    0.0154027
      3.33694      1.48942    0.0157024
      3.33838      1.47157    0.0163096
      3.33981      1.45569    0.0183230
      3.34125      1.47244    0.0206215
      3.34268      1.50476    0.0199182
      3.34411      1.51663    0.0189583
      3.34555      1.48737    0.0192018
      3.34698      1.47841    0.0202679
      3.34841      1.45870    0.0197785
      3.34985      1.48164    0.0172781
      3.35128      1.51237    0.0160328
      3.35271      1.52513    0.0163897
      3.35415      1.52507    0.0169754
      3.35558      1.51337    0.0186390
      3.35701      1.50701    0.0207568
      3.35845      1.52187    0.0209720
      3.35988      1.54495    0.0193271
      3.36131      1.53075    0.0180421
      3.36274      1.51016    0.0182663
      3.36418      1.53369    0.0182625
      3.36561      1.56581    0.0170386
      3.36704      1.55234    0.0166741
      3.36847      1.53204    0.0171961
      3.36991      1.53973    0.0188554
      3.37134      1.54081    0.0184670
      3.37277      1.55036    0.0169123
      3.37420      1.57513    0.0159170
      3.37564      1.57184    0.0154279
      3.37707      1.57316    0.0155209
      3.37850      1.57514    0.0165154
      3.37993      1.56697    0.0172361
      3.38137      1.56854    0.0183164
      3.38280      1.57367    0.0190118
      3.38423      1.57456    0.0178942
      3.38566      1.57331    0.0167987
      3.38709      1.58569    0.0157938
      3.38853      1.59388    0.0148491
      3.38996      1.58026    0.0147089
      3.39139      1.57022    0.0155896
      3.39282      1.58175    0.0169425
      3.39425      1.59988    0.0171197
      3.39568      1.61676    0.0156534
      3.39711      1.62406    0.0146748
      3.39855      1.62239    0.0141601
      3.39998      1.62983    0.0140054
      3.40141      1.63251    0.0143404
      3.40284      1.61449    0.0153930
      3.40427      1.61170    0.0173065
      3.40570      1.62625    0.0193392
      3.40713      1.63038    0.0195494
      3.40856      1.61385    0.0183067
      3.40999      1.62170    0.0177129
      3.41143      1.62617    0.0167108
      3.41286      1.62452    0.0158041
      3.41429      1.61704    0.0160097
      3.41572      1.61357    0.0165800
      3.41715      1.62246    0.0169334
      3.41858      1.63558    0.0163517
      3.42001      1.63665    0.0149859
      3.42144      1.62980    0.0142251
      3.42287      1.63085    0.0140588
      3.42430      1.64660    0.0142129
      3.42573      1.65014    0.0147258
      3.42716      1.64113    0.0156594
      3.42859      1.65292    0.0165413
      3.43002      1.67413    0.0165806
      3.43145      1.66817    0.0152594
      3.43288      1.65941    0.0142340
      3.43431      1.65499    0.0139947
      3.43574      1.65940    0.0140239
      3.43717      1.66202    0.0140166
      3.43860      1.66275    0.0142916
      3.44003      1.65705    0.0148001
      3.44146      1.66318    0.0152501
      3.44288      1.68519    0.0150854
      3.44431      1.68556    0.0143641
      3.44574      1.67747    0.0138391
      3.44717      1.66994    0.0138206
      3.44860      1.67592    0.0137658
      3.45003      1.69321    0.0138212
      3.45146      1.69459    0.0139887
      3.45289      1.68222    0.0144202
      3.45432      1.68783    0.0148748
      3.45574      1.70180    0.0149209
      3.45717      1.71928    0.0143403
      3.45860      1.72609    0.0137764
      3.46003      1.72399    0.0134409
      3.46146      1.72885    0.0134414
      3.46289      1.72962    0.0135477
      3.46431      1.72095    0.0138011
      3.46574      1.72343    0.0141247
      3.46717      1.73667    0.0142614
      3.46860      1.74959    0.0138811
      3.47003      1.75163    0.0134951
      3.47145      1.74806    0.0133972
      3.47288      1.74419    0.0135389
      3.47431      1.74398    0.0136605
      3.47574      1.74867    0.0137304
      3.47716      1.74885    0.0137332
      3.47859      1.75190    0.0138103
      3.48002      1.76672    0.0137556
      3.48145      1.77503    0.0135686
      3.48287      1.78019    0.0133914
      3.48430      1.76703    0.0132724
      3.48573      1.76069    0.0132711
      3.48716      1.76562    0.0133455
      3.48858      1.76326    0.0135042
      3.49001      1.75780    0.0136125
      3.49144      1.77235    0.0136193
      3.49286      1.78234    0.0135003
      3.49429      1.78756    0.0133255
      3.49572      1.78285    0.0132135
      3.49714      1.78729    0.0131440
      3.49857      1.80056    0.0131191
      3.50000      1.81549    0.0132270
      3.50142      1.81550    0.0133415
      3.50285      1.80944    0.0133414
      3.50427      1.81280    0.0133613
      3.50570      1.80920    0.0132132
      3.50713      1.82897    0.0131403
      3.50855      1.83591    0.0131112
      3.50998      1.83204    0.0131484
      3.51140      1.83217    0.0131741
      3.51283      1.83289    0.0131993
      3.51426      1.83626    0.0131433
      3.51568      1.83799    0.0131419
      3.51711      1.84840    0.0130733
      3.51853      1.86041    0.0130289
      3.51996      1.86362    0.0129738
      3.52138      1.86562    0.0129051
      3.52281      1.87363    0.0130063
      3.52423      1.89079    0.0130621
      3.52566      1.89660    0.0131621
      3.52708      1.89135    0.0132176
      3.52851      1.88587    0.0131465
      3.52993      1.88131    0.0131920
      3.53136      1.87926    0.0131484
      3.53278      1.88201    0.0132270
      3.53421      1.87016    0.0133848
      3.53563      1.87581    0.0136229
      3.53706      1.90204    0.0135885
      3.53848      1.91016    0.0136847
      3.53991      1.90650    0.0136725
      3.54133      1.91131    0.0138216
      3.54275      1.91840    0.0138079
      3.54418      1.92333    0.0136136
      3.54560      1.91845    0.0134966
      3.54703      1.91502    0.0134341
      3.54845      1.90933    0.0133254
      3.54987      1.90940    0.0133433
      3.55130      1.91374    0.0132972
      3.55272      1.91359    0.0134146
      3.55415      1.91224    0.0135094
      3.55557      1.91717    0.0135462
      3.55699      1.91773    0.0133606
      3.55842      1.91928    0.0132447
      3.55984      1.93058    0.0131868
      3.56126      1.94681    0.0131239
      3.56269      1.94605    0.0129906
      3.56411      1.94130    0.0130378
      3.56553      1.94050    0.0132620
      3.56696      1.93851    0.0135055
      3.56838      1.94350    0.0136681
      3.56980      1.96266    0.0137308
      3.57123      1.97723    0.0136547
      3.57265      1.98168    0.0136733
      3.57407      1.99498    0.0138458
      3.57550      2.00183    0.0138659
      3.57692      1.99465    0.0135987
      3.57834      1.97943    0.0132318
      3.57976      1.97318    0.0132058
      3.58119      1.99228    0.0135380
      3.58261      2.00039    0.0136712
      3.58403      2.00325    0.0137101
      3.58546      2.00441    0.0137275
      3.58688      2.00260    0.0137325
      3.58830      2.01367    0.0135981
      3.58972      2.02020    0.0135750
      3.59114      2.01074    0.0134903
      3.59257      1.99929    0.0134003
      3.59399      1.99845    0.0133582
      3.59541      2.00252    0.0132593
      3.59683      2.00615    0.0131795
      3.59826      2.01013    0.0132304
      3.59968      2.01643    0.0131638
      3.60110      2.02937    0.0131306
      3.60252      2.04067    0.0130174
      3.60394      2.03997    0.0130329
      3.60537      2.04111    0.0132195
      3.60679      2.04476    0.0134492
      3.60821      2.05209    0.0134604
      3.60963      2.05038    0.0133506
      3.61105      2.03695    0.0132248
      3.61247      2.04268    0.0133105
      3.61390      2.04636    0.0132439
      3.61532      2.03599    0.0131525
      3.61674      2.03931    0.0130232
      3.61816      2.04798    0.0129932
      3.61958      2.05177    0.0128431
      3.62100      2.05614    0.0127846
      3.62242      2.06153    0.0127778
      3.62385      2.06553    0.0129367
      3.62527      2.05875    0.0130734
      3.62669      2.05792    0.0131389
      3.62811      2.06368    0.0131583
      3.62953      2.06301    0.0130336
      3.63095      2.06534    0.0129562
      3.63237      2.07688    0.0131281
      3.63379      2.09031    0.0131188
      3.63521      2.08729    0.0130000
      3.63663      2.08988    0.0128464
      3.63806      2.10522    0.0127570
      3.63948      2.11427    0.0127462
      3.64090      2.12644    0.0128134
      3.64232      2.13248    0.0127957
      3.64374      2.13157    0.0128796
      3.64516      2.12938    0.0129882
      3.64658      2.13038    0.0131445
      3.64800      2.13072    0.0131302
      3.64942      2.11860    0.0130383
      3.65084      2.11268    0.0129284
      3.65226      2.10111    0.0129882
      3.65368      2.09943    0.0128686
      3.65510      2.11272    0.0127295
      3.65652      2.12583    0.0126604
      3.65795      2.13452    0.0127214
      3.65937      2.14346    0.0127529
      3.66079      2.14175    0.0128080
      3.66221      2.13864    0.0128107
      3.66363      2.14236    0.0128942
      3.66505      2.13227    0.0130145
      3.66647      2.12842    0.0132610
      3.66789      2.13047    0.0134942
      3.66931      2.12725    0.0136396
      3.67073      2.12635    0.0138478
      3.67215      2.11234    0.0143823
      3.67357      2.10938    0.0145864
      3.67499      2.12733    0.0145314
      3.67641      2.15145    0.0141893
      3.67783      2.17522    0.0138930
      3.67925      2.17827    0.0136779
      3.68067      2.17723    0.0136180
      3.68209      2.18639    0.0134969
      3.68351      2.18631    0.0133798
      3.68493      2.17044    0.0131836
      3.68635      2.16979    0.0131487
      3.68777      2.18269    0.0131679
      3.68919      2.19959    0.0131444
      3.69061      2.21048    0.0130308
      3.69203      2.22375    0.0130488
      3.69345      2.23156    0.0129640
      3.69487      2.23176    0.0128947
      3.69629      2.23520    0.0128539
      3.69771      2.24133    0.0128767
      3.69913      2.24076    0.0128316
      3.70055      2.23716    0.0127960
      3.70197      2.24968    0.0128605
      3.70339      2.25173    0.0128646
      3.70481      2.24309    0.0129105
      3.70623      2.23298    0.0129332
      3.70765      2.22340    0.0130129
      3.70907      2.22989    0.0131643
      3.71049      2.24081    0.0132945
      3.71191      2.24509    0.0131244
      3.71333      2.23967    0.0130690
      3.71476      2.24480    0.0131019
      3.71618      2.25748    0.0130396
      3.71760      2.25667    0.0130225
      3.71902      2.25572    0.0129216
      3.72044      2.26434    0.0128746
      3.72186      2.27239    0.0128335
      3.72328      2.27933    0.0129169
      3.72470      2.28933    0.0129372
      3.72612      2.29255    0.0130724
      3.72754      2.28331    0.0130932
      3.72896      2.28789    0.0132218
      3.73038      2.30090    0.0132741
      3.73180      2.31193    0.0133401
      3.73322      2.33366    0.0134645
      3.73464      2.36974    0.0136219
      3.73606      2.42433    0.0135953
      3.73748      2.49644    0.0136960
      3.73890      2.55856    0.0137908
      3.74032      2.57768    0.0138897
      3.74174      2.53626    0.0137161
      3.74316      2.47201    0.0134226
      3.74458      2.42625    0.0132388
      3.74600      2.39140    0.0131644
      3.74743      2.36098    0.0132319
      3.74885      2.35058    0.0133431
      3.75027      2.33723    0.0133100
      3.75169      2.32126    0.0133241
      3.75311      2.31345    0.0132272
      3.75453      2.31326    0.0133199
      3.75595      2.30902    0.0133567
      3.75737      2.31108    0.0134032
      3.75879      2.31819    0.0134818
      3.76021      2.32356    0.0135573
      3.76163      2.32646    0.0135453
      3.76306      2.33045    0.0137094
      3.76448      2.33585    0.0136261
      3.76590      2.33755    0.0136101
      3.76732      2.33249    0.0134512
      3.76874      2.33258    0.0135668
      3.77016      2.33375    0.0136610
      3.77158      2.33729    0.0136707
      3.77301      2.33990    0.0136501
      3.77443      2.35191    0.0135018
      3.77585      2.35715    0.0133703
      3.77727      2.35061    0.0134502
      3.77869      2.34856    0.0135103
      3.78011      2.33487    0.0136298
      3.78154      2.32597    0.0136022
      3.78296      2.33781    0.0135982
      3.78438      2.34408    0.0135630
      3.78580      2.34289    0.0136085
      3.78722      2.33420    0.0137685
      3.78865      2.33806    0.0139964
      3.79007      2.34812    0.0139901
      3.79149      2.35283    0.0137582
      3.79291      2.36301    0.0135685
      3.79434      2.36819    0.0135138
      3.79576      2.37139    0.0134066
      3.79718      2.38222    0.0134508
      3.79860      2.38805    0.0134500
      3.80003      2.38762    0.0134518
      3.80145      2.38645    0.0134634
      3.80287      2.39491    0.0135489
      3.80430      2.39702    0.0134404
      3.80572      2.40871    0.0134890
      3.80714      2.41814    0.0135917
      3.80857      2.41767    0.0137874
      3.80999      2.41605    0.0139003
      3.81141      2.43005    0.0140053
      3.81284      2.44102    0.0139316
      3.81426      2.45266    0.0137102
      3.81568      2.46746    0.0135032
      3.81711      2.49018    0.0135919
      3.81853      2.50348    0.0135058
      3.81996      2.50242    0.0134923
      3.82138      2.48402    0.0134394
      3.82280      2.46164    0.0134500
      3.82423      2.44810    0.0133906
      3.82565      2.45145    0.0134887
      3.82708      2.44972    0.0134371
      3.82850      2.45161    0.0134513
      3.82993      2.45707    0.0135586
      3.83135      2.45664    0.0137869
      3.83278      2.45074    0.0139403
      3.83420      2.45460    0.0139517
      3.83563      2.46206    0.0136903
      3.83705      2.47386    0.0135727
      3.83848      2.46786    0.0135030
      3.83990      2.46050    0.0136063
      3.84133      2.46398    0.0136758
      3.84275      2.46562    0.0137735
      3.84418      2.46697    0.0137450
      3.84561      2.46943    0.0136545
      3.84703      2.47405    0.0135901
      3.84846      2.47818    0.0136306
      3.84989      2.48722    0.0136241
      3.85131      2.48422    0.0136704
      3.85274      2.49008    0.0137451
      3.85417      2.49876    0.0139053
      3.85559      2.49132    0.0139222
      3.85702      2.48599    0.0139792
      3.85845      2.48888    0.0140424
      3.85987      2.49935    0.0141047
      3.86130      2.50916    0.0141232
      3.86273      2.54267    0.0142734
      3.86416      2.58083    0.0144492
      3.86559      2.60332    0.0146577
      3.86701      2.59876    0.0147147
      3.86844      2.56475    0.0147577
      3.86987      2.54116    0.0148016
      3.87130      2.55341    0.0149619
      3.87273      2.55399    0.0149957
      3.87416      2.53748    0.0151401
      3.87558      2.52118    0.0152192
      3.87701      2.52042    0.0152837
      3.87844      2.53295    0.0152900
      3.87987      2.54812    0.0154613
      3.88130      2.55401    0.0153913
      3.88273      2.54356    0.0154212
      3.88416      2.53532    0.0153836
      3.88559      2.55486    0.0154388
      3.88702      2.58267    0.0154487
      3.88845      2.60012    0.0155342
      3.88988      2.59954    0.0153907
      3.89131      2.58899    0.0153539
      3.89275      2.58900    0.0152493
      3.89418      2.60103    0.0152091
      3.89561      2.60351    0.0151652
      3.89704      2.61775    0.0151700
      3.89847      2.61613    0.0150641
      3.89990      2.61075    0.0150577
      3.90133      2.61388    0.0150335
      3.90277      2.62495    0.0151889
      3.90420      2.64930    0.0152423
      3.90563      2.66349    0.0153486
      3.90706      2.65805    0.0153440
      3.90850      2.65815    0.0155219
      3.90993      2.64006    0.0154611
      3.91136      2.61647    0.0153931
      3.91280      2.60194    0.0153508
      3.91423      2.61034    0.0154287
      3.91567      2.61373    0.0154490
      3.91710      2.60974    0.0154766
      3.91853      2.62321    0.0154147
      3.91997      2.65010    0.0160472
      3.92140      2.63211    0.0154548
      3.92284      2.62277    0.0154969
      3.92427      2.61693    0.0154066
      3.92571      2.61012    0.0154013
      3.92715      2.62390    0.0153483
      3.92858      2.63266    0.0153248
      3.93002      2.63185    0.0152291
      3.93145      2.64377    0.0152387
      3.93289      2.66248    0.0151376
      3.93433      2.66755    0.0151912
      3.93576      2.64899    0.0150459
      3.93720      2.64393    0.0150557
      3.93864      2.64614    0.0149841
      3.94008      2.65024    0.0149976
      3.94151      2.65864    0.0149342
      3.94295      2.66072    0.0149339
      3.94439      2.64892    0.0148655
      3.94583      2.65479    0.0147500
      3.94727      2.65887    0.0146737
      3.94871      2.65970    0.0147240
      3.95015      2.67500    0.0148355
      3.95159      2.68580    0.0149123
      3.95303      2.67075    0.0148166
      3.95447      2.66037    0.0148655
      3.95591      2.66291    0.0145506
      3.95735      2.66429    0.0147033
      3.95879      2.67285    0.0145899
      3.96023      2.68462    0.0146481
      3.96167      2.68848    0.0147420
      3.96311      2.69935    0.0146960
      3.96455      2.70493    0.0147239
      3.96600      2.71428    0.0147290
      3.96744      2.72155    0.0148842
      3.96888      2.73710    0.0149576
      3.97032      2.73601    0.0149779
      3.97177      2.72236    0.0149965
      3.97321      2.71082    0.0149747
      3.97466      2.72762    0.0150500
      3.97610      2.73292    0.0149987
      3.97754      2.74447    0.0150882
      3.97899      2.78371    0.0150737
      3.98043      2.91133    0.0148409
      3.98188      2.96796    0.0141550
      3.98333      2.86232    0.0152034
      3.98477      2.79275    0.0152167
      3.98622      2.79140    0.0152942
      3.98766      2.78968    0.0151194
      3.98911      2.79054    0.0152684
      3.99056      2.78789    0.0152928
      3.99200      2.78698    0.0153576
      3.99345      2.77991    0.0152753
      3.99490      2.79150    0.0153508
      3.99635      2.80757    0.0153805
      3.99780      2.82203    0.0154563
      3.99925      2.81436    0.0154347
      4.00070      2.80204    0.0154634
      4.00214      2.79817    0.0154564
      4.00359      2.77970    0.0154898
      4.00504      2.76357    0.0155940
      4.00650      2.76806    0.0156791
      4.00795      2.79472    0.0158970
      4.00940      2.78930    0.0157622
      4.01085      2.77914    0.0156391
      4.01230      2.78850    0.0157518
      4.01375      2.80581    0.0158207
      4.01521      2.83186    0.0159158
      4.01666      2.85577    0.0160548
      4.01811      2.86736    0.0161579
      4.01957      2.86153    0.0160972
      4.02102      2.87376    0.0162096
      4.02247      2.84882    0.0162012
      4.02393      2.84474    0.0162364
      4.02538      2.83465    0.0162398
      4.02684      2.82300    0.0162941
      4.02829      2.82934    0.0163224
      4.02975      2.82047    0.0165710
      4.03121      2.81123    0.0164626
      4.03266      2.81334    0.0165682
      4.03412      2.80889    0.0166218
      4.03558      2.82294    0.0167447
      4.03703      2.82099    0.0168104
      4.03849      2.82695    0.0168387
      4.03995      2.84189    0.0168917
      4.04141      2.85949    0.0170455
      4.04287      2.87289    0.0170444
      4.04433      2.89628    0.0171680
      4.04579      2.92630    0.0171927
      4.04725      2.98758    0.0172758
      4.04871      3.10686    0.0174324
      4.05017      3.28282    0.0178345
      4.05163      3.43432    0.0181420
      4.05310      3.43606    0.0183275
      4.05456      3.25600    0.0180700
      4.05602      3.04820    0.0176872
      4.05748      2.92656    0.0174045
      4.05895      2.89211    0.0174092
      4.06041      2.88562    0.0174422
      4.06188      2.87685    0.0174448
      4.06334      2.85856    0.0174307
      4.06481      2.85353    0.0175979
      4.06627      2.83776    0.0177092
      4.06774      2.82971    0.0177564
      4.06921      2.84633    0.0176206
      4.07067      2.85831    0.0177609
      4.07214      2.84952    0.0180140
      4.07361      2.83472    0.0180748
      4.07508      2.84824    0.0179688
      4.07654      2.85340    0.0181513
      4.07801      2.84851    0.0182047
      4.07948      2.86101    0.0185340
      4.08095      2.86094    0.0186215
      4.08242      2.85183    0.0186944
      4.08389      2.85086    0.0187743
      4.08537      2.86481    0.0187522
      4.08684      2.87491    0.0188831
      4.08831      2.85828    0.0190093
      4.08978      2.83942    0.0188941
      4.09126      2.85143    0.0191811
      4.09273      2.84623    0.0191656
      4.09420      2.86046    0.0192748
      4.09568      2.87362    0.0194307
      4.09715      2.87459    0.0193668
      4.09863      2.86415    0.0193782
      4.10010      2.85533    0.0195564
      4.10158      2.86293    0.0195737
      4.10306      2.87024    0.0196967
      4.10453      2.86741    0.0197112
      4.10601      2.86683    0.0198029
      4.10749      2.85797    0.0198190
      4.10897      2.87298    0.0199143
      4.11045      2.89238    0.0199534
      4.11193      2.88956    0.0203424
      4.11341      2.87744    0.0201194
      4.11489      2.88840    0.0202501
      4.11637      2.88120    0.0202773
      4.11785      2.86370    0.0203387
      4.11934      2.87463    0.0203681
      4.12082      2.88399    0.0204667
      4.12230      2.87881    0.0203633
      4.12379      2.88954    0.0206655
      4.12527      2.88646    0.0206846
      4.12675      2.89141    0.0208425
      4.12824      2.90334    0.0211998
      4.12973      2.92240    0.0210495
      4.13121      2.92158    0.0211388
      4.13270      2.92944    0.0215439
      4.13419      2.93942    0.0213498
      4.13567      2.93857    0.0215408
      4.13716      2.93011    0.0216191
      4.13865      2.91639    0.0216725
      4.14014      2.91988    0.0218546
      4.14163      2.92582    0.0222327
      4.14312      2.94407    0.0222399
      4.14461      2.94154    0.0224045
      4.14610      2.91248    0.0223214
      4.14760      2.91685    0.0225218
      4.14909      2.93802    0.0228797
      4.15058      2.93983    0.0228859
      4.15208      2.92079    0.0230407
      4.15357      2.92921    0.0233371
      4.15507      2.92936    0.0239596
      4.15656      2.91378    0.0238376
      4.15806      2.91625    0.0240602
      4.15956      2.92361    0.0244406
      4.16105      2.92574    0.0247397
      4.16255      2.94166    0.0251181
      4.16405      2.95286    0.0256690
      4.16555      2.93695    0.0259782
      4.16705      2.91399    0.0265523
      4.16855      2.90915    0.0271017
      4.17005      2.92576    0.0278583
      4.17155      2.95673    0.0283478
      4.17305      2.97587    0.0291580
      4.17456      3.02763    0.0303398
      4.17606      3.00757    0.0312527
      4.17756      2.96733    0.0327482
      4.17907      2.92589    0.0343813
      4.18057      2.88961    0.0361048
      4.18208      2.86554    0.0379362
      4.18359      2.83510    0.0425597
      4.18509      2.78417    0.0472427
      4.18660      2.76606    0.0565504
      4.18811      2.71217    0.0716717
      4.18962      2.64661    0.0975637
      4.19113      2.66539     0.149077
      4.19264      2.55123     0.260089
      4.19415      2.22354     0.491456
      4.19566      1.85860      1.14184
      4.19717      1.05856      3.69925
      4.19869      2.88091      12.1047
      4.20020      3.40791      10.9968
      4.20171      9.45947      28.5171
      4.20323      2.81663      16.2367
      4.20474      20.6800      30.9608
      4.20626      8.01951      54.8146
      4.20778      10.7256      187.554
      4.20929      9.77686      53.6995
      4.21081     -1.45588      33.9440
      4.21233     0.620153      25.6376
      4.21385      6.70937      44.3286
      4.21537     -427.044      107.151
      4.21689     -302.819      284.433
      4.21841     -195.788      78.7071
      4.21993     -83.9607      809.650
      4.22146      22.9861      41.2047
      4.22298      12.7210      63.2857
      4.22450      4.20385      54.6873
      4.22603     -4.90765      42.8237
      4.22755     -2.04562      28.9038
      4.22908  -0.00949423      34.5650
      4.23061     -2.14660      33.0364
      4.23214     -13.5928      78.0999
      4.23366     -35.3430      49.7647
      4.23519     -4.41295      200.648
      4.23672      6.10827      66.3198
      4.23825     -7.68878      71.7121
      4.23978     -108.497      40.6019
      4.24132     -112.018      400.296
      4.24285     -28.2908      62.1898
      4.24438      4.30440      68.8475
      4.24592     -200.950      52.2835
      4.24745     -108.077      744340.
      4.24899      25.7700      184.793
      4.25052      9.63581      59.9596
      4.25206     -1.34257      94.7719
      4.25360     -6.24833      51.1646
      4.25514    -0.505904      88.5781
      4.25668      4.76786      77.1084
      4.25822      1.57620      278.757
      4.25976     -94.8713      32.8869
      4.26130     -50.8297      61.7477
      4.26284     -15.1991      20.3617
      4.26439     -23.6077      54.8702
      4.26593     -20.6421      58.8005
      4.26748     0.333986      389.429
      4.26902      18.8519      17.3165
      4.27057      5.06891      19.4048
      4.27212      6.44999      235.968
      4.27366     0.543454      58.0110
      4.27521     -31.3336      186.184
      4.27676     -12.5865      46.4495
      4.27831     -9.15160      64.9983
      4.27986     -8.95301      45.4694
      4.28142     -152.487      23.1971
      4.28297     -156.966      50.8712
      4.28452     -40.5209      35.2609
      4.28608      8.28771      175.221
      4.28763     -45.9086      53.4541
      4.28919     -32.5272      197.347
      4.29075      0.00000      4.90962
