SOURCE  = IRAS 09017_4716_2             / Source name
STANDARD= BS 3185                       / Standard name
OBSDATE = 14-01-2001                    / Date of observation
SPOS    = 09:03:26.3 -47:28:46.7        / Source position RA,DEC,J2000
STPOS   = 08:07:32.5 -24:18:37.8        / Standard position RA,DEC,J2000
STSPT   = F6II                          / Standard spectral type
STTEFF  = 6640                          / Standard effective temperature [K]
STMAG   = 1.91                          / Standard magnitude (adopted)
WAVEZP  = 3.45                          / Wavelength zero point [micron]
FLUXZP  = 290                           / Flux zero point [Jy]
SAIRM   = 1.11                          / Source mean airmass
STAIRM  = 1.03                          / Standard mean airmass
AIRMCORR= 1.08                          / Optimal (adopted) airmass correction
SPECRES = ~600                          / Spectral resolution

Created by E. Dartois and K. Pontoppidan (c)

Wavelength [micron] Flux [Jy] Statistical Error [Jy]

      2.82026      0.00000     0.959043
      2.82163      1.54006     0.765948
      2.82300      1.28522     0.397973
      2.82437      1.45345     0.269800
      2.82574      1.00525     0.212958
      2.82712      1.14804     0.153194
      2.82849      1.16809     0.120174
      2.82987      1.18546     0.108907
      2.83124      1.26280     0.117425
      2.83262      1.52760     0.198627
      2.83399      1.74417     0.630637
      2.83537      2.66316      2.08086
      2.83674      4.54415      1.72840
      2.83812     0.483655     0.685346
      2.83950      1.03414     0.327144
      2.84088      1.26135     0.139852
      2.84226      1.12250    0.0871787
      2.84364      1.23391    0.0735181
      2.84501      1.23564    0.0730391
      2.84639      1.28248     0.108212
      2.84778      1.19222     0.222503
      2.84916      1.09142     0.252055
      2.85054      1.19554     0.212717
      2.85192      1.27427     0.215083
      2.85330      1.16991     0.324730
      2.85468     0.994622     0.288120
      2.85607     0.962914     0.161446
      2.85745      1.07385     0.121961
      2.85884      1.08566    0.0991888
      2.86022      1.08658    0.0795410
      2.86161      1.11261    0.0630857
      2.86299      1.14471    0.0533131
      2.86438      1.17889    0.0551604
      2.86576      1.27651    0.0669761
      2.86715      1.23945    0.0879773
      2.86854      1.13022     0.116104
      2.86993      1.13997     0.123608
      2.87131     0.933565    0.0943255
      2.87270     0.991786    0.0603452
      2.87409      1.11124    0.0470296
      2.87548      1.14782    0.0420946
      2.87687      1.12419    0.0444410
      2.87826      1.08216    0.0474643
      2.87965      1.08501    0.0434182
      2.88104      1.09988    0.0424586
      2.88243      1.08170    0.0450794
      2.88383      1.07108    0.0476701
      2.88522      1.12165    0.0510113
      2.88661      1.07921    0.0517408
      2.88800      1.04498    0.0558297
      2.88940      1.04935    0.0517662
      2.89079     0.997510    0.0420823
      2.89218     0.983906    0.0361751
      2.89358     0.983997    0.0313624
      2.89497     0.989870    0.0276744
      2.89637      1.02421    0.0283802
      2.89777      1.07252    0.0333955
      2.89916      1.09855    0.0469350
      2.90056      1.03874    0.0727447
      2.90196     0.996074    0.0811001
      2.90335     0.962161    0.0687365
      2.90475     0.937845    0.0629643
      2.90615     0.905867    0.0517097
      2.90755     0.891314    0.0397586
      2.90895     0.909411    0.0330244
      2.91035     0.915787    0.0302946
      2.91174     0.922582    0.0311204
      2.91314     0.930012    0.0345356
      2.91454     0.939951    0.0351236
      2.91595     0.900748    0.0308247
      2.91735     0.908409    0.0297876
      2.91875     0.925985    0.0307473
      2.92015     0.950722    0.0365980
      2.92155      1.00850    0.0553231
      2.92295     0.896489    0.0573040
      2.92436     0.840850    0.0384600
      2.92576     0.850350    0.0295589
      2.92716     0.839907    0.0262340
      2.92857     0.842609    0.0254567
      2.92997     0.857463    0.0254648
      2.93137     0.852332    0.0242856
      2.93278     0.855967    0.0242229
      2.93418     0.867581    0.0252496
      2.93559     0.866352    0.0264859
      2.93700     0.855191    0.0297461
      2.93840     0.840589    0.0340427
      2.93981     0.829782    0.0345868
      2.94121     0.826802    0.0334440
      2.94262     0.804507    0.0347654
      2.94403     0.826744    0.0365563
      2.94544     0.790186    0.0337644
      2.94684     0.771664    0.0324534
      2.94825     0.771397    0.0290430
      2.94966     0.784101    0.0253905
      2.95107     0.812633    0.0267584
      2.95248     0.824417    0.0319266
      2.95389     0.796668    0.0359779
      2.95530     0.777151    0.0315338
      2.95671     0.762629    0.0267844
      2.95812     0.764500    0.0256078
      2.95953     0.766982    0.0258708
      2.96094     0.762538    0.0246653
      2.96235     0.764824    0.0235836
      2.96376     0.784161    0.0233625
      2.96517     0.790649    0.0242887
      2.96659     0.807542    0.0295143
      2.96800     0.820400    0.0412007
      2.96941     0.840247    0.0588760
      2.97082     0.761457    0.0691147
      2.97224     0.687337    0.0608205
      2.97365     0.712972    0.0475116
      2.97506     0.763316    0.0394260
      2.97648     0.785062    0.0361220
      2.97789     0.772823    0.0342213
      2.97931     0.762613    0.0352292
      2.98072     0.754919    0.0306254
      2.98213     0.760117    0.0256369
      2.98355     0.759374    0.0231095
      2.98497     0.757437    0.0219555
      2.98638     0.756539    0.0210864
      2.98780     0.768768    0.0206664
      2.98921     0.777427    0.0206824
      2.99063     0.773857    0.0214020
      2.99205     0.784191    0.0231988
      2.99346     0.784328    0.0246809
      2.99488     0.781188    0.0259674
      2.99630     0.776551    0.0272333
      2.99772     0.759870    0.0260904
      2.99913     0.766178    0.0229276
      3.00055     0.779847    0.0209631
      3.00197     0.791611    0.0216880
      3.00339     0.815454    0.0251112
      3.00481     0.813781    0.0299316
      3.00623     0.780110    0.0324354
      3.00765     0.751432    0.0276439
      3.00906     0.762646    0.0240017
      3.01048     0.777272    0.0216318
      3.01190     0.785051    0.0213809
      3.01332     0.775921    0.0221050
      3.01474     0.788944    0.0236184
      3.01617     0.790334    0.0251338
      3.01759     0.796764    0.0302732
      3.01901     0.817360    0.0369508
      3.02043     0.781018    0.0346752
      3.02185     0.740645    0.0292213
      3.02327     0.779841    0.0244013
      3.02469     0.796011    0.0213035
      3.02612     0.794636    0.0205978
      3.02754     0.801478    0.0216198
      3.02896     0.806711    0.0227354
      3.03038     0.824200    0.0249700
      3.03181     0.818536    0.0273510
      3.03323     0.842588    0.0304183
      3.03465     0.844695    0.0310530
      3.03607     0.838506    0.0356226
      3.03750     0.874091    0.0404909
      3.03892     0.868162    0.0335586
      3.04035     0.839313    0.0277201
      3.04177     0.855800    0.0257911
      3.04319     0.837361    0.0245441
      3.04462     0.822243    0.0260289
      3.04604     0.839728    0.0289038
      3.04747     0.820304    0.0292299
      3.04889     0.825830    0.0335040
      3.05032     0.828876    0.0386221
      3.05174     0.833247    0.0443319
      3.05317     0.802070    0.0515177
      3.05459     0.781850    0.0446873
      3.05602     0.770020    0.0318358
      3.05745     0.802945    0.0252006
      3.05887     0.826276    0.0225276
      3.06030     0.839303    0.0227617
      3.06173     0.807401    0.0256311
      3.06315     0.762178    0.0274726
      3.06458     0.793314    0.0264844
      3.06601     0.822096    0.0255784
      3.06743     0.851591    0.0273006
      3.06886     0.842991    0.0285339
      3.07029     0.850713    0.0313283
      3.07171     0.833554    0.0300295
      3.07314     0.833162    0.0260633
      3.07457     0.847875    0.0223162
      3.07600     0.841110    0.0200414
      3.07743     0.865389    0.0206358
      3.07885     0.890749    0.0234445
      3.08028     0.882056    0.0283854
      3.08171     0.868744    0.0328163
      3.08314     0.874756    0.0317911
      3.08457     0.860833    0.0274754
      3.08600     0.882196    0.0266775
      3.08743     0.896908    0.0264262
      3.08886     0.889750    0.0258578
      3.09029     0.923568    0.0276726
      3.09171     0.927602    0.0279695
      3.09314     0.919078    0.0313203
      3.09457     0.921173    0.0348888
      3.09600     0.912555    0.0344252
      3.09743     0.913166    0.0310918
      3.09886     0.904423    0.0259277
      3.10029     0.925919    0.0235583
      3.10172     0.955868    0.0227682
      3.10315     0.968740    0.0265016
      3.10459     0.946524    0.0333737
      3.10602     0.949640    0.0370121
      3.10745     0.989547    0.0342484
      3.10888     0.983065    0.0323980
      3.11031     0.954074    0.0326303
      3.11174     0.988267    0.0323220
      3.11317      1.01970    0.0299570
      3.11460     0.979420    0.0271455
      3.11603     0.973590    0.0248816
      3.11746      1.00655    0.0211007
      3.11890      1.01992    0.0184655
      3.12033      1.02465    0.0175509
      3.12176      1.04315    0.0182601
      3.12319      1.06124    0.0204406
      3.12462      1.07920    0.0250258
      3.12606      1.09299    0.0342817
      3.12749      1.05041    0.0355597
      3.12892      1.07258    0.0268856
      3.13035      1.11494    0.0208981
      3.13178      1.11295    0.0181131
      3.13322      1.10798    0.0173645
      3.13465      1.12036    0.0171819
      3.13608      1.14535    0.0174248
      3.13752      1.16588    0.0191924
      3.13895      1.14850    0.0219900
      3.14038      1.16177    0.0245656
      3.14181      1.15478    0.0220952
      3.14325      1.19685    0.0213575
      3.14468      1.21129    0.0231460
      3.14611      1.18417    0.0261003
      3.14755      1.18879    0.0256998
      3.14898      1.21826    0.0213858
      3.15041      1.23555    0.0189709
      3.15185      1.26247    0.0181725
      3.15328      1.27845    0.0184701
      3.15471      1.27936    0.0198148
      3.15615      1.28299    0.0210982
      3.15758      1.28814    0.0202367
      3.15901      1.30450    0.0188018
      3.16045      1.31169    0.0175518
      3.16188      1.32992    0.0166457
      3.16332      1.34608    0.0158774
      3.16475      1.35713    0.0157191
      3.16618      1.36545    0.0158681
      3.16762      1.37202    0.0160214
      3.16905      1.39808    0.0160469
      3.17049      1.41138    0.0163876
      3.17192      1.41631    0.0170475
      3.17336      1.41383    0.0178455
      3.17479      1.43515    0.0175655
      3.17622      1.43990    0.0167630
      3.17766      1.46599    0.0162138
      3.17909      1.48819    0.0161174
      3.18053      1.50372    0.0167565
      3.18196      1.49843    0.0178166
      3.18340      1.51694    0.0185347
      3.18483      1.51478    0.0177678
      3.18627      1.53795    0.0171234
      3.18770      1.55732    0.0168984
      3.18914      1.57425    0.0184192
      3.19057      1.56987    0.0220266
      3.19201      1.54929    0.0270566
      3.19344      1.57159    0.0266438
      3.19488      1.64503    0.0229224
      3.19631      1.65834    0.0225151
      3.19775      1.63159    0.0270650
      3.19918      1.63554    0.0351196
      3.20062      1.70454    0.0390255
      3.20205      1.67071    0.0358856
      3.20349      1.68064    0.0374848
      3.20492      1.76024    0.0383500
      3.20636      1.73981    0.0393732
      3.20779      1.75040    0.0516215
      3.20923      1.73753    0.0615121
      3.21066      1.67934    0.0634899
      3.21210      1.73144    0.0523779
      3.21353      1.82672    0.0413844
      3.21497      1.83200    0.0350452
      3.21640      1.77932    0.0332725
      3.21784      1.78892    0.0303026
      3.21927      1.86754    0.0281527
      3.22071      1.91221    0.0283822
      3.22215      1.89838    0.0340483
      3.22358      1.85553    0.0525342
      3.22502      1.75855    0.0635983
      3.22645      1.85099    0.0457704
      3.22789      2.02327    0.0376731
      3.22932      1.97838    0.0363853
      3.23076      1.91660    0.0418335
      3.23219      1.90052    0.0331170
      3.23363      1.94282    0.0228254
      3.23506      1.99691    0.0183922
      3.23650      1.99443    0.0173009
      3.23794      1.99301    0.0180011
      3.23937      1.98200    0.0199333
      3.24081      2.00301    0.0222612
      3.24224      2.08289    0.0231980
      3.24368      2.09860    0.0240288
      3.24511      2.15164    0.0318027
      3.24655      2.07637    0.0434958
      3.24798      2.05853    0.0478002
      3.24942      2.06155    0.0365373
      3.25085      2.07178    0.0251612
      3.25229      2.13050    0.0191624
      3.25373      2.12085    0.0165125
      3.25516      2.13895    0.0158288
      3.25660      2.14370    0.0159323
      3.25803      2.16918    0.0171280
      3.25947      2.19741    0.0204142
      3.26090      2.19244    0.0282956
      3.26234      2.17814    0.0403076
      3.26377      2.10931    0.0339971
      3.26521      2.20470    0.0256236
      3.26664      2.23761    0.0220793
      3.26808      2.21591    0.0218136
      3.26952      2.30278    0.0254711
      3.27095      2.29213    0.0296140
      3.27239      2.26485    0.0303402
      3.27382      2.28819    0.0236378
      3.27526      2.33006    0.0187695
      3.27669      2.33851    0.0171791
      3.27813      2.34149    0.0179073
      3.27956      2.32304    0.0201441
      3.28100      2.35239    0.0216513
      3.28243      2.39867    0.0190656
      3.28387      2.41352    0.0161933
      3.28530      2.40368    0.0149402
      3.28674      2.41784    0.0146984
      3.28817      2.44405    0.0146616
      3.28961      2.47593    0.0150216
      3.29104      2.49106    0.0157972
      3.29248      2.52054    0.0175332
      3.29391      2.55164    0.0202703
      3.29535      2.60477    0.0250979
      3.29678      2.76231    0.0337132
      3.29822      2.86892    0.0407679
      3.29965      2.71371    0.0400426
      3.30109      2.62464    0.0309077
      3.30252      2.62423    0.0235136
      3.30396      2.64089    0.0207474
      3.30539      2.58862    0.0199884
      3.30683      2.64386    0.0205836
      3.30826      2.64509    0.0197223
      3.30969      2.61672    0.0196504
      3.31113      2.69936    0.0209631
      3.31256      2.77465    0.0231489
      3.31400      2.77183    0.0311068
      3.31543      2.85022    0.0679745
      3.31687      3.05414     0.164966
      3.31830      3.24285     0.143737
      3.31974      2.99418     0.101337
      3.32117      2.87311    0.0672749
      3.32260      2.74935    0.0394382
      3.32404      2.71833    0.0272741
      3.32547      2.75832    0.0220387
      3.32691      2.79095    0.0206349
      3.32834      2.74175    0.0212075
      3.32977      2.73501    0.0213611
      3.33121      2.79169    0.0182881
      3.33264      2.83802    0.0160285
      3.33408      2.84026    0.0152729
      3.33551      2.86461    0.0154033
      3.33694      2.90657    0.0157029
      3.33838      2.90311    0.0163102
      3.33981      2.87828    0.0183237
      3.34125      2.87731    0.0206225
      3.34268      2.85675    0.0199191
      3.34411      2.95864    0.0189592
      3.34555      2.98796    0.0192028
      3.34698      2.92521    0.0202689
      3.34841      2.92137    0.0197796
      3.34985      2.99269    0.0172790
      3.35128      2.99620    0.0160335
      3.35271      3.00463    0.0163904
      3.35415      3.05147    0.0169762
      3.35558      3.05718    0.0186399
      3.35701      3.02870    0.0207579
      3.35845      2.99200    0.0209733
      3.35988      3.06831    0.0193283
      3.36131      3.08057    0.0180431
      3.36274      3.01585    0.0182672
      3.36418      2.99247    0.0182634
      3.36561      3.06137    0.0170395
      3.36704      3.12947    0.0166750
      3.36847      3.07614    0.0171970
      3.36991      3.09690    0.0188565
      3.37134      3.09742    0.0184681
      3.37277      3.09864    0.0169132
      3.37420      3.14313    0.0159179
      3.37564      3.15197    0.0154286
      3.37707      3.11603    0.0155217
      3.37850      3.16619    0.0165162
      3.37993      3.17732    0.0172370
      3.38137      3.16599    0.0183175
      3.38280      3.19443    0.0190131
      3.38423      3.17100    0.0178954
      3.38566      3.16868    0.0167998
      3.38709      3.18427    0.0157948
      3.38853      3.20962    0.0148499
      3.38996      3.22687    0.0147097
      3.39139      3.23207    0.0155904
      3.39282      3.21727    0.0169435
      3.39425      3.25977    0.0171208
      3.39568      3.27569    0.0156544
      3.39711      3.29179    0.0146757
      3.39855      3.27899    0.0141609
      3.39998      3.29898    0.0140062
      3.40141      3.32507    0.0143411
      3.40284      3.35820    0.0153939
      3.40427      3.33086    0.0173076
      3.40570      3.32370    0.0193407
      3.40713      3.34077    0.0195510
      3.40856      3.29760    0.0183081
      3.40999      3.31506    0.0177143
      3.41143      3.32939    0.0167121
      3.41286      3.33693    0.0158052
      3.41429      3.37677    0.0160108
      3.41572      3.36965    0.0165812
      3.41715      3.34818    0.0169346
      3.41858      3.41695    0.0163530
      3.42001      3.44147    0.0149870
      3.42144      3.41758    0.0142260
      3.42287      3.39898    0.0140597
      3.42430      3.42656    0.0142138
      3.42573      3.46326    0.0147267
      3.42716      3.49394    0.0156604
      3.42859      3.46908    0.0165425
      3.43002      3.50343    0.0165819
      3.43145      3.51674    0.0152606
      3.43288      3.49119    0.0142350
      3.43431      3.49225    0.0139957
      3.43574      3.49273    0.0140248
      3.43717      3.51158    0.0140176
      3.43860      3.55380    0.0142926
      3.44003      3.55526    0.0148012
      3.44146      3.54624    0.0152513
      3.44288      3.58435    0.0150867
      3.44431      3.59491    0.0143652
      3.44574      3.57822    0.0138402
      3.44717      3.58168    0.0138217
      3.44860      3.58702    0.0137669
      3.45003      3.62654    0.0138223
      3.45146      3.65248    0.0139898
      3.45289      3.65834    0.0144214
      3.45432      3.64353    0.0148761
      3.45574      3.66702    0.0149222
      3.45717      3.68894    0.0143416
      3.45860      3.73261    0.0137777
      3.46003      3.73646    0.0134421
      3.46146      3.73841    0.0134425
      3.46289      3.71100    0.0135489
      3.46431      3.75965    0.0138023
      3.46574      3.76520    0.0141260
      3.46717      3.77161    0.0142626
      3.46860      3.77825    0.0138824
      3.47003      3.81337    0.0134964
      3.47145      3.82505    0.0133985
      3.47288      3.81902    0.0135402
      3.47431      3.82785    0.0136618
      3.47574      3.85134    0.0137317
      3.47716      3.85131    0.0137345
      3.47859      3.85916    0.0138117
      3.48002      3.86425    0.0137569
      3.48145      3.89641    0.0135700
      3.48287      3.90361    0.0133928
      3.48430      3.89787    0.0132737
      3.48573      3.91526    0.0132725
      3.48716      3.92372    0.0133468
      3.48858      3.90701    0.0135056
      3.49001      3.91597    0.0136139
      3.49144      3.93079    0.0136207
      3.49286      3.95938    0.0135018
      3.49429      3.97898    0.0133269
      3.49572      4.00842    0.0132150
      3.49714      4.02881    0.0131455
      3.49857      3.99072    0.0131205
      3.50000      4.03012    0.0132285
      3.50142      4.07202    0.0133430
      3.50285      4.06106    0.0133429
      3.50427      4.05819    0.0133629
      3.50570      4.05178    0.0132147
      3.50713      4.08575    0.0131418
      3.50855      4.10807    0.0131128
      3.50998      4.12775    0.0131500
      3.51140      4.14153    0.0131757
      3.51283      4.16334    0.0132010
      3.51426      4.16022    0.0131450
      3.51568      4.16824    0.0131436
      3.51711      4.17340    0.0130750
      3.51853      4.19788    0.0130306
      3.51996      4.21815    0.0129755
      3.52138      4.23280    0.0129068
      3.52281      4.26972    0.0130080
      3.52423      4.28223    0.0130639
      3.52566      4.29343    0.0131640
      3.52708      4.29575    0.0132195
      3.52851      4.26724    0.0131483
      3.52993      4.29483    0.0131939
      3.53136      4.29041    0.0131502
      3.53278      4.29444    0.0132289
      3.53421      4.30419    0.0133868
      3.53563      4.34438    0.0136250
      3.53706      4.35115    0.0135906
      3.53848      4.39985    0.0136869
      3.53991      4.39416    0.0136747
      3.54133      4.39814    0.0138239
      3.54275      4.39773    0.0138102
      3.54418      4.44718    0.0136159
      3.54560      4.46662    0.0134989
      3.54703      4.47581    0.0134364
      3.54845      4.47334    0.0133277
      3.54987      4.49102    0.0133456
      3.55130      4.51692    0.0132995
      3.55272      4.54010    0.0134170
      3.55415      4.54007    0.0135119
      3.55557      4.56710    0.0135487
      3.55699      4.58399    0.0133631
      3.55842      4.59316    0.0132472
      3.55984      4.62168    0.0131894
      3.56126      4.66810    0.0131266
      3.56269      4.67709    0.0129932
      3.56411      4.68404    0.0130404
      3.56553      4.68800    0.0132647
      3.56696      4.68803    0.0135082
      3.56838      4.68250    0.0136708
      3.56980      4.72277    0.0137337
      3.57123      4.75192    0.0136576
      3.57265      4.78386    0.0136763
      3.57407      4.81155    0.0138490
      3.57550      4.84459    0.0138691
      3.57692      4.84883    0.0136018
      3.57834      4.83043    0.0132348
      3.57976      4.83202    0.0132088
      3.58119      4.89442    0.0135412
      3.58261      4.92688    0.0136745
      3.58403      4.94911    0.0137134
      3.58546      4.96520    0.0137308
      3.58688      4.95426    0.0137359
      3.58830      4.94844    0.0136015
      3.58972      4.96969    0.0135784
      3.59114      4.98228    0.0134937
      3.59257      4.94961    0.0134037
      3.59399      4.95473    0.0133616
      3.59541      4.97278    0.0132626
      3.59683      4.97690    0.0131828
      3.59826      5.00573    0.0132338
      3.59968      5.02804    0.0131673
      3.60110      5.05364    0.0131341
      3.60252      5.05181    0.0130209
      3.60394      5.07667    0.0130364
      3.60537      5.07441    0.0132230
      3.60679      5.07732    0.0134529
      3.60821      5.07580    0.0134641
      3.60963      5.09178    0.0133542
      3.61105      5.08753    0.0132284
      3.61247      5.11762    0.0133142
      3.61390      5.12788    0.0132476
      3.61532      5.11546    0.0131562
      3.61674      5.10543    0.0130269
      3.61816      5.14322    0.0129970
      3.61958      5.14900    0.0128468
      3.62100      5.18063    0.0127884
      3.62242      5.19112    0.0127816
      3.62385      5.22127    0.0129406
      3.62527      5.20488    0.0130772
      3.62669      5.19008    0.0131428
      3.62811      5.19991    0.0131622
      3.62953      5.20566    0.0130374
      3.63095      5.17311    0.0129600
      3.63237      5.23365    0.0131321
      3.63379      5.26303    0.0131229
      3.63521      5.29164    0.0130042
      3.63663      5.31112    0.0128506
      3.63806      5.33442    0.0127612
      3.63948      5.34064    0.0127504
      3.64090      5.37830    0.0128176
      3.64232      5.35445    0.0127999
      3.64374      5.36507    0.0128838
      3.64516      5.37258    0.0129925
      3.64658      5.38971    0.0131489
      3.64800      5.42340    0.0131349
      3.64942      5.42335    0.0130428
      3.65084      5.41613    0.0129331
      3.65226      5.42340    0.0129931
      3.65368      5.39652    0.0128734
      3.65510      5.41175    0.0127342
      3.65652      5.32087    0.0126646
      3.65795      5.33629    0.0127257
      3.65937      5.45269    0.0127574
      3.66079      5.49300    0.0128127
      3.66221      5.48904    0.0128154
      3.66363      5.50257    0.0128989
      3.66505      5.45819    0.0130193
      3.66647      5.47751    0.0132658
      3.66789      5.49649    0.0134993
      3.66931      5.50294    0.0136447
      3.67073      5.49940    0.0138531
      3.67215      5.50971    0.0143881
      3.67357      5.48546    0.0145923
      3.67499      5.54398    0.0145378
      3.67641      5.59291    0.0141958
      3.67783      5.66131    0.0138993
      3.67925      5.68912    0.0136843
      3.68067      5.68616    0.0136244
      3.68209      5.69419    0.0135032
      3.68351      5.71363    0.0133860
      3.68493      5.68329    0.0131895
      3.68635      5.67754    0.0131546
      3.68777      5.71056    0.0131740
      3.68919      5.75695    0.0131503
      3.69061      5.76100    0.0130366
      3.69203      5.79444    0.0130548
      3.69345      5.80440    0.0129699
      3.69487      5.83959    0.0129007
      3.69629      5.86873    0.0128602
      3.69771      5.89345    0.0128829
      3.69913      5.88577    0.0128377
      3.70055      5.87783    0.0128021
      3.70197      5.90901    0.0128666
      3.70339      5.88044    0.0128706
      3.70481      5.89041    0.0129166
      3.70623      5.88145    0.0129394
      3.70765      5.87158    0.0130192
      3.70907      5.88725    0.0131707
      3.71049      5.90452    0.0133011
      3.71191      5.88863    0.0131312
      3.71333      5.89007    0.0130756
      3.71476      5.92524    0.0131086
      3.71618      5.94703    0.0130463
      3.71760      5.96567    0.0130294
      3.71902      5.96502    0.0129283
      3.72044      5.99378    0.0128814
      3.72186      5.99891    0.0128403
      3.72328      6.02758    0.0129238
      3.72470      6.03580    0.0129441
      3.72612      6.04799    0.0130794
      3.72754      6.02641    0.0131002
      3.72896      6.05430    0.0132290
      3.73038      6.06788    0.0132813
      3.73180      6.10969    0.0133475
      3.73322      6.18348    0.0134723
      3.73464      6.25479    0.0136302
      3.73606      6.32831    0.0136038
      3.73748      6.52299    0.0137054
      3.73890      6.67540    0.0138011
      3.74032      6.74628    0.0139009
      3.74174      6.60205    0.0137265
      3.74316      6.46365    0.0134321
      3.74458      6.35406    0.0132478
      3.74600      6.30514    0.0131732
      3.74743      6.23365    0.0132405
      3.74885      6.22355    0.0133518
      3.75027      6.18256    0.0133185
      3.75169      6.20866    0.0133327
      3.75311      6.21181    0.0132362
      3.75453      6.22567    0.0133291
      3.75595      6.22619    0.0133660
      3.75737      6.21402    0.0134125
      3.75879      6.21316    0.0134914
      3.76021      6.24548    0.0135670
      3.76163      6.24896    0.0135551
      3.76306      6.29078    0.0137194
      3.76448      6.25888    0.0136359
      3.76590      6.29798    0.0136200
      3.76732      6.29569    0.0134611
      3.76874      6.30665    0.0135769
      3.77016      6.30671    0.0136712
      3.77158      6.29739    0.0136809
      3.77301      6.32255    0.0136602
      3.77443      6.36337    0.0135120
      3.77585      6.39033    0.0133805
      3.77727      6.38336    0.0134603
      3.77869      6.36446    0.0135206
      3.78011      6.35873    0.0136402
      3.78154      6.30349    0.0136124
      3.78296      6.31952    0.0136084
      3.78438      6.35096    0.0135732
      3.78580      6.41195    0.0136190
      3.78722      6.37162    0.0137791
      3.78865      6.36991    0.0140074
      3.79007      6.41000    0.0140014
      3.79149      6.44365    0.0137693
      3.79291      6.41591    0.0135794
      3.79434      6.49559    0.0135251
      3.79576      6.50317    0.0134180
      3.79718      6.54517    0.0134625
      3.79860      6.54347    0.0134617
      3.80003      6.55205    0.0134634
      3.80145      6.55267    0.0134748
      3.80287      6.59418    0.0135605
      3.80430      6.61276    0.0134521
      3.80572      6.64043    0.0135008
      3.80714      6.63696    0.0136037
      3.80857      6.65385    0.0137999
      3.80999      6.64603    0.0139129
      3.81141      6.65436    0.0140181
      3.81284      6.62050    0.0139444
      3.81426      6.68871    0.0137231
      3.81568      6.75652    0.0135163
      3.81711      6.82182    0.0136055
      3.81853      6.84360    0.0135195
      3.81996      6.86554    0.0135055
      3.82138      6.83050    0.0134524
      3.82280      6.80938    0.0134629
      3.82423      6.78041    0.0134037
      3.82565      6.81870    0.0135013
      3.82708      6.83935    0.0134498
      3.82850      6.83072    0.0134644
      3.82993      6.81336    0.0135718
      3.83135      6.81011    0.0138000
      3.83278      6.80202    0.0139536
      3.83420      6.79765    0.0139651
      3.83563      6.72291    0.0137031
      3.83705      6.81941    0.0135858
      3.83848      6.83812    0.0135162
      3.83990      6.86396    0.0136202
      3.84133      6.88405    0.0136907
      3.84275      6.89811    0.0137886
      3.84418      6.86174    0.0137590
      3.84561      6.89441    0.0136686
      3.84703      6.88372    0.0136046
      3.84846      6.92037    0.0136453
      3.84989      6.96578    0.0136391
      3.85131      6.94628    0.0136856
      3.85274      6.95823    0.0137605
      3.85417      6.98449    0.0139210
      3.85559      6.95845    0.0139378
      3.85702      6.96340    0.0139950
      3.85845      7.00502    0.0140586
      3.85987      7.04609    0.0141213
      3.86130      7.11953    0.0141403
      3.86273      7.19532    0.0142913
      3.86416      7.19070    0.0144676
      3.86559      7.23766    0.0146768
      3.86701      7.19366    0.0147336
      3.86844      7.18758    0.0147767
      3.86987      7.16482    0.0148206
      3.87130      7.14805    0.0149811
      3.87273      7.07305    0.0150145
      3.87416      6.63599    0.0151564
      3.87558      7.02276    0.0152380
      3.87701      7.11009    0.0153033
      3.87844      7.13209    0.0153098
      3.87987      7.20342    0.0154819
      3.88130      7.17308    0.0154117
      3.88273      7.20540    0.0154420
      3.88416      7.20069    0.0154044
      3.88559      7.23328    0.0154601
      3.88702      7.29318    0.0154703
      3.88845      7.36642    0.0155565
      3.88988      7.30804    0.0154122
      3.89131      7.31606    0.0153755
      3.89275      7.30459    0.0152707
      3.89418      7.32679    0.0152306
      3.89561      7.34833    0.0151868
      3.89704      7.38380    0.0151918
      3.89847      7.37200    0.0150857
      3.89990      7.40351    0.0150794
      3.90133      7.38015    0.0150548
      3.90277      7.40217    0.0152107
      3.90420      7.47752    0.0152648
      3.90563      7.49459    0.0153714
      3.90706      7.44110    0.0153665
      3.90850      7.49340    0.0155451
      3.90993      7.47176    0.0154840
      3.91136      7.44736    0.0154156
      3.91280      7.43597    0.0153733
      3.91423      7.46225    0.0154518
      3.91567      7.43899    0.0154721
      3.91710      7.49862    0.0155003
      3.91853      7.48865    0.0154381
      3.91997      7.68084    0.0160735
      3.92140      7.45859    0.0154784
      3.92284      7.45444    0.0155209
      3.92427      7.43786    0.0154304
      3.92571      7.45981    0.0154252
      3.92715      7.46837    0.0153723
      3.92858      7.48442    0.0153490
      3.93002      7.53410    0.0152536
      3.93145      7.57110    0.0152637
      3.93289      7.56741    0.0151623
      3.93433      7.59807    0.0152164
      3.93576      7.54237    0.0150703
      3.93720      7.58041    0.0150804
      3.93864      7.53181    0.0150084
      3.94008      7.57676    0.0150223
      3.94151      7.57668    0.0149587
      3.94295      7.59430    0.0149586
      3.94439      7.56766    0.0148899
      3.94583      7.64154    0.0147753
      3.94727      7.60074    0.0146985
      3.94871      7.66104    0.0147494
      3.95015      7.69389    0.0148610
      3.95159      7.68375    0.0149379
      3.95303      7.66222    0.0148418
      3.95447      7.69386    0.0148912
      3.95591      7.62418    0.0145757
      3.95735      7.70917    0.0147295
      3.95879      7.68048    0.0146155
      3.96023      7.72699    0.0146744
      3.96167      7.73912    0.0147682
      3.96311      7.78618    0.0147229
      3.96455      7.81109    0.0147511
      3.96600      7.79528    0.0147563
      3.96744      7.80495    0.0149115
      3.96888      7.85892    0.0149855
      3.97032      7.88480    0.0150060
      3.97177      7.85946    0.0150246
      3.97321      7.84012    0.0150028
      3.97466      7.88529    0.0150788
      3.97610      7.87641    0.0150273
      3.97754      7.92257    0.0151175
      3.97899      7.95473    0.0151027
      3.98043      8.24342    0.0148721
      3.98188      8.50537    0.0141945
      3.98333      8.13908    0.0152350
      3.98477      8.02064    0.0152478
      3.98622      8.04213    0.0153259
      3.98766      7.96807    0.0151499
      3.98911      7.98665    0.0152997
      3.99056      7.97432    0.0153240
      3.99200      7.98946    0.0153893
      3.99345      7.95514    0.0153065
      3.99490      7.95926    0.0153824
      3.99635      7.96718    0.0154123
      3.99780      8.04446    0.0154892
      3.99925      8.04423    0.0154677
      4.00070      8.02976    0.0154965
      4.00214      8.03251    0.0154897
      4.00359      8.05597    0.0155234
      4.00504      8.03478    0.0156277
      4.00650      7.94270    0.0157125
      4.00795      8.06491    0.0159326
      4.00940      8.08677    0.0157975
      4.01085      8.03498    0.0156735
      4.01230      8.04401    0.0157869
      4.01375      8.10988    0.0158568
      4.01521      8.16427    0.0159528
      4.01666      8.24988    0.0160931
      4.01811      8.28055    0.0161970
      4.01957      8.23758    0.0161357
      4.02102      8.27329    0.0162489
      4.02247      8.19715    0.0162398
      4.02393      8.16379    0.0162749
      4.02538      8.22322    0.0162791
      4.02684      8.25066    0.0163338
      4.02829      8.19438    0.0163616
      4.02975      8.18744    0.0166101
      4.03121      8.29309    0.0165039
      4.03266      8.24158    0.0166095
      4.03412      8.23917    0.0166633
      4.03558      8.26246    0.0167869
      4.03703      8.29021    0.0168534
      4.03849      8.32454    0.0168824
      4.03995      8.31497    0.0169354
      4.04141      8.35244    0.0170905
      4.04287      8.37233    0.0170898
      4.04433      8.49624    0.0172157
      4.04579      8.57501    0.0172417
      4.04725      8.59377    0.0173252
      4.04871      8.77319    0.0174847
      4.05017      9.13071    0.0178937
      4.05163      9.46162    0.0182077
      4.05310      9.54871    0.0183961
      4.05456      9.23875    0.0181327
      4.05602      8.83769    0.0177426
      4.05748      8.62298    0.0174560
      4.05895      8.62997    0.0174612
      4.06041      8.56281    0.0174934
      4.06188      8.54289    0.0174960
      4.06334      8.51595    0.0174814
      4.06481      8.51987    0.0176495
      4.06627      8.49622    0.0177610
      4.06774      8.52740    0.0178091
      4.06921      8.52273    0.0176743
      4.07067      8.54265    0.0178156
      4.07214      8.56335    0.0180685
      4.07361      8.53925    0.0181297
      4.07508      8.56588    0.0180250
      4.07654      8.60251    0.0182092
      4.07801      8.59133    0.0182627
      4.07948      8.59938    0.0185920
      4.08095      8.67698    0.0186817
      4.08242      8.70708    0.0187551
      4.08389      8.76261    0.0188364
      4.08537      8.75665    0.0188147
      4.08684      8.75538    0.0189466
      4.08831      8.73193    0.0190726
      4.08978      8.62176    0.0189551
      4.09126      8.66565    0.0192449
      4.09273      8.67297    0.0192292
      4.09420      8.66096    0.0193389
      4.09568      8.71510    0.0194966
      4.09715      8.67994    0.0194320
      4.09863      8.68632    0.0194436
      4.10010      8.73392    0.0196239
      4.10158      8.73857    0.0196414
      4.10306      8.75066    0.0197655
      4.10453      8.74715    0.0197800
      4.10601      8.73694    0.0198724
      4.10749      8.81490    0.0198901
      4.10897      8.77650    0.0199855
      4.11045      8.77330    0.0200249
      4.11193      8.78962    0.0204141
      4.11341      8.81705    0.0201930
      4.11489      8.71535    0.0203228
      4.11637      8.77423    0.0203512
      4.11785      8.73255    0.0204125
      4.11934      8.77517    0.0204431
      4.12082      8.77185    0.0205423
      4.12230      8.72867    0.0204371
      4.12379      8.81491    0.0207433
      4.12527      8.80915    0.0207624
      4.12675      8.85304    0.0209226
      4.12824      8.86726    0.0212787
      4.12973      8.87451    0.0211314
      4.13121      8.88281    0.0212214
      4.13270      8.87545    0.0216251
      4.13419      8.93201    0.0214349
      4.13567      8.94937    0.0216282
      4.13716      8.91619    0.0217059
      4.13865      8.90133    0.0217598
      4.14014      8.96058    0.0219444
      4.14163      8.89786    0.0223203
      4.14312      8.99052    0.0223328
      4.14461      8.96927    0.0224983
      4.14610      8.89575    0.0224133
      4.14760      8.93334    0.0226162
      4.14909      8.99726    0.0229776
      4.15058      8.98028    0.0229839
      4.15208      8.91107    0.0231379
      4.15357      8.92478    0.0234370
      4.15507      8.92822    0.0240591
      4.15656      8.96537    0.0239421
      4.15806      8.96083    0.0241651
      4.15956      8.92644    0.0245475
      4.16105      9.00162    0.0248506
      4.16255      9.02778    0.0252330
      4.16405      9.04928    0.0257882
      4.16555      9.01595    0.0260983
      4.16705      9.01795    0.0266766
      4.16855      9.01908    0.0272299
      4.17005      9.03842    0.0279915
      4.17155      9.12040    0.0284939
      4.17305      9.15361    0.0293107
      4.17456      9.14654    0.0305004
      4.17606      9.14575    0.0314187
      4.17756      9.16673    0.0329274
      4.17907      9.10827    0.0345697
      4.18057      9.02143    0.0363013
      4.18208      8.83444    0.0381354
      4.18359      8.86094    0.0427953
      4.18509      8.78839    0.0475212
      4.18660      8.54271    0.0568782
      4.18811      8.38011    0.0720901
      4.18962      8.06105    0.0980785
      4.19113      7.89180     0.149874
      4.19264      7.76989     0.261422
      4.19415      7.37120     0.494011
      4.19566      6.12932      1.14638
      4.19717      5.81283      3.71259
      4.19869      3.98737      12.1116
      4.20020      8.34532      11.0592
      4.20171      12.6037      28.7447
      4.20323      7.97160      16.3309
      4.20474      27.7732      33.7240
      4.20626      109.719      108.831
      4.20778      19.9879      193.856
      4.20929     -3.82098      53.5518
      4.21081      5.23921      33.9583
      4.21233     0.666009      25.6388
      4.21385      6.97563      44.2409
      4.21537     -222.891      161.433
      4.21689     -2017.97      4325.50
      4.21841      54.6690      100.743
      4.21993     -69.2111      387.864
      4.22146     -4.99080      41.0272
      4.22298     -13.0643      63.5863
      4.22450     -4.58773      54.7798
      4.22603      3.90676      42.8237
      4.22755      9.92550      28.9547
      4.22908      2.93242      34.5712
      4.23061      9.60834      33.0732
      4.23214      14.8764      77.2621
      4.23366      4.67431      45.6404
      4.23519      3.49112      180.923
      4.23672     -19.4048      68.6379
      4.23825    -0.818074      70.9574
      4.23978      64.8880      40.8157
      4.24132      430.314      262.833
      4.24285      12.6772      62.2484
      4.24438     0.620277      68.5566
      4.24592     -446.436      53.3375
      4.24745     -3525.01  1.70333e+07
      4.24899     -215.100      1104.73
      4.25052      15.3615      60.9306
      4.25206      10.0767      95.6130
      4.25360    0.0274083      51.1478
      4.25514      16.4610      91.3902
      4.25668     -13.9365      79.5223
      4.25822      35.0546      346.398
      4.25976     -11.2685      32.8845
      4.26130     -92.2595      62.5344
      4.26284      1.28936      20.3511
      4.26439      1.16404      54.2373
      4.26593      2.36858      56.2347
      4.26748      59.8136      451.279
      4.26902     -4.37135      16.7672
      4.27057     -2.06167      19.3427
      4.27212      1.41397      236.035
      4.27366     -6.57657      58.4829
      4.27521      38.6631      218.339
      4.27676      18.4823      46.5292
      4.27831      61.2247      99.2403
      4.27986     -3.94720      45.2598
      4.28142     -5.34367      22.5079
      4.28297      3.66615      50.5649
      4.28452      17.2626      35.7564
      4.28608      14.0917      177.749
      4.28763      2.44626      53.2469
      4.28919     -77.5661      208.110
      4.29075      0.00000      4.91165
