SOURCE  = IRAS 08375-4109 A             / Source name
STANDARD= HD 3185                       / Standard name
OBSDATE = 13-01-2001                    / Date of observation
SPOS    = 08:39:22.5  -41:20:15.8       / Source position RA,DEC,J2000
STPOS   = 08:07:32.7  -24:18:38.0       / Standard position RA,DEC,J2000
STSPT   = F6II                          / Standard spectral type
STTEFF  = 6400                          / Standard effective temperature [K]
STMAG   = 1.91                          / Standard magnitude (adopted)
WAVEZP  = 3.45                          / Wavelength zero point [micron]
FLUXZP  = 290                           / Flux zero point [Jy]
SAIRM   = 1.05                          / Source mean airmass
STAIRM  = 1.10                          / Standard mean airmass
AIRMCORR= 0.95                          / Optimal (adopted) airmass correction
SPECRES = ~600                          / Spectral resolution

Created by E. Dartois and K. Pontoppidan (c)

Wavelength [micron] Flux [Jy] Statistical Error [Jy]

      2.81957      0.00000     0.248249
      2.82097    -0.137070     0.224711
      2.82238     0.302510     0.146888
      2.82378     0.369165     0.118243
      2.82518     0.398718    0.0968174
      2.82659     0.330062    0.0787509
      2.82799     0.320393    0.0696939
      2.82939     0.302531    0.0705380
      2.83080     0.128438    0.0997773
      2.83220     0.239551     0.234404
      2.83360     0.856187     0.884867
      2.83501     0.906714     0.961399
      2.83641     0.686542     0.382178
      2.83782     0.304872     0.190282
      2.83922     0.208844     0.101258
      2.84063     0.286469    0.0643070
      2.84203     0.374354    0.0520936
      2.84344     0.277429    0.0487852
      2.84484     0.360397    0.0618849
      2.84625     0.335906     0.112667
      2.84765     0.424413     0.135628
      2.84906     0.210396     0.119080
      2.85047     0.165633     0.110593
      2.85187     0.224677     0.149683
      2.85328     0.182454     0.178678
      2.85469     0.179012     0.106178
      2.85609     0.228628    0.0775663
      2.85750     0.283926    0.0644753
      2.85891     0.291651    0.0566484
      2.86031     0.322983    0.0472774
      2.86172     0.304211    0.0391072
      2.86313     0.274071    0.0386365
      2.86454     0.292389    0.0445027
      2.86595     0.267967    0.0536480
      2.86735     0.293971    0.0672303
      2.86876     0.295962    0.0735337
      2.87017     0.303212    0.0672286
      2.87158     0.228715    0.0483491
      2.87299     0.249113    0.0363678
      2.87440     0.256697    0.0314104
      2.87581     0.280506    0.0320551
      2.87722     0.270251    0.0347895
      2.87863     0.260959    0.0331707
      2.88004     0.234893    0.0313417
      2.88145     0.216403    0.0332136
      2.88286     0.220593    0.0343706
      2.88427     0.235963    0.0369986
      2.88568     0.230866    0.0376745
      2.88709     0.226614    0.0405214
      2.88850     0.238519    0.0400605
      2.88991     0.213107    0.0329601
      2.89132     0.211981    0.0284577
      2.89273     0.224599    0.0255917
      2.89414     0.216029    0.0225485
      2.89555     0.217290    0.0220075
      2.89696     0.215641    0.0247852
      2.89838     0.194953    0.0317614
      2.89979     0.216646    0.0467533
      2.90120     0.214128    0.0548975
      2.90261     0.176782    0.0470202
      2.90402     0.175452    0.0432181
      2.90544     0.143513    0.0393741
      2.90685     0.184787    0.0312868
      2.90826     0.198162    0.0264167
      2.90968     0.194915    0.0241073
      2.91109     0.195529    0.0239949
      2.91250     0.193058    0.0259609
      2.91392     0.198676    0.0273202
      2.91533     0.190903    0.0246907
      2.91674     0.184611    0.0231935
      2.91816     0.183772    0.0239498
      2.91957     0.191031    0.0265804
      2.92098     0.184573    0.0371810
      2.92240     0.179209    0.0462409
      2.92381     0.168324    0.0335194
      2.92523     0.174434    0.0247868
      2.92664     0.169837    0.0212861
      2.92806     0.180081    0.0204716
      2.92947     0.187266    0.0205453
      2.93089     0.171980    0.0199996
      2.93230     0.172687    0.0194943
      2.93372     0.170579    0.0201399
      2.93513     0.170689    0.0209890
      2.93655     0.165448    0.0228669
      2.93796     0.179757    0.0257173
      2.93938     0.180101    0.0264052
      2.94080     0.161720    0.0259366
      2.94221     0.169510    0.0260534
      2.94363     0.183586    0.0279188
      2.94504     0.159907    0.0264961
      2.94646     0.162912    0.0255544
      2.94788     0.167024    0.0242497
      2.94929     0.165006    0.0209565
      2.95071     0.157621    0.0207290
      2.95213     0.152291    0.0238271
      2.95354     0.142431    0.0275983
      2.95496     0.151013    0.0261499
      2.95638     0.155709    0.0221993
      2.95780     0.157449    0.0206494
      2.95921     0.162180    0.0207743
      2.96063     0.157239    0.0202651
      2.96205     0.163356    0.0193989
      2.96347     0.167159    0.0191578
      2.96489     0.159600    0.0192853
      2.96630     0.154908    0.0219510
      2.96772     0.151028    0.0282815
      2.96914     0.164890    0.0386018
      2.97056     0.119695    0.0457144
      2.97198     0.173283    0.0449078
      2.97340     0.164974    0.0362414
      2.97481     0.169514    0.0308746
      2.97623     0.170452    0.0278059
      2.97765     0.138806    0.0264550
      2.97907     0.142855    0.0270734
      2.98049     0.150594    0.0253383
      2.98191     0.144464    0.0214794
      2.98333     0.149774    0.0191227
      2.98475     0.150941    0.0181135
      2.98617     0.152938    0.0176378
      2.98759     0.143251    0.0171492
      2.98901     0.152012    0.0170683
      2.99043     0.159905    0.0174860
      2.99185     0.162203    0.0185985
      2.99327     0.156665    0.0196852
      2.99469     0.156366    0.0205775
      2.99611     0.154769    0.0215542
      2.99753     0.156241    0.0215575
      2.99895     0.158830    0.0192692
      3.00037     0.156713    0.0175690
      3.00179     0.155827    0.0174778
      3.00321     0.149704    0.0195264
      3.00463     0.140738    0.0225797
      3.00605     0.124349    0.0255652
      3.00748     0.145126    0.0230794
      3.00890     0.155337    0.0200583
      3.01032     0.159894    0.0181264
      3.01174     0.153358    0.0173287
      3.01316     0.158270    0.0183828
      3.01458     0.159640    0.0188242
      3.01600     0.150128    0.0197455
      3.01743     0.160639    0.0223407
      3.01885     0.166992    0.0267682
      3.02027     0.133538    0.0272405
      3.02169     0.147592    0.0244037
      3.02311     0.151519    0.0210876
      3.02454     0.151698    0.0179349
      3.02596     0.153859    0.0169162
      3.02738     0.154876    0.0176258
      3.02880     0.158041    0.0182206
      3.03023     0.160524    0.0195892
      3.03165     0.144758    0.0213347
      3.03307     0.160966    0.0232176
      3.03449     0.154821    0.0238649
      3.03592     0.147735    0.0259526
      3.03734     0.173764    0.0300916
      3.03876     0.171549    0.0275307
      3.04019     0.124127    0.0227371
      3.04161     0.143746    0.0208465
      3.04303     0.162493    0.0197870
      3.04446     0.162610    0.0202738
      3.04588     0.157333    0.0222618
      3.04730     0.167860    0.0226541
      3.04873     0.153510    0.0242002
      3.05015     0.155998    0.0276641
      3.05157     0.168654    0.0301842
      3.05300     0.158016    0.0353143
      3.05442     0.154881    0.0333697
      3.05585     0.147166    0.0266771
      3.05727     0.152856    0.0210717
      3.05869     0.161998    0.0185837
      3.06012     0.162810    0.0179827
      3.06154     0.163507    0.0196371
      3.06297     0.168673    0.0212140
      3.06439     0.163156    0.0209095
      3.06582     0.156456    0.0201037
      3.06724     0.170964    0.0208485
      3.06867     0.160968    0.0218158
      3.07009     0.158391    0.0232065
      3.07151     0.168628    0.0237352
      3.07294     0.158411    0.0213589
      3.07436     0.165354    0.0187673
      3.07579     0.164484    0.0165773
      3.07721     0.170509    0.0164422
      3.07864     0.171363    0.0179542
      3.08006     0.172755    0.0210359
      3.08149     0.165123    0.0245230
      3.08292     0.159361    0.0248553
      3.08434     0.168169    0.0217595
      3.08577     0.178623    0.0205828
      3.08719     0.172708    0.0206988
      3.08862     0.178406    0.0200822
      3.09004     0.180530    0.0209481
      3.09147     0.185949    0.0213950
      3.09289     0.183756    0.0225902
      3.09432     0.176064    0.0255551
      3.09575     0.165903    0.0256392
      3.09717     0.171661    0.0244736
      3.09860     0.167330    0.0211711
      3.10002     0.181047    0.0189576
      3.10145     0.189469    0.0180342
      3.10288     0.184326    0.0194775
      3.10430     0.180217    0.0239271
      3.10573     0.183896    0.0271643
      3.10715     0.200850    0.0260670
      3.10858     0.184678    0.0237983
      3.11001     0.184577    0.0241777
      3.11143     0.200791    0.0240759
      3.11286     0.204589    0.0230184
      3.11429     0.181138    0.0211894
      3.11571     0.200269    0.0205059
      3.11714     0.206522    0.0178869
      3.11857     0.197269    0.0154678
      3.11999     0.202715    0.0146058
      3.12142     0.204279    0.0148112
      3.12285     0.207698    0.0159200
      3.12427     0.206178    0.0185112
      3.12570     0.209925    0.0236557
      3.12713     0.207018    0.0276280
      3.12855     0.215237    0.0232026
      3.12998     0.214326    0.0179975
      3.13141     0.214103    0.0152652
      3.13284     0.218618    0.0145011
      3.13426     0.224744    0.0143602
      3.13569     0.223812    0.0143305
      3.13712     0.224069    0.0152871
      3.13855     0.225544    0.0171117
      3.13997     0.228472    0.0192562
      3.14140     0.232336    0.0180923
      3.14283     0.230899    0.0168758
      3.14425     0.229397    0.0177484
      3.14568     0.218697    0.0198193
      3.14711     0.241957    0.0208503
      3.14854     0.236110    0.0180762
      3.14997     0.241697    0.0157164
      3.15139     0.249006    0.0149898
      3.15282     0.247290    0.0150828
      3.15425     0.246692    0.0158926
      3.15568     0.255651    0.0169822
      3.15710     0.259792    0.0166216
      3.15853     0.257441    0.0156979
      3.15996     0.256414    0.0146975
      3.16139     0.265323    0.0141066
      3.16282     0.270540    0.0135202
      3.16424     0.272876    0.0133817
      3.16567     0.274067    0.0134837
      3.16710     0.277144    0.0136906
      3.16853     0.279353    0.0136467
      3.16996     0.281341    0.0137038
      3.17138     0.280030    0.0141342
      3.17281     0.287034    0.0147594
      3.17424     0.285789    0.0150121
      3.17567     0.287155    0.0144330
      3.17710     0.294654    0.0139647
      3.17853     0.294612    0.0135818
      3.17995     0.293914    0.0138887
      3.18138     0.298904    0.0146364
      3.18281     0.304185    0.0154883
      3.18424     0.298802    0.0151389
      3.18567     0.304198    0.0146398
      3.18710     0.306759    0.0141010
      3.18853     0.311046    0.0146165
      3.18995     0.303027    0.0167491
      3.19138     0.300879    0.0201824
      3.19281     0.322667    0.0219699
      3.19424     0.317440    0.0192189
      3.19567     0.311884    0.0177031
      3.19710     0.307817    0.0196794
      3.19853     0.329737    0.0244684
      3.19995     0.354730    0.0283755
      3.20138     0.306807    0.0264926
      3.20281     0.316489    0.0266642
      3.20424     0.351930    0.0278362
      3.20567     0.321393    0.0268400
      3.20710     0.342867    0.0323191
      3.20853     0.353334    0.0387313
      3.20996     0.331218    0.0416142
      3.21139     0.357940    0.0402127
      3.21281     0.354724    0.0322945
      3.21424     0.338759    0.0269231
      3.21567     0.339009    0.0248671
      3.21710     0.355756    0.0235696
      3.21853     0.368616    0.0218017
      3.21996     0.361334    0.0214942
      3.22139     0.339217    0.0239376
      3.22282     0.371540    0.0332033
      3.22425     0.352541    0.0432507
      3.22568     0.377147    0.0361204
      3.22710     0.391228    0.0283565
      3.22853     0.341026    0.0258336
      3.22996     0.355863    0.0293241
      3.23139     0.381140    0.0294211
      3.23282     0.382016    0.0209338
      3.23425     0.377398    0.0158744
      3.23568     0.382730    0.0142904
      3.23711     0.391106    0.0145662
      3.23854     0.383560    0.0158962
      3.23997     0.394529    0.0177496
      3.24140     0.408739    0.0188001
      3.24283     0.384635    0.0187887
      3.24426     0.386362    0.0212585
      3.24568     0.420284    0.0317323
      3.24711     0.390478    0.0325572
      3.24854     0.403889    0.0300214
      3.24997     0.412596    0.0229621
      3.25140     0.414185    0.0174259
      3.25283     0.409016    0.0143975
      3.25426     0.419988    0.0132496
      3.25569     0.427814    0.0132383
      3.25712     0.427000    0.0137864
      3.25855     0.419539    0.0156297
      3.25998     0.420798    0.0198620
      3.26141     0.425193    0.0282009
      3.26284     0.428105    0.0277685
      3.26427     0.446217    0.0214485
      3.26570     0.435882    0.0178716
      3.26713     0.428692    0.0169097
      3.26856     0.440391    0.0189092
      3.26998     0.427229    0.0221480
      3.27141     0.431212    0.0246639
      3.27284     0.458977    0.0216458
      3.27427     0.459301    0.0162410
      3.27570     0.456221    0.0142207
      3.27713     0.463645    0.0143244
      3.27856     0.448326    0.0157474
      3.27999     0.455748    0.0177737
      3.28142     0.488239    0.0170307
      3.28285     0.470985    0.0140831
      3.28428     0.477099    0.0128073
      3.28571     0.489395    0.0124701
      3.28714     0.492610    0.0124403
      3.28857     0.490393    0.0125681
      3.29000     0.490318    0.0130902
      3.29143     0.499028    0.0141625
      3.29286     0.503747    0.0157892
      3.29429     0.492703    0.0183419
      3.29572     0.533062    0.0233632
      3.29715     0.522404    0.0277104
      3.29858     0.513133    0.0298079
      3.30000     0.552263    0.0271130
      3.30143     0.512803    0.0202433
      3.30286     0.503385    0.0169881
      3.30429     0.494869    0.0161471
      3.30572     0.521970    0.0165011
      3.30715     0.513435    0.0160991
      3.30858     0.507659    0.0158989
      3.31001     0.537014    0.0169970
      3.31144     0.507918    0.0183564
      3.31287     0.478871    0.0227737
      3.31430     0.511808    0.0418368
      3.31573     0.534775     0.118649
      3.31716     0.475026     0.130528
      3.31859     0.525949    0.0857928
      3.32002     0.489362    0.0586485
      3.32145     0.498469    0.0374257
      3.32288     0.526735    0.0252620
      3.32431     0.525545    0.0195357
      3.32574     0.528498    0.0172547
      3.32717     0.511069    0.0173371
      3.32860     0.534200    0.0177949
      3.33003     0.563932    0.0161801
      3.33145     0.548746    0.0137981
      3.33288     0.549597    0.0129404
      3.33431     0.557184    0.0129684
      3.33574     0.577280    0.0131737
      3.33717     0.563685    0.0133649
      3.33860     0.554282    0.0145059
      3.34003     0.573518    0.0163057
      3.34146     0.574113    0.0164122
      3.34289     0.584609    0.0155857
      3.34432     0.563618    0.0154607
      3.34575     0.553031    0.0164107
      3.34718     0.588150    0.0168406
      3.34861     0.582390    0.0148693
      3.35004     0.566844    0.0135128
      3.35147     0.593294    0.0134345
      3.35290     0.597655    0.0138714
      3.35433     0.583102    0.0147673
      3.35576     0.583382    0.0166451
      3.35718     0.582578    0.0175461
      3.35861     0.604627    0.0165726
      3.36004     0.582536    0.0149994
      3.36147     0.578259    0.0148641
      3.36290     0.601107    0.0151487
      3.36433     0.599519    0.0144558
      3.36576     0.593335    0.0137821
      3.36719     0.582975    0.0142240
      3.36862     0.599122    0.0153928
      3.37005     0.613628    0.0157451
      3.37148     0.597723    0.0144339
      3.37291     0.615254    0.0135436
      3.37434     0.611801    0.0129869
      3.37577     0.609120    0.0130220
      3.37719     0.619047    0.0136827
      3.37862     0.607495    0.0144183
      3.38005     0.596894    0.0153183
      3.38148     0.621560    0.0161184
      3.38291     0.610043    0.0151395
      3.38434     0.611484    0.0142591
      3.38577     0.627517    0.0135788
      3.38720     0.629505    0.0127944
      3.38863     0.626707    0.0124449
      3.39006     0.619247    0.0130704
      3.39149     0.611002    0.0142146
      3.39292     0.637337    0.0149524
      3.39434     0.621757    0.0136707
      3.39577     0.623963    0.0126213
      3.39720     0.637819    0.0121796
      3.39863     0.646429    0.0120555
      3.40006     0.646915    0.0121031
      3.40149     0.637183    0.0127794
      3.40292     0.616081    0.0141324
      3.40435     0.630007    0.0161439
      3.40578     0.647179    0.0163393
      3.40721     0.616241    0.0153438
      3.40863     0.627847    0.0147513
      3.41006     0.642115    0.0142308
      3.41149     0.640358    0.0134394
      3.41292     0.649912    0.0134061
      3.41435     0.636727    0.0140083
      3.41578     0.638637    0.0147152
      3.41721     0.659541    0.0145260
      3.41864     0.645453    0.0130651
      3.42007     0.646526    0.0123720
      3.42149     0.654911    0.0121369
      3.42292     0.660183    0.0121561
      3.42435     0.664186    0.0124430
      3.42578     0.658776    0.0132133
      3.42721     0.648520    0.0141846
      3.42864     0.669666    0.0145352
      3.43007     0.667938    0.0134471
      3.43150     0.659994    0.0123003
      3.43292     0.670335    0.0119892
      3.43435     0.678581    0.0119502
      3.43578     0.678246    0.0119458
      3.43721     0.681757    0.0120616
      3.43864     0.673905    0.0124856
      3.44007     0.680599    0.0130302
      3.44150     0.690651    0.0130941
      3.44293     0.686685    0.0123631
      3.44435     0.686830    0.0118790
      3.44578     0.694013    0.0117891
      3.44721     0.700842    0.0118188
      3.44864     0.703979    0.0117561
      3.45007     0.696293    0.0118262
      3.45150     0.694775    0.0121851
      3.45292     0.701292    0.0127094
      3.45435     0.707700    0.0127351
      3.45578     0.704723    0.0122884
      3.45721     0.704754    0.0117248
      3.45864     0.705994    0.0114279
      3.46007     0.713125    0.0113555
      3.46150     0.720255    0.0114360
      3.46292     0.716200    0.0116226
      3.46435     0.713150    0.0119442
      3.46578     0.718374    0.0121644
      3.46721     0.726657    0.0119911
      3.46864     0.725416    0.0115145
      3.47006     0.728273    0.0113437
      3.47149     0.724317    0.0113236
      3.47292     0.725053    0.0114604
      3.47435     0.733031    0.0115936
      3.47578     0.731019    0.0116676
      3.47721     0.730471    0.0117082
      3.47863     0.740148    0.0117370
      3.48006     0.740485    0.0115710
      3.48149     0.738838    0.0113813
      3.48292     0.747323    0.0113037
      3.48435     0.747520    0.0113329
      3.48577     0.744056    0.0113909
      3.48720     0.752021    0.0115551
      3.48863     0.754048    0.0116516
      3.49006     0.753571    0.0116917
      3.49149     0.756700    0.0115785
      3.49291     0.764237    0.0114667
      3.49434     0.765235    0.0113276
      3.49577     0.770087    0.0112481
      3.49720     0.765691    0.0112608
      3.49863     0.771669    0.0113153
      3.50005     0.782648    0.0115253
      3.50148     0.780920    0.0114762
      3.50291     0.784002    0.0114112
      3.50434     0.784127    0.0114005
      3.50577     0.780145    0.0112606
      3.50719     0.786536    0.0112236
      3.50862     0.786336    0.0112274
      3.51005     0.791129    0.0112605
      3.51148     0.796886    0.0112785
      3.51290     0.797129    0.0112567
      3.51433     0.800670    0.0111998
      3.51576     0.802343    0.0111898
      3.51719     0.801646    0.0111152
      3.51861     0.804565    0.0110853
      3.52004     0.809168    0.0110611
      3.52147     0.814376    0.0110652
      3.52290     0.815350    0.0111416
      3.52432     0.818953    0.0112000
      3.52575     0.817492    0.0112554
      3.52718     0.819702    0.0113347
      3.52861     0.821066    0.0112546
      3.53003     0.819625    0.0112061
      3.53146     0.825609    0.0112819
      3.53289     0.826103    0.0114069
      3.53432     0.823340    0.0115865
      3.53574     0.828229    0.0116738
      3.53717     0.834328    0.0116506
      3.53860     0.832995    0.0116287
      3.54003     0.845578    0.0117792
      3.54145     0.842875    0.0117418
      3.54288     0.847117    0.0116230
      3.54431     0.853113    0.0115401
      3.54574     0.854285    0.0114647
      3.54716     0.860940    0.0114095
      3.54859     0.859504    0.0113350
      3.55002     0.857267    0.0113181
      3.55144     0.859467    0.0113474
      3.55287     0.860991    0.0113959
      3.55430     0.868919    0.0114561
      3.55573     0.874862    0.0114186
      3.55715     0.872248    0.0112884
      3.55858     0.878326    0.0112653
      3.56001     0.881029    0.0112326
      3.56143     0.885595    0.0111760
      3.56286     0.882294    0.0111331
      3.56429     0.886247    0.0112871
      3.56572     0.882966    0.0114009
      3.56714     0.888384    0.0115472
      3.56857     0.899311    0.0115980
      3.57000     0.904792    0.0116000
      3.57142     0.898753    0.0116072
      3.57285     0.899096    0.0117093
      3.57428     0.909620    0.0117208
      3.57570     0.916207    0.0116217
      3.57713     0.913839    0.0113823
      3.57856     0.919595    0.0113453
      3.57999     0.919434    0.0113408
      3.58141     0.931087    0.0115218
      3.58284     0.927793    0.0115381
      3.58427     0.922614    0.0115512
      3.58569     0.925923    0.0115099
      3.58712     0.928549    0.0115064
      3.58855     0.926640    0.0114198
      3.58997     0.920698    0.0114093
      3.59140     0.928656    0.0114599
      3.59283     0.939745    0.0114211
      3.59425     0.939443    0.0113159
      3.59568     0.941310    0.0112654
      3.59711     0.945774    0.0112708
      3.59853     0.946407    0.0112721
      3.59996     0.950261    0.0112188
      3.60139     0.957380    0.0111988
      3.60281     0.953272    0.0111431
      3.60424     0.953379    0.0112851
      3.60567     0.952875    0.0114592
      3.60709     0.963466    0.0115443
      3.60852     0.962599    0.0114100
      3.60995     0.955934    0.0113055
      3.61137     0.960681    0.0112955
      3.61280     0.966844    0.0113358
      3.61423     0.964766    0.0112649
      3.61565     0.961755    0.0111968
      3.61708     0.972664    0.0111159
      3.61851     0.971887    0.0110811
      3.61993     0.974696    0.0109853
      3.62136     0.978315    0.0110073
      3.62278     0.981517    0.0110781
      3.62421     0.977948    0.0112310
      3.62564     0.987520    0.0113607
      3.62706     0.990961    0.0113221
      3.62849     0.988532    0.0111879
      3.62992     0.987265    0.0111163
      3.63134     0.995214    0.0112636
      3.63277     0.998624    0.0112310
      3.63420     0.997720    0.0111651
      3.63562      1.00374    0.0111433
      3.63705      1.00533    0.0110388
      3.63848      1.01257    0.0110167
      3.63990      1.01597    0.0110185
      3.64133      1.02041    0.0110778
      3.64275      1.01732    0.0110914
      3.64418      1.01286    0.0112037
      3.64561      1.01607    0.0113266
      3.64703      1.01671    0.0113600
      3.64846      1.01265    0.0112126
      3.64989      1.01211    0.0111270
      3.65131      1.01749    0.0111619
      3.65274      1.00980    0.0112049
      3.65416      1.01237    0.0111184
      3.65559      1.02163    0.0110123
      3.65702      1.02550    0.0109820
      3.65844      1.02905    0.0110488
      3.65987      1.03237    0.0110556
      3.66130      1.03517    0.0110720
      3.66272      1.03429    0.0110667
      3.66415      1.03175    0.0111966
      3.66557      1.02754    0.0113742
      3.66700      1.03520    0.0116120
      3.66843      1.03964    0.0115275
      3.66985      1.03569    0.0115714
      3.67128      1.04666    0.0118645
      3.67270      1.04832    0.0120891
      3.67413      1.05216    0.0122157
      3.67556      1.06071    0.0120751
      3.67698      1.06351    0.0118793
      3.67841      1.06967    0.0116970
      3.67984      1.07129    0.0116349
      3.68126      1.06563    0.0115775
      3.68269      1.06817    0.0114611
      3.68411      1.06429    0.0114097
      3.68554      1.06077    0.0113341
      3.68697      1.06675    0.0113412
      3.68839      1.07145    0.0112403
      3.68982      1.07754    0.0111529
      3.69124      1.07940    0.0111085
      3.69267      1.08268    0.0111133
      3.69410      1.08221    0.0110461
      3.69552      1.08964    0.0110378
      3.69695      1.08981    0.0110992
      3.69837      1.09129    0.0110649
      3.69980      1.09369    0.0109892
      3.70123      1.08887    0.0109574
      3.70265      1.08340    0.0109546
      3.70408      1.08250    0.0111445
      3.70551      1.09197    0.0110693
      3.70693      1.08904    0.0111276
      3.70836      1.08529    0.0111498
      3.70978      1.09069    0.0112679
      3.71121      1.09429    0.0112354
      3.71264      1.10278    0.0112303
      3.71406      1.11322    0.0112144
      3.71549      1.10860    0.0112084
      3.71691      1.11004    0.0111688
      3.71834      1.10798    0.0110928
      3.71977      1.11471    0.0110142
      3.72119      1.11680    0.0110411
      3.72262      1.11570    0.0110226
      3.72404      1.11636    0.0110871
      3.72547      1.11999    0.0111043
      3.72690      1.11721    0.0111975
      3.72832      1.11980    0.0112341
      3.72975      1.13322    0.0113093
      3.73118      1.13142    0.0112957
      3.73260      1.13835    0.0114004
      3.73403      1.15147    0.0115019
      3.73545      1.16736    0.0115371
      3.73688      1.19817    0.0115737
      3.73831      1.22604    0.0117127
      3.73973      1.23482    0.0117442
      3.74116      1.21602    0.0116354
      3.74258      1.17322    0.0113316
      3.74401      1.15049    0.0112149
      3.74544      1.14443    0.0112315
      3.74686      1.15115    0.0112923
      3.74829      1.15757    0.0113168
      3.74972      1.16353    0.0114026
      3.75114      1.15305    0.0113365
      3.75257      1.14585    0.0113093
      3.75399      1.14502    0.0112790
      3.75542      1.14008    0.0112827
      3.75685      1.13240    0.0113112
      3.75827      1.14854    0.0115072
      3.75970      1.14749    0.0114412
      3.76113      1.14401    0.0114661
      3.76255      1.14522    0.0115315
      3.76398      1.13305    0.0117229
      3.76541      1.13013    0.0116448
      3.76683      1.14727    0.0115132
      3.76826      1.14842    0.0115175
      3.76968      1.14915    0.0116286
      3.77111      1.14143    0.0116218
      3.77254      1.14448    0.0115647
      3.77396      1.14560    0.0114407
      3.77539      1.15079    0.0114317
      3.77682      1.14186    0.0113065
      3.77824      1.15046    0.0114262
      3.77967      1.15695    0.0114993
      3.78110      1.15692    0.0116734
      3.78252      1.14933    0.0115693
      3.78395      1.15984    0.0115203
      3.78538      1.16620    0.0115154
      3.78680      1.16877    0.0116818
      3.78823      1.16870    0.0118728
      3.78966      1.17144    0.0120039
      3.79108      1.17452    0.0117349
      3.79251      1.17521    0.0116350
      3.79394      1.18054    0.0115555
      3.79536      1.17566    0.0116271
      3.79679      1.18062    0.0116172
      3.79822      1.18771    0.0115549
      3.79964      1.18855    0.0114965
      3.80107      1.18431    0.0114839
      3.80250      1.19715    0.0115739
      3.80392      1.20074    0.0115665
      3.80535      1.19663    0.0115195
      3.80678      1.19713    0.0115655
      3.80820      1.20207    0.0116525
      3.80963      1.20586    0.0118275
      3.81106      1.20804    0.0118791
      3.81249      1.21464    0.0119202
      3.81391      1.21961    0.0117806
      3.81534      1.22856    0.0116267
      3.81677      1.23733    0.0116932
      3.81819      1.23197    0.0115911
      3.81962      1.23156    0.0115320
      3.82105      1.22938    0.0115331
      3.82247      1.22815    0.0115088
      3.82390      1.23511    0.0115524
      3.82533      1.23051    0.0114731
      3.82676      1.22954    0.0115247
      3.82818      1.22602    0.0114730
      3.82961      1.22551    0.0116526
      3.83104      1.23530    0.0117418
      3.83247      1.24071    0.0118136
      3.83389      1.24347    0.0118397
      3.83532      1.23349    0.0117198
      3.83675      1.23113    0.0116012
      3.83818      1.23528    0.0115917
      3.83960      1.23500    0.0116011
      3.84103      1.23394    0.0117144
      3.84246      1.24076    0.0117733
      3.84389      1.24853    0.0118143
      3.84531      1.24588    0.0117893
      3.84674      1.24774    0.0117214
      3.84817      1.24723    0.0116829
      3.84960      1.24783    0.0117200
      3.85103      1.24242    0.0116846
      3.85245      1.24617    0.0117556
      3.85388      1.25041    0.0118371
      3.85531      1.25126    0.0119223
      3.85674      1.25709    0.0119277
      3.85817      1.26569    0.0121320
      3.85959      1.25688    0.0120341
      3.86102      1.26144    0.0121214
      3.86245      1.26513    0.0121763
      3.86388      1.27132    0.0123360
      3.86531      1.28469    0.0125100
      3.86673      1.28409    0.0126387
      3.86816      1.27665    0.0126389
      3.86959      1.26481    0.0128224
      3.87102      1.26508    0.0128704
      3.87245      1.25717    0.0131090
      3.87388      1.26178    0.0130728
      3.87531      1.26569    0.0132917
      3.87673      1.25607    0.0132482
      3.87816      1.26977    0.0132990
      3.87959      1.27961    0.0133687
      3.88102      1.26769    0.0133309
      3.88245      1.26133    0.0132633
      3.88388      1.26483    0.0132987
      3.88531      1.27522    0.0132787
      3.88674      1.27813    0.0133139
      3.88816      1.28213    0.0132991
      3.88959      1.28887    0.0133533
      3.89102      1.28692    0.0132293
      3.89245      1.29300    0.0132077
      3.89388      1.29179    0.0131365
      3.89531      1.29295    0.0130980
      3.89674      1.29155    0.0130013
      3.89817      1.28683    0.0131156
      3.89960      1.28664    0.0131063
      3.90103      1.29701    0.0130899
      3.90246      1.30124    0.0131203
      3.90389      1.30230    0.0132560
      3.90532      1.30390    0.0133319
      3.90675      1.30945    0.0135067
      3.90818      1.30949    0.0135042
      3.90961      1.30448    0.0135183
      3.91104      1.30280    0.0134031
      3.91247      1.29756    0.0134346
      3.91390      1.29321    0.0133689
      3.91533      1.29213    0.0134436
      3.91676      1.29154    0.0134062
      3.91819      1.29476    0.0134038
      3.91962      1.29152    0.0133823
      3.92105      1.29302    0.0136275
      3.92248      1.29218    0.0134507
      3.92391      1.30397    0.0133486
      3.92534      1.30696    0.0132531
      3.92677      1.31264    0.0132590
      3.92820      1.30878    0.0132088
      3.92963      1.32098    0.0130636
      3.93106      1.32933    0.0131171
      3.93249      1.32491    0.0131210
      3.93392      1.30881    0.0131233
      3.93535      1.30381    0.0131375
      3.93678      1.31793    0.0128394
      3.93821      1.32802    0.0128641
      3.93965      1.34482    0.0129100
      3.94108      1.34164    0.0128157
      3.94251      1.33873    0.0127383
      3.94394      1.33931    0.0126871
      3.94537      1.34196    0.0126240
      3.94680      1.34842    0.0126890
      3.94823      1.35423    0.0127037
      3.94967      1.34983    0.0126531
      3.95110      1.34423    0.0126351
      3.95253      1.34467    0.0127071
      3.95396      1.35585    0.0126050
      3.95539      1.34942    0.0125562
      3.95682      1.35873    0.0125693
      3.95826      1.35606    0.0125692
      3.95969      1.35234    0.0124955
      3.96112      1.34918    0.0125625
      3.96255      1.35473    0.0126088
      3.96399      1.36344    0.0126110
      3.96542      1.36893    0.0125582
      3.96685      1.37867    0.0126447
      3.96828      1.37812    0.0126684
      3.96972      1.37697    0.0127250
      3.97115      1.36901    0.0127627
      3.97258      1.36544    0.0126855
      3.97401      1.37508    0.0127795
      3.97545      1.38145    0.0128212
      3.97688      1.38907    0.0127665
      3.97831      1.39763    0.0128887
      3.97975      1.40131    0.0129958
      3.98118      1.38696    0.0128860
      3.98261      1.39673    0.0127407
      3.98405      1.39647    0.0132220
      3.98548      1.41246    0.0129857
      3.98692      1.41506    0.0130890
      3.98835      1.42037    0.0130376
      3.98978      1.40225    0.0132035
      3.99122      1.39790    0.0131655
      3.99265      1.39658    0.0131873
      3.99409      1.40908    0.0132091
      3.99552      1.41240    0.0132876
      3.99695      1.41309    0.0133083
      3.99839      1.41385    0.0133911
      3.99982      1.41287    0.0133652
      4.00126      1.41668    0.0133983
      4.00269      1.41373    0.0133827
      4.00413      1.41519    0.0134679
      4.00556      1.41986    0.0135648
      4.00700      1.41300    0.0138679
      4.00843      1.40319    0.0139401
      4.00987      1.40173    0.0136966
      4.01130      1.41841    0.0135652
      4.01274      1.42689    0.0137089
      4.01417      1.42866    0.0137571
      4.01561      1.44007    0.0138262
      4.01705      1.43323    0.0138935
      4.01848      1.42890    0.0138229
      4.01992      1.45952    0.0140044
      4.02135      1.45318    0.0140497
      4.02279      1.43433    0.0140514
      4.02423      1.42611    0.0140964
      4.02566      1.42103    0.0142678
      4.02710      1.42515    0.0141827
      4.02854      1.41427    0.0143505
      4.02997      1.41890    0.0144342
      4.03141      1.43302    0.0143531
      4.03285      1.43627    0.0144420
      4.03428      1.43099    0.0144703
      4.03572      1.42447    0.0145627
      4.03716      1.41152    0.0147469
      4.03859      1.42364    0.0148381
      4.04003      1.42490    0.0148885
      4.04147      1.43433    0.0150294
      4.04291      1.45339    0.0148851
      4.04435      1.45139    0.0149531
      4.04578      1.45691    0.0151413
      4.04722      1.51038    0.0151049
      4.04866      1.56172    0.0151608
      4.05010      1.63055    0.0157053
      4.05154      1.67098    0.0159098
      4.05297      1.64007    0.0158519
      4.05441      1.55507    0.0154953
      4.05585      1.50107    0.0153025
      4.05729      1.47706    0.0151701
      4.05873      1.46679    0.0152165
      4.06017      1.45792    0.0149223
      4.06161      1.46413    0.0150550
      4.06305      1.45050    0.0149964
      4.06449      1.44837    0.0150319
      4.06593      1.45991    0.0152509
      4.06737      1.47338    0.0154328
      4.06881      1.46437    0.0154106
      4.07025      1.47155    0.0154963
      4.07169      1.46367    0.0155429
      4.07313      1.44636    0.0155375
      4.07457      1.45979    0.0156002
      4.07601      1.45738    0.0158117
      4.07745      1.46510    0.0158514
      4.07889      1.45910    0.0159290
      4.08033      1.44587    0.0164298
      4.08177      1.45209    0.0162805
      4.08321      1.44728    0.0162252
      4.08465      1.47336    0.0161642
      4.08610      1.46772    0.0162344
      4.08754      1.46709    0.0163786
      4.08898      1.48226    0.0168102
      4.09042      1.47598    0.0165350
      4.09186      1.47061    0.0167374
      4.09331      1.47193    0.0168272
      4.09475      1.46061    0.0169300
      4.09619      1.46500    0.0169800
      4.09763      1.48178    0.0170329
      4.09908      1.47418    0.0171641
      4.10052      1.47097    0.0170712
      4.10196      1.49131    0.0171973
      4.10341      1.48244    0.0172151
      4.10485      1.48804    0.0173731
      4.10629      1.46944    0.0176219
      4.10774      1.46747    0.0176289
      4.10918      1.48481    0.0177741
      4.11062      1.49090    0.0179086
      4.11207      1.47985    0.0178875
      4.11351      1.48564    0.0179518
      4.11496      1.48863    0.0180922
      4.11640      1.47791    0.0181612
      4.11785      1.49063    0.0182057
      4.11929      1.49415    0.0183288
      4.12074      1.49660    0.0182724
      4.12218      1.48909    0.0184760
      4.12363      1.49207    0.0184408
      4.12507      1.49389    0.0186932
      4.12652      1.50382    0.0187680
      4.12796      1.50799    0.0188640
      4.12941      1.50430    0.0189789
      4.13086      1.51491    0.0190946
      4.13230      1.52502    0.0192441
      4.13375      1.51994    0.0193526
      4.13520      1.51700    0.0194307
      4.13664      1.51057    0.0194971
      4.13809      1.51792    0.0196047
      4.13954      1.51815    0.0198321
      4.14098      1.51183    0.0199766
      4.14243      1.51263    0.0200961
      4.14388      1.52525    0.0202337
      4.14533      1.52492    0.0204683
      4.14677      1.53156    0.0205885
      4.14822      1.53881    0.0207909
      4.14967      1.53864    0.0209652
      4.15112      1.54804    0.0212578
      4.15257      1.55200    0.0215551
      4.15402      1.54204    0.0217413
      4.15547      1.54048    0.0219747
      4.15692      1.55110    0.0223865
      4.15837      1.54501    0.0227014
      4.15981      1.53659    0.0231535
      4.16126      1.53262    0.0233812
      4.16271      1.55368    0.0234862
      4.16416      1.56335    0.0241297
      4.16561      1.56949    0.0248495
      4.16707      1.56779    0.0255470
      4.16852      1.59123    0.0258145
      4.16997      1.59951    0.0267931
      4.17142      1.62193    0.0280691
      4.17287      1.61759    0.0306301
      4.17432      1.57437    0.0300282
      4.17577      1.57651    0.0313138
      4.17722      1.57062    0.0338681
      4.17868      1.57162    0.0365747
      4.18013      1.55239    0.0412918
      4.18158      1.55970    0.0490438
      4.18303      1.59317    0.0612602
      4.18449      1.59227    0.0824282
      4.18594      1.62597     0.122774
      4.18739      1.62188     0.205847
      4.18885      1.73435     0.386525
      4.19030      1.53142     0.849022
      4.19175     0.498438      2.24126
      4.19321     -2.84569      8.58658
      4.19466     -21.8800      14.2995
      4.19612     -3.04246      21.1651
      4.19757   -0.0260850      32.3511
      4.19902     -27.1672      22.3412
      4.20048     -273.051      378.203
      4.20193     -10.1011      59.0151
      4.20339     -11.8503      56.4119
      4.20485     -12.5824      147.402
      4.20630      67.6288      7.43914
      4.20776      563.933      77.2128
      4.20921      72.7156      234.637
      4.21067     -12.2497      242.391
      4.21213      25.4886      87.4495
      4.21358     -9.53635      127.927
      4.21504      59.1283      135.483
      4.21650      2.95198      18.7835
      4.21795    -0.947484      7.15168
      4.21941     0.134844      7.30560
      4.22087      16.1171      27.3651
      4.22233      81.6710      184.012
      4.22379     -2.06797      8.12248
      4.22525     -4.74999      7.43153
      4.22670      4.47999      23.2142
      4.22816      77.9108      82.4522
      4.22962      307.356      1117.35
      4.23108     -9.94266      11.7841
      4.23254     -116.906      143.595
      4.23400      12.0296      89.9220
      4.23546     -3.72569      29.6864
      4.23692      1.93634      7.98220
      4.23838     -9.71876      32.3845
      4.23984      3.22809      11.1417
      4.24130     -3.32341      10.8956
      4.24277     -10.8636      872.879
      4.24423      15.1342      56.5530
      4.24569      82.8609      274.063
      4.24715      41.1579      131.105
      4.24861      12.6049      55.6134
      4.25007      22.0848      61.8574
      4.25154      50.7562      136.474
      4.25300     -14.7207      134.083
      4.25446     -3.88477      58.4943
      4.25593      2.54090      33.4537
      4.25739      4.79648      49.6713
      4.25885     -2.02377      250.775
      4.26032     -16.3635      84.9186
      4.26178      112.577      357.693
      4.26325      9.90643      20.2166
      4.26471     -3.29014      20.5671
      4.26618     -5.20161      14.7511
      4.26764     -16.4544      72.4043
      4.26911      11.1436      128.708
      4.27057     -12.9107      50.4009
      4.27204      27.5762      115.362
      4.27351      23.5356      84.9009
      4.27497      6.85670      106.400
      4.27644      88.1817      94.0345
      4.27791      3.15075      30.2698
      4.27937      1.31405      41.6985
      4.28084      6.63466      27.0163
      4.28231      0.00000      1.16692
