SOURCE  = IRS 43                        / Source name
STANDARD= BS 6084                       / Standard name
OBSDATE = 02-05-2002                    / Date of observation
SPOS    = 16:27:27.6  -24:41:04.3       / Source position RA,DEC,J2000
STPOS   = 16:37:09.4  -10:34:13.5       / Standard position RA,DEC,J2000
STSPT   = B1III                         / Standard spectral type
STTEFF  = 24200                         / Standard effective temperature [K]
STMAG   = 2.41                          / Standard magnitude (adopted)
WAVEZP  = 3.55                          / Wavelength zero point [micron]
FLUXZP  = 290                           / Flux zero point [Jy]
SAIRM   = 1.008                         / Source mean airmass
STAIRM  = 1.097                         / Standard mean airmass
AIRMCORR= 0.92                          / Optimal (adopted) airmass correction
SPECRES = ~1200                         / Spectral resolution

Created by K. M. Pontoppidan             Tue Jul 26 18:10:25 2005

Wavelength [micron] Flux [Jy] Statistical Error [Jy]

      2.82118      0.00000      1.36930
      2.82249     0.721225      1.09331
      2.82381      1.69422     0.279722
      2.82512      2.06017     0.116194
      2.82644      2.08553    0.0901597
      2.82776      1.76938    0.0846222
      2.82908      1.77207    0.0839388
      2.83040      1.83406    0.0507943
      2.83172      1.87849    0.0473084
      2.83304      2.01681    0.0764209
      2.83436      2.05627     0.218053
      2.83569     0.795754     0.722391
      2.83701      1.75357     0.750429
      2.83834      1.19410     0.507268
      2.83966     0.834297     0.245917
      2.84099      1.32884    0.0941495
      2.84232      1.57470    0.0719199
      2.84365      1.42768    0.0413236
      2.84498      1.49881    0.0326489
      2.84631      1.51429    0.0358320
      2.84764      1.58120    0.0655215
      2.84897      1.90198     0.122362
      2.85030      1.61921    0.0986151
      2.85164      1.32348    0.0557444
      2.85297      1.41724    0.0775157
      2.85431      1.19049     0.199060
      2.85564      1.04284     0.242677
      2.85698      1.30023    0.0783433
      2.85832      1.25414    0.0453194
      2.85966      1.33362    0.0460058
      2.86100      1.34610    0.0502536
      2.86234      1.26855    0.0332296
      2.86368      1.24612    0.0270945
      2.86502      1.30718    0.0274824
      2.86636      1.37494    0.0316819
      2.86771      1.33637    0.0423143
      2.86905      1.26358    0.0441223
      2.87039      1.30229    0.0429921
      2.87174      1.30773    0.0554002
      2.87309      1.07335    0.0547830
      2.87443      1.05914    0.0274918
      2.87578      1.10334    0.0207158
      2.87713      1.13793    0.0230241
      2.87848      1.10355    0.0280364
      2.87983      1.03067    0.0245788
      2.88118      1.03211    0.0230131
      2.88253      1.03178    0.0226894
      2.88388      1.04561    0.0263475
      2.88523      1.01874    0.0255027
      2.88659     0.999571    0.0243517
      2.88794     0.940327    0.0313876
      2.88930     0.979239    0.0364453
      2.89065      1.01044    0.0262915
      2.89201     0.924406    0.0235529
      2.89336     0.912984    0.0215694
      2.89472     0.912288    0.0185482
      2.89608     0.821986    0.0163498
      2.89744     0.830247    0.0164903
      2.89880     0.838984    0.0206805
      2.90016     0.852870    0.0325272
      2.90152     0.823941    0.0481596
      2.90288     0.856057    0.0335355
      2.90424     0.854676    0.0343439
      2.90560     0.836920    0.0335217
      2.90697     0.790195    0.0270489
      2.90833     0.808293    0.0225757
      2.90969     0.800653    0.0198272
      2.91106     0.763890    0.0173262
      2.91243     0.728692    0.0186996
      2.91379     0.720019    0.0218023
      2.91516     0.730019    0.0208562
      2.91653     0.697955    0.0192186
      2.91789     0.671616    0.0184514
      2.91926     0.703045    0.0176645
      2.92063     0.714322    0.0210322
      2.92200     0.704990    0.0322015
      2.92337     0.623369    0.0521588
      2.92474     0.600318    0.0333729
      2.92611     0.612536    0.0201295
      2.92749     0.627112    0.0167978
      2.92886     0.643882    0.0165278
      2.93023     0.644221    0.0167358
      2.93160     0.612177    0.0153717
      2.93298     0.610046    0.0156471
      2.93435     0.601240    0.0162605
      2.93573     0.606993    0.0160048
      2.93710     0.610852    0.0172803
      2.93848     0.587940    0.0199299
      2.93986     0.573908    0.0209142
      2.94123     0.562103    0.0193872
      2.94261     0.554956    0.0201230
      2.94399     0.510078    0.0216699
      2.94537     0.503213    0.0198855
      2.94675     0.515121    0.0227032
      2.94813     0.496988    0.0225460
      2.94951     0.525699    0.0167367
      2.95089     0.530261    0.0157213
      2.95227     0.518890    0.0171215
      2.95365     0.514626    0.0230186
      2.95503     0.531396    0.0234412
      2.95642     0.492472    0.0179113
      2.95780     0.491486    0.0168071
      2.95918     0.489579    0.0165319
      2.96057     0.500048    0.0161608
      2.96195     0.468854    0.0171027
      2.96334     0.510527    0.0155164
      2.96472     0.502789    0.0155075
      2.96611     0.514546    0.0172738
      2.96749     0.475759    0.0201740
      2.96888     0.474311    0.0262790
      2.97027     0.450432    0.0364108
      2.97166     0.401170    0.0418494
      2.97304     0.444739    0.0317816
      2.97443     0.469628    0.0272881
      2.97582     0.460337    0.0226333
      2.97721     0.474458    0.0214346
      2.97860     0.461637    0.0213369
      2.97999     0.475699    0.0213326
      2.98138     0.465513    0.0192645
      2.98277     0.460618    0.0168699
      2.98416     0.459206    0.0155152
      2.98555     0.460668    0.0148578
      2.98695     0.476757    0.0139706
      2.98834     0.476130    0.0139938
      2.98973     0.493164    0.0138840
      2.99112     0.478715    0.0143484
      2.99252     0.458553    0.0150350
      2.99391     0.429642    0.0152124
      2.99530     0.414761    0.0164297
      2.99670     0.436168    0.0185166
      2.99809     0.412462    0.0181356
      2.99949     0.419528    0.0149033
      3.00089     0.442202    0.0142203
      3.00228     0.463610    0.0141294
      3.00368     0.456311    0.0169481
      3.00507     0.448888    0.0205474
      3.00647     0.426022    0.0212832
      3.00787     0.442545    0.0187636
      3.00927     0.425582    0.0162748
      3.01066     0.420987    0.0137097
      3.01206     0.429852    0.0137063
      3.01346     0.418847    0.0145498
      3.01486     0.419357    0.0146285
      3.01626     0.447385    0.0155569
      3.01766     0.441139    0.0192399
      3.01906     0.417093    0.0213454
      3.02046     0.421984    0.0207808
      3.02186     0.427624    0.0216081
      3.02326     0.401890    0.0168974
      3.02466     0.387198    0.0136761
      3.02606     0.393582    0.0137145
      3.02746     0.415209    0.0140182
      3.02886     0.425453    0.0148178
      3.03027     0.407467    0.0160642
      3.03167     0.408444    0.0179462
      3.03307     0.391632    0.0176687
      3.03447     0.384890    0.0184560
      3.03588     0.420550    0.0217001
      3.03728     0.425477    0.0243341
      3.03868     0.417314    0.0215827
      3.04009     0.425808    0.0190011
      3.04149     0.416609    0.0167804
      3.04290     0.411191    0.0157005
      3.04430     0.408849    0.0162535
      3.04571     0.439190    0.0173398
      3.04711     0.433250    0.0171749
      3.04852     0.411884    0.0187642
      3.04992     0.401793    0.0203356
      3.05133     0.403006    0.0235740
      3.05273     0.408325    0.0255783
      3.05414     0.381790    0.0271114
      3.05555     0.396866    0.0219172
      3.05695     0.391265    0.0174377
      3.05836     0.415907    0.0141666
      3.05977     0.420555    0.0143051
      3.06117     0.426573    0.0157147
      3.06258     0.434281    0.0171509
      3.06399     0.415719    0.0159193
      3.06540     0.404929    0.0158718
      3.06680     0.403860    0.0160272
      3.06821     0.406125    0.0179097
      3.06962     0.406573    0.0179063
      3.07103     0.414576    0.0188571
      3.07244     0.426544    0.0185708
      3.07385     0.406131    0.0154234
      3.07526     0.409722    0.0137453
      3.07666     0.419219    0.0123575
      3.07807     0.420184    0.0133625
      3.07948     0.395634    0.0161868
      3.08089     0.392655    0.0201741
      3.08230     0.402244    0.0196108
      3.08371     0.380589    0.0170202
      3.08512     0.419723    0.0159302
      3.08653     0.447109    0.0154189
      3.08794     0.440699    0.0155025
      3.08936     0.410179    0.0163857
      3.09077     0.409855    0.0164667
      3.09218     0.445461    0.0171285
      3.09359     0.432968    0.0194278
      3.09500     0.465013    0.0191973
      3.09641     0.462515    0.0186077
      3.09782     0.464616    0.0183056
      3.09923     0.423522    0.0157828
      3.10065     0.416174    0.0140583
      3.10206     0.450480    0.0140314
      3.10347     0.456192    0.0175591
      3.10488     0.516749    0.0212533
      3.10629     0.479340    0.0221873
      3.10771     0.452804    0.0200883
      3.10912     0.449625    0.0190755
      3.11053     0.443915    0.0211664
      3.11194     0.442616    0.0188011
      3.11336     0.451249    0.0160895
      3.11477     0.486742    0.0172469
      3.11618     0.488851    0.0164922
      3.11760     0.463003    0.0142738
      3.11901     0.475271    0.0123879
      3.12042     0.508425    0.0119214
      3.12184     0.495620    0.0120428
      3.12325     0.511144    0.0126095
      3.12466     0.508923    0.0151837
      3.12608     0.476221    0.0189380
      3.12749     0.499941    0.0227799
      3.12890     0.524745    0.0188399
      3.13032     0.511490    0.0141951
      3.13173     0.531169    0.0126588
      3.13314     0.551919    0.0115796
      3.13456     0.563117    0.0116564
      3.13597     0.579227    0.0115763
      3.13739     0.590877    0.0127998
      3.13880     0.613311    0.0152442
      3.14021     0.602252    0.0160552
      3.14163     0.596814    0.0151800
      3.14304     0.594510    0.0132320
      3.14446     0.588247    0.0139228
      3.14587     0.595794    0.0174396
      3.14729     0.584995    0.0175467
      3.14870     0.598081    0.0144649
      3.15012     0.612173    0.0127741
      3.15153     0.620780    0.0121443
      3.15294     0.638018    0.0119936
      3.15436     0.637655    0.0130229
      3.15577     0.641004    0.0142003
      3.15719     0.653311    0.0137764
      3.15860     0.687225    0.0127825
      3.16002     0.695656    0.0127233
      3.16143     0.680844    0.0119417
      3.16285     0.684114    0.0114712
      3.16426     0.709612    0.0108582
      3.16568     0.727548    0.0111205
      3.16709     0.714227    0.0119269
      3.16851     0.731342    0.0116912
      3.16992     0.752373    0.0108841
      3.17134     0.755011    0.0116282
      3.17275     0.753491    0.0119012
      3.17417     0.761981    0.0124896
      3.17558     0.773039    0.0125697
      3.17700     0.803166    0.0116052
      3.17841     0.819400    0.0111537
      3.17983     0.806509    0.0114118
      3.18124     0.806421    0.0119403
      3.18265     0.815715    0.0129903
      3.18407     0.830230    0.0133389
      3.18548     0.846151    0.0122906
      3.18690     0.865433    0.0117278
      3.18831     0.880315    0.0118150
      3.18973     0.873803    0.0129609
      3.19114     0.859491    0.0169531
      3.19256     0.882101    0.0212296
      3.19397     0.892239    0.0169982
      3.19539     0.907892    0.0143209
      3.19680     0.923781    0.0160433
      3.19822     0.913397    0.0212551
      3.19963     0.922835    0.0217245
      3.20105     0.929824    0.0203122
      3.20246     0.906138    0.0235581
      3.20387     0.922357    0.0210127
      3.20529     0.941449    0.0211824
      3.20670     0.952161    0.0261636
      3.20812     0.949667    0.0274589
      3.20953     0.945670    0.0333291
      3.21095     0.944625    0.0367022
      3.21236     0.978116    0.0284616
      3.21377     0.964500    0.0211945
      3.21519      1.02144    0.0208890
      3.21660      1.03075    0.0188113
      3.21802      1.05181    0.0180219
      3.21943      1.02934    0.0168612
      3.22084      1.01835    0.0202100
      3.22226      1.00069    0.0271661
      3.22367      1.08970    0.0358508
      3.22509      1.11521    0.0330543
      3.22650      1.02415    0.0238387
      3.22791      1.08913    0.0198934
      3.22933      1.16255    0.0260234
      3.23074      1.16904    0.0336174
      3.23215      1.13956    0.0199330
      3.23357      1.11879    0.0143808
      3.23498      1.12161    0.0120200
      3.23639      1.15784    0.0125740
      3.23781      1.12850    0.0128686
      3.23922      1.15597    0.0170530
      3.24063      1.15188    0.0168626
      3.24205      1.16084    0.0154173
      3.24346      1.17864    0.0169517
      3.24487      1.22483    0.0223929
      3.24628      1.21197    0.0268856
      3.24770      1.19908    0.0270116
      3.24911      1.24735    0.0253957
      3.25052      1.24278    0.0175363
      3.25193      1.20997    0.0131210
      3.25335      1.23014    0.0116843
      3.25476      1.24462    0.0112314
      3.25617      1.25660    0.0113997
      3.25758      1.27087    0.0119178
      3.25900      1.27580    0.0164097
      3.26041      1.27209    0.0239300
      3.26182      1.24704    0.0252478
      3.26323      1.33286    0.0223753
      3.26464      1.31549    0.0160990
      3.26605      1.31440    0.0139741
      3.26746      1.35073    0.0156092
      3.26888      1.33116    0.0184898
      3.27029      1.33446    0.0244589
      3.27170      1.37402    0.0241405
      3.27311      1.41815    0.0178075
      3.27452      1.42122    0.0126668
      3.27593      1.40162    0.0116994
      3.27734      1.39545    0.0128041
      3.27875      1.42328    0.0144691
      3.28016      1.48899    0.0176255
      3.28157      1.47872    0.0153772
      3.28298      1.48693    0.0120184
      3.28439      1.49185    0.0108812
      3.28580      1.50315    0.0104133
      3.28721      1.51400    0.0106236
      3.28862      1.51549    0.0103292
      3.29003      1.53740    0.0118270
      3.29144      1.55213    0.0124532
      3.29285      1.56366    0.0139162
      3.29426      1.60226    0.0163066
      3.29567      1.60953    0.0193896
      3.29708      1.59531    0.0222045
      3.29849      1.66779    0.0253893
      3.29990      1.68648    0.0267883
      3.30131      1.65894    0.0192865
      3.30271      1.64014    0.0147701
      3.30412      1.66567    0.0133500
      3.30553      1.66459    0.0144833
      3.30694      1.64930    0.0131641
      3.30835      1.70152    0.0138334
      3.30975      1.67586    0.0147881
      3.31116      1.62729    0.0156768
      3.31257      1.62039    0.0211617
      3.31398      1.69349    0.0449512
      3.31539      1.65806     0.166279
      3.31679      1.55172     0.247793
      3.31820      1.74412     0.130020
      3.31961      1.86360    0.0770155
      3.32101      1.84800    0.0414691
      3.32242      1.77673    0.0291394
      3.32383      1.78534    0.0201648
      3.32523      1.79680    0.0156145
      3.32664      1.83011    0.0147178
      3.32805      1.84936    0.0160736
      3.32945      1.84954    0.0159595
      3.33086      1.86091    0.0132222
      3.33226      1.89190    0.0110468
      3.33367      1.88908    0.0114319
      3.33508      1.88943    0.0114699
      3.33648      1.93819    0.0114970
      3.33789      1.95790    0.0116200
      3.33929      1.98154    0.0130148
      3.34070      1.99952    0.0143931
      3.34210      2.02754    0.0135949
      3.34351      1.99526    0.0131510
      3.34491      2.01232    0.0136956
      3.34632      2.03728    0.0158112
      3.34772      2.09402    0.0141988
      3.34912      2.04496    0.0124262
      3.35053      2.06174    0.0112416
      3.35193      2.08232    0.0113047
      3.35334      2.10634    0.0116863
      3.35474      2.14766    0.0129575
      3.35614      2.15315    0.0153318
      3.35755      2.18346    0.0156832
      3.35895      2.17078    0.0139264
      3.36035      2.18640    0.0132187
      3.36176      2.21503    0.0133938
      3.36316      2.20153    0.0133393
      3.36456      2.21616    0.0124933
      3.36597      2.20739    0.0119730
      3.36737      2.21972    0.0131277
      3.36877      2.19852    0.0159368
      3.37017      2.13917    0.0145274
      3.37157      2.21042    0.0129957
      3.37298      2.29616    0.0121510
      3.37438      2.29097    0.0109325
      3.37578      2.31536    0.0112656
      3.37718      2.30858    0.0123284
      3.37858      2.31729    0.0128600
      3.37998      2.34118    0.0159433
      3.38138      2.34695    0.0146836
      3.38278      2.33558    0.0132971
      3.38419      2.34265    0.0118528
      3.38559      2.34537    0.0118704
      3.38699      2.36011    0.0111973
      3.38839      2.36719    0.0113775
      3.38979      2.34556    0.0116963
      3.39119      2.37315    0.0143603
      3.39259      2.36858    0.0149089
      3.39399      2.38977    0.0129713
      3.39539      2.45004    0.0113765
      3.39679      2.42077    0.0109140
      3.39818      2.41432    0.0106912
      3.39958      2.42267    0.0103100
      3.40098      2.40782    0.0116443
      3.40238      2.42001    0.0134714
      3.40378      2.45085    0.0172835
      3.40518      2.40440    0.0153451
      3.40658      2.42911    0.0143837
      3.40798      2.48037    0.0137070
      3.40937      2.46835    0.0124131
      3.41077      2.41991    0.0120627
      3.41217      2.43340    0.0116012
      3.41357      2.43727    0.0125407
      3.41497      2.47754    0.0143496
      3.41636      2.47386    0.0151544
      3.41776      2.46176    0.0125176
      3.41916      2.49309    0.0111104
      3.42055      2.50303    0.0109248
      3.42195      2.51230    0.0108779
      3.42335      2.51483    0.0114333
      3.42474      2.52071    0.0119673
      3.42614      2.52994    0.0134333
      3.42754      2.56286    0.0146825
      3.42893      2.54273    0.0138779
      3.43033      2.56451    0.0117932
      3.43173      2.55989    0.0111429
      3.43312      2.57234    0.0108453
      3.43452      2.60951    0.0108635
      3.43591      2.58965    0.0107861
      3.43731      2.56598    0.0110101
      3.43870      2.59319    0.0117570
      3.44010      2.61797    0.0128988
      3.44149      2.63815    0.0125754
      3.44289      2.63267    0.0112997
      3.44428      2.65201    0.0106051
      3.44568      2.67412    0.0103257
      3.44707      2.67333    0.0111179
      3.44847      2.64122    0.0108082
      3.44986      2.64089    0.0111311
      3.45125      2.66323    0.0121107
      3.45265      2.66447    0.0122823
      3.45404      2.71775    0.0124732
      3.45544      2.74678    0.0113604
      3.45683      2.74508    0.0107097
      3.45822      2.72241    0.0100253
      3.45962      2.72459    0.0106167
      3.46101      2.73159    0.0101120
      3.46240      2.73662    0.0106103
      3.46380      2.75846    0.0112064
      3.46519      2.77945    0.0109616
      3.46658      2.76783    0.0110858
      3.46797      2.79737    0.0105923
      3.46937      2.78932    0.0103822
      3.47076      2.78195    0.0105040
      3.47215      2.76895    0.0103772
      3.47354      2.77407    0.0103514
      3.47494      2.81375    0.0107352
      3.47633      2.84468    0.0106950
      3.47772      2.84778    0.0113494
      3.47911      2.85704    0.0109873
      3.48050      2.85128    0.0107770
      3.48189      2.86797    0.0107513
      3.48329      2.87175    0.0102556
      3.48468      2.88895    0.0104328
      3.48607      2.88088    0.0114787
      3.48746      2.91236    0.0108549
      3.48885      2.95138    0.0117156
      3.49024      2.95016    0.0108922
      3.49163      2.95680    0.0108617
      3.49302      2.99728    0.0106406
      3.49441      3.01292    0.0106163
      3.49580      3.01932    0.0105801
      3.49719      2.97394    0.0103126
      3.49858      2.90947    0.0106278
      3.49997      2.97329    0.0103862
      3.50136      2.99418    0.0108916
      3.50275      3.04513    0.0110028
      3.50414      3.05692    0.0106271
      3.50553      3.06273    0.0107379
      3.50692      3.06851    0.0107501
      3.50831      3.08353    0.0102331
      3.50970      3.11124    0.0106513
      3.51109      3.16094    0.0105232
      3.51248      3.15257    0.0103611
      3.51387      3.15870   0.00997865
      3.51526      3.15129    0.0100993
      3.51665      3.18243    0.0100173
      3.51804      3.22030    0.0102802
      3.51943      3.25864   0.00971705
      3.52082      3.22680    0.0101059
      3.52221      3.24351    0.0100423
      3.52359      3.24484    0.0102556
      3.52498      3.25596   0.00997866
      3.52637      3.27289   0.00982450
      3.52776      3.26830   0.00986028
      3.52915      3.28459   0.00993868
      3.53054      3.32522    0.0100761
      3.53192      3.31924    0.0106174
      3.53331      3.29670    0.0107782
      3.53470      3.32433    0.0110716
      3.53609      3.32638    0.0110265
      3.53748      3.33089    0.0100626
      3.53887      3.35389    0.0115024
      3.54025      3.39738    0.0107863
      3.54164      3.42800    0.0111335
      3.54303      3.41646    0.0111897
      3.54442      3.39890    0.0106717
      3.54580      3.39789    0.0107769
      3.54719      3.37504    0.0102772
      3.54858      3.45113    0.0101442
      3.54997      3.47415   0.00995623
      3.55135      3.48631    0.0102522
      3.55274      3.47772   0.00999901
      3.55413      3.51272    0.0102995
      3.55552      3.50541   0.00994357
      3.55690      3.49554   0.00989513
      3.55829      3.50167    0.0108404
      3.55968      3.46999    0.0103635
      3.56107      3.56997    0.0101474
      3.56245      3.54657   0.00994226
      3.56384      3.56255   0.00997569
      3.56523      3.58093    0.0101240
      3.56661      3.59137    0.0105636
      3.56800      3.60536    0.0100827
      3.56939      3.65332    0.0104043
      3.57078      3.64459    0.0107316
      3.57216      3.67029    0.0107114
      3.57355      3.66560    0.0109421
      3.57494      3.65029    0.0106924
      3.57632      3.68888    0.0112392
      3.57771      3.75784    0.0102251
      3.57910      3.71917    0.0107671
      3.58048      3.72479    0.0102500
      3.58187      3.74245    0.0110063
      3.58326      3.74716    0.0113108
      3.58464      3.75239    0.0107543
      3.58603      3.77496    0.0100301
      3.58742      3.80193    0.0104542
      3.58881      3.80206   0.00990929
      3.59019      3.81703    0.0106504
      3.59158      3.83779    0.0108429
      3.59297      3.85215    0.0103281
      3.59435      3.83742    0.0100822
      3.59574      3.82874    0.0101329
      3.59713      3.85925    0.0101764
      3.59851      3.90908    0.0100348
      3.59990      3.94412   0.00979046
      3.60129      3.90191   0.00991881
      3.60268      3.89210   0.00965412
      3.60406      3.88370    0.0102737
      3.60545      3.90047    0.0107643
      3.60684      3.90032    0.0107988
      3.60822      3.89506   0.00994563
      3.60961      3.95733    0.0106859
      3.61100      3.98193   0.00990040
      3.61239      3.96789    0.0107270
      3.61377      3.96836    0.0104916
      3.61516      3.97816    0.0109680
      3.61655      3.85278    0.0103118
      3.61793      3.83730   0.00971202
      3.61932      3.92044    0.0100007
      3.62071      3.97780    0.0104144
      3.62210      4.02788    0.0102594
      3.62348      4.02430    0.0103583
      3.62487      4.04261    0.0100728
      3.62626      4.04901    0.0109423
      3.62765      4.02204    0.0100351
      3.62904      4.03995    0.0102174
      3.63042      4.07339    0.0100019
      3.63181      4.07419   0.00999661
      3.63320      4.01608   0.00999456
      3.63459      3.99128    0.0107617
      3.63598      4.09787    0.0102243
      3.63736      4.10646   0.00958035
      3.63875      4.15167   0.00965979
      3.64014      4.18089   0.00930665
      3.64153      4.17441   0.00900741
      3.64292      4.17427   0.00980451
      3.64431      4.19921   0.00970335
      3.64570      4.23088    0.0106823
      3.64708      4.23388    0.0107902
      3.64847      4.26955   0.00970084
      3.64986      4.24875   0.00968460
      3.65125      4.22676    0.0101444
      3.65264      4.23288   0.00976517
      3.65403      4.14245   0.00998652
      3.65542      4.07283   0.00992916
      3.65681      4.23496   0.00959044
      3.65820      4.27349   0.00984926
      3.65959      4.26055   0.00974905
      3.66098      4.21021    0.0101699
      3.66237      4.26143    0.0101920
      3.66376      4.31708    0.0105138
      3.66515      4.34352    0.0103980
      3.66654      4.34294    0.0105622
      3.66793      4.32958   0.00999400
      3.66932      4.33197   0.00998369
      3.67071      4.38300    0.0102569
      3.67210      4.43751    0.0103830
      3.67350      4.41134    0.0102249
      3.67489      4.42769    0.0100855
      3.67628      4.48469    0.0103490
      3.67767      4.39861   0.00984836
      3.67906      4.36870   0.00952766
      3.68045      4.33576   0.00993088
      3.68185      4.43544   0.00986704
      3.68324      4.43843   0.00967170
      3.68463      4.43592    0.0102055
      3.68602      4.46990   0.00985199
      3.68742      4.48363   0.00941769
      3.68881      4.49912   0.00984135
      3.69020      4.49790   0.00954522
      3.69160      4.49489   0.00940969
      3.69299      4.49157   0.00977556
      3.69438      4.50991    0.0100167
      3.69578      4.55110    0.0101716
      3.69717      4.55953   0.00979623
      3.69857      4.52027    0.0106358
      3.69996      4.56252   0.00978393
      3.70136      4.60472   0.00998125
      3.70275      4.56899    0.0104638
      3.70415      4.60369    0.0105628
      3.70554      4.59859   0.00993390
      3.70694      4.61084   0.00964745
      3.70833      4.60276   0.00982867
      3.70973      4.63160    0.0102966
      3.71112      4.63704    0.0104354
      3.71252      4.65213   0.00987204
      3.71392      4.63524   0.00951536
      3.71532      4.58451   0.00992575
      3.71671      4.64815   0.00959270
      3.71811      4.56855    0.0101398
      3.71951      4.69541   0.00999281
      3.72091      4.72577    0.0102155
      3.72230      4.73343    0.0101884
      3.72370      4.78806   0.00975086
      3.72510      4.86966   0.00967921
      3.72650      4.85360   0.00988270
      3.72790      4.87216    0.0102994
      3.72930      4.91792    0.0101825
      3.73070      4.94259   0.00993301
      3.73210      5.05780    0.0104478
      3.73350      5.15559    0.0104787
      3.73490      5.14963    0.0105574
      3.73630      5.07006    0.0105156
      3.73770      4.88108    0.0101473
      3.73910      4.85661    0.0108541
      3.74050      4.84608    0.0106744
      3.74191      4.77347   0.00998455
      3.74331      4.84050    0.0103618
      3.74471      4.85555    0.0100842
      3.74611      4.85193   0.00970374
      3.74752      4.85708    0.0102022
      3.74892      4.82344   0.00947470
      3.75033      4.77615   0.00964619
      3.75173      4.77355    0.0103846
      3.75313      4.86402   0.00994426
      3.75454      4.75525    0.0102551
      3.75594      4.77486    0.0104756
      3.75735      4.82621    0.0101951
      3.75876      4.85147    0.0107042
      3.76016      4.85700    0.0102245
      3.76157      4.81253   0.00991369
      3.76298      4.93501   0.00981097
      3.76438      4.96679    0.0108383
      3.76579      4.91589    0.0105441
      3.76720      4.93320    0.0100309
      3.76861      4.93772    0.0105751
      3.77002      4.92441    0.0103211
      3.77142      4.89244    0.0102824
      3.77283      4.89254    0.0101702
      3.77424      4.98997    0.0100045
      3.77565      5.19479    0.0102031
      3.77706      5.08046    0.0103573
      3.77848      5.07866    0.0108611
      3.77989      5.01550    0.0108013
      3.78130      5.03739    0.0107285
      3.78271      4.97967    0.0104737
      3.78412      5.00089    0.0107115
      3.78554      4.98361    0.0100161
      3.78695      4.95438    0.0104815
      3.78836      5.05553    0.0103668
      3.78978      5.04049    0.0101666
      3.79119      5.02955    0.0108874
      3.79261      5.03811    0.0101949
      3.79402      5.11159    0.0102972
      3.79544      5.07712    0.0103233
      3.79686      5.10557   0.00972729
      3.79827      5.13609    0.0103126
      3.79969      5.12529    0.0100550
      3.80111      5.11449    0.0110343
      3.80253      5.20920    0.0107414
      3.80395      5.23241    0.0105567
      3.80537      5.15179    0.0110463
      3.80678      5.02230   0.00983624
      3.80820      5.05559   0.00956031
      3.80963      5.11719   0.00965791
      3.81105      5.09297    0.0102986
      3.81247      5.05096   0.00978924
      3.81389      5.16303    0.0104634
      3.81531      5.26409    0.0104124
      3.81674      5.15941    0.0106075
      3.81816      5.00201    0.0101587
      3.81958      5.08468    0.0103717
      3.82101      5.11918    0.0110090
      3.82243      5.12950    0.0102770
      3.82386      5.09893    0.0110604
      3.82529      5.03747    0.0109527
      3.82671      5.09659    0.0106509
      3.82814      5.17354    0.0105222
      3.82957      5.19713    0.0104595
      3.83100      5.16655   0.00967823
      3.83242      5.19225    0.0103280
      3.83385      5.20666    0.0108454
      3.83528      5.20070    0.0104239
      3.83671      5.23969    0.0111444
      3.83814      5.29830    0.0115551
      3.83958      5.27854    0.0110926
      3.84101      5.25371    0.0103447
      3.84244      5.23202    0.0100509
      3.84387      5.18201    0.0105721
      3.84531      5.20024    0.0109921
      3.84674      5.17713    0.0105731
      3.84818      5.17206    0.0106853
      3.84961      5.27522    0.0106551
      3.85105      5.24308    0.0115217
      3.85249      5.28676    0.0108082
      3.85392      5.31500    0.0105652
      3.85536      5.35701    0.0112619
      3.85680      5.26259    0.0117807
      3.85824      5.31388    0.0113360
      3.85968      5.36978    0.0119361
      3.86112      5.42694    0.0117333
      3.86256      5.30188    0.0120049
      3.86400      5.19810    0.0119706
      3.86545      5.37133    0.0114621
      3.86689      5.43917    0.0131626
      3.86833      5.39786    0.0116410
      3.86978      5.39225    0.0120619
      3.87122      5.40488    0.0118057
      3.87267      5.40224    0.0119769
      3.87412      5.43450    0.0130767
      3.87556      5.40984    0.0117025
      3.87701      5.43649    0.0125896
      3.87846      5.43985    0.0113085
      3.87991      5.46638    0.0128575
      3.88136      5.45957    0.0114318
      3.88281      5.47715    0.0129170
      3.88426      5.55949    0.0124250
      3.88571      5.51720    0.0119054
      3.88717      5.48646    0.0118415
      3.88862      5.38414    0.0116863
      3.89007      5.37675    0.0124550
      3.89153      5.38760    0.0117987
      3.89298      5.45981    0.0120062
      3.89444      5.42811    0.0119734
      3.89590      5.54674    0.0120328
      3.89736      5.60855    0.0127590
      3.89881      5.52727    0.0125528
      3.90027      5.49251    0.0128027
      3.90173      5.47154    0.0126309
      3.90319      5.48452    0.0126529
      3.90466      5.53084    0.0127845
      3.90612      5.53748    0.0126391
      3.90758      5.51848    0.0126620
      3.90905      5.48568    0.0121344
      3.91051      5.51225    0.0134865
      3.91198      5.52181    0.0122506
      3.91344      5.45773    0.0120044
      3.91491      5.49090    0.0133348
      3.91638      5.57365    0.0118114
      3.91785      5.51251    0.0116999
      3.91932      5.40772    0.0118215
      3.92079      5.43572    0.0114346
      3.92226      5.50507    0.0116104
      3.92373      5.55206    0.0126834
      3.92521      5.50906    0.0117634
      3.92668      5.50098    0.0113309
      3.92815      5.52863    0.0114032
      3.92963      5.52560    0.0121304
      3.93111      5.53624    0.0124631
      3.93258      5.56033    0.0115540
      3.93406      5.60684    0.0117391
      3.93554      5.52083    0.0112184
      3.93702      5.55996    0.0113641
      3.93850      5.57688    0.0120765
      3.93998      5.51605    0.0122319
      3.94147      5.55322    0.0113454
      3.94295      5.61056    0.0115458
      3.94443      5.53009    0.0127111
      3.94592      5.53024    0.0121379
      3.94741      5.52434    0.0112595
      3.94889      5.57924    0.0119416
      3.95038      5.63384    0.0122169
      3.95187      5.53244    0.0120129
      3.95336      5.41828    0.0116585
      3.95485      5.62307    0.0123198
      3.95635      5.53156    0.0104401
      3.95784      5.59232    0.0125676
      3.95933      5.67972    0.0126688
      3.96083      5.68473    0.0122745
      3.96232      5.60341    0.0121539
      3.96382      5.44515    0.0122250
      3.96532      5.69009    0.0130273
      3.96682      5.68097    0.0117893
      3.96832      5.63723    0.0109231
      3.96982      5.65025    0.0121854
      3.97132      5.65679    0.0119536
      3.97282      5.60538    0.0112929
      3.97433      5.56802    0.0116424
      3.97583      5.69905    0.0119911
      3.97734      5.58183    0.0120534
      3.97884      5.53648    0.0127154
      3.98035      5.68365    0.0119587
      3.98186      5.73238    0.0117916
      3.98337      5.77073    0.0109183
      3.98488      5.70821    0.0124926
      3.98640      5.81459    0.0115794
      3.98791      5.77987    0.0122818
      3.98942      5.68472    0.0113426
      3.99094      5.69746    0.0114641
      3.99246      5.72821    0.0113893
      3.99397      5.80729    0.0124890
      3.99549      5.76200    0.0124746
      3.99701      5.87823    0.0113115
      3.99853      5.83751    0.0123069
      4.00005      5.72238    0.0118515
      4.00158      5.76274    0.0118692
      4.00310      5.68965    0.0116329
      4.00463      5.78707    0.0119984
      4.00615      5.78879    0.0124338
      4.00768      5.79252    0.0124714
      4.00921      5.93783    0.0120368
      4.01074      5.84306    0.0119404
      4.01227      5.83883    0.0121852
      4.01381      5.92196    0.0119319
      4.01534      5.96113    0.0121423
      4.01687      5.83826    0.0116076
      4.01841      5.85321    0.0133275
      4.01995      5.90436    0.0131619
      4.02149      5.91876    0.0130305
      4.02303      5.95020    0.0128161
      4.02457      5.93338    0.0120983
      4.02611      5.83037    0.0123645
      4.02765      5.85749    0.0124562
      4.02920      5.91861    0.0127327
      4.03074      6.08180    0.0127620
      4.03229      5.99928    0.0123236
      4.03384      5.99759    0.0127492
      4.03539      5.96696    0.0127671
      4.03694      6.03507    0.0123709
      4.03849      6.03844    0.0136237
      4.04004      6.08038    0.0141142
      4.04160      6.15011    0.0134203
      4.04315      6.19162    0.0137860
      4.04471      6.18737    0.0138379
      4.04627      6.15960    0.0131156
      4.04783      6.25587    0.0132626
      4.04939      6.15090    0.0138394
      4.05095      6.09280    0.0128981
      4.05252      6.26670    0.0131384
      4.05408      6.41332    0.0144056
      4.05565      6.85651    0.0149029
      4.05721      7.43059    0.0139087
      4.05878      7.71925    0.0133789
      4.06035      7.57275    0.0135769
      4.06193      6.92605    0.0145781
      4.06350      6.51209    0.0144588
      4.06507      6.07610    0.0133118
      4.06665      6.13450    0.0135518
      4.06823      6.09682    0.0134138
      4.06980      6.03083    0.0125341
      4.07138      6.02191    0.0127903
      4.07297      6.00234    0.0139981
      4.07455      6.04871    0.0132750
      4.07613      6.07894    0.0143632
      4.07772      5.99586    0.0136553
      4.07931      5.98605    0.0133203
      4.08089      5.97420    0.0131694
      4.08248      5.98091    0.0142334
      4.08408      6.01218    0.0142302
      4.08567      6.11913    0.0142050
      4.08726      6.10602    0.0134314
      4.08886      6.06345    0.0147276
      4.09046      6.09564    0.0157880
      4.09205      6.09353    0.0134782
      4.09366      6.13099    0.0148111
      4.09526      6.15484    0.0128110
      4.09686      6.15281    0.0153562
      4.09846      6.25332    0.0143206
      4.10007      6.12332    0.0137884
      4.10168      5.99967    0.0146445
      4.10329      6.05612    0.0150900
      4.10490      6.20951    0.0145979
      4.10651      6.34852    0.0142272
      4.10813      6.29162    0.0156373
      4.10974      6.16349    0.0142093
      4.11136      6.23070    0.0140926
      4.11298      6.35515    0.0154149
      4.11460      6.28605    0.0147229
      4.11622      6.25435    0.0152904
      4.11784      6.33189    0.0148286
      4.11947      6.36904    0.0154096
      4.12109      6.29358    0.0154089
      4.12272      6.30360    0.0147390
      4.12435      6.35827    0.0150358
      4.12598      6.38193    0.0161166
      4.12762      6.29558    0.0160951
      4.12925      6.31421    0.0155529
      4.13089      6.26684    0.0156466
      4.13253      6.39732    0.0148308
      4.13416      6.42807    0.0165108
      4.13581      6.45486    0.0162472
      4.13745      6.44011    0.0147920
      4.13909      6.46793    0.0158314
      4.14074      6.43010    0.0157534
      4.14239      6.49206    0.0157873
      4.14404      6.45893    0.0166578
      4.14569      6.45178    0.0159454
      4.14734      6.39315    0.0172127
      4.14900      6.38349    0.0150968
      4.15065      6.46979    0.0156952
      4.15231      6.50159    0.0158840
      4.15397      6.52367    0.0165369
      4.15563      6.54242    0.0166561
      4.15730      6.46387    0.0150957
      4.15896      6.49418    0.0151491
      4.16063      6.42188    0.0166041
      4.16230      6.34688    0.0169408
      4.16397      6.56008    0.0164876
      4.16564      6.54540    0.0167427
      4.16732      6.52161    0.0174732
      4.16899      6.51952    0.0162187
      4.17067      6.49242    0.0172873
      4.17235      6.48063    0.0177727
      4.17403      6.51994    0.0166805
      4.17571      6.50130    0.0177520
      4.17740      6.67650    0.0169763
      4.17909      6.64523    0.0175830
      4.18078      6.58069    0.0173346
      4.18247      6.65836    0.0202197
      4.18416      6.64488    0.0179133
      4.18585      6.56981    0.0173710
      4.18755      6.55640    0.0190443
      4.18925      6.64149    0.0196776
      4.19095      6.51052    0.0193775
      4.19265      6.64147    0.0206166
      4.19436      6.57937    0.0218491
      4.19606      6.76213    0.0234083
      4.19777      6.80388    0.0240268
      4.19948      6.63149    0.0235655
      4.20119      6.70135    0.0231581
      4.20290      6.83640    0.0250687
      4.20462      6.73953    0.0249284
      4.20634      6.58293    0.0269901
      4.20806      6.66427    0.0292012
      4.20978      6.76007    0.0304432
      4.21150      6.77525    0.0335448
      4.21323      6.90113    0.0404313
      4.21496      6.90067    0.0460890
      4.21668      6.94010    0.0529669
      4.21842      7.01671    0.0901655
      4.22015      6.84969     0.124660
      4.22189      7.30383     0.208429
      4.22362      8.77639     0.492148
      4.22536      11.8263     0.923801
      4.22710      12.2706      3.22263
      4.22885     -8.58552      2.42490
      4.23059     -48.4436      75.6991
      4.23234     -15.2227      8.42956
      4.23409     -4.86759      148.725
      4.23585      3.36540      4.09209
      4.23760     -10.7388      8.42234
      4.23936      1.60001      3.94354
      4.24111      6.88970      6.80157
      4.24288     -42.5256      2.60207
      4.24464     -187.764      8.98590
      4.24640     -44.4806      67.5555
      4.24817      3.84130      5.23305
      4.24994      6.89031      5.37695
      4.25171      59.1938      11.0364
      4.25348      201.967      74.4833
      4.25526     -29.6911      16.6193
      4.25704     -9.29318      10.8478
      4.25882     -3.51303      8.76065
      4.26060     -6.47109      7.87471
      4.26238      65.6701      12.1267
      4.26417      230.378      367582.
      4.26596      9.32852      29.8908
      4.26775      28.5735      4.73273
      4.26955     -1.37233      10.4248
      4.27134     -13.2698      24.1420
      4.27314      9.50035      21.3526
      4.27494     -14.9509      19.5671
      4.27674     -17.2421      14.6370
      4.27855     -17.2644      16.9529
      4.28035     -2.34898      7.30720
      4.28216      9.76737      8.83936
      4.28398      114.234      69.9359
      4.28579      106.850      238.806
      4.28761     -99.0604      8714.28
      4.28942     -10.5742      50.7617
      4.29125      1.30442      15.0874
      4.29307      48.9288      15.6589
      4.29489      132.661      51.2125
      4.29672      58.1907      35.8050
      4.29855      147.407      1818.92
      4.30039     -19.1722      43.0873
      4.30222      172.074  7.47788e+07
      4.30406      46.4039      34.4590
      4.30590      0.00000      9.17934
