SOURCE  = IRS 44/WLY 2-44               / Source name
STANDARD= BS6084                        / Standard name
OBSDATE = 02-05-2002                    / Date of observation
SPOS    = 16:27:27.3  -24:39:37.4       / Source position RA,DEC,J2000
STPOS   = 16:21:11.2  -25:35:54.2       / Standard position RA,DEC,J2000
STSPT   = B1III                         / Standard spectral type
STTEFF  = 24200                         / Standard effective temperature [K]
STMAG   = 2.41                          / Standard magnitude (adopted)
WAVEZP  = 3.45                          / Wavelength zero point [micron]
FLUXZP  = 290                           / Flux zero point [Jy]
SAIRM   = 1.048                         / Source mean airmass
STAIRM  = 1.108                         / Standard mean airmass
AIRMCORR= 0.93                          / Optimal (adopted) airmass correction
SPECRES = ~1200                         / Spectral resolution

Created by K. M. Pontoppidan             Tue Jul 26 17:39:36 2005

Wavelength [micron] Flux [Jy] Statistical Error [Jy]

      2.81113      0.00000      1.25801
      2.81263    -0.217546     0.770226
      2.81412     0.322854     0.214747
      2.81561     0.392470     0.105834
      2.81710     0.405579    0.0879443
      2.81859     0.397762    0.0843380
      2.82008     0.389452    0.0707698
      2.82157     0.425294    0.0494043
      2.82306     0.453079    0.0588566
      2.82455     0.477552     0.132594
      2.82604     0.467739     0.418195
      2.82752     0.521395     0.733379
      2.82901     0.471052     0.653666
      2.83049     0.265735     0.403457
      2.83197     0.229191     0.185654
      2.83346     0.292678    0.0853140
      2.83494     0.346665    0.0597644
      2.83642     0.371103    0.0378761
      2.83790     0.356549    0.0339102
      2.83938     0.394280    0.0476138
      2.84086     0.473514    0.0880658
      2.84233     0.464795     0.112902
      2.84381     0.316764    0.0815827
      2.84529     0.268584    0.0643815
      2.84676     0.324335     0.125754
      2.84824     0.427363     0.216340
      2.84971     0.348857     0.177401
      2.85118     0.350556    0.0652272
      2.85266     0.356377    0.0455889
      2.85413     0.329043    0.0476877
      2.85560     0.259895    0.0434910
      2.85707     0.270147    0.0307923
      2.85854     0.316366    0.0272472
      2.86001     0.341301    0.0291478
      2.86148     0.343911    0.0359001
      2.86294     0.372904    0.0430287
      2.86441     0.346092    0.0436707
      2.86588     0.334069    0.0479140
      2.86734     0.338806    0.0551502
      2.86880     0.315543    0.0439458
      2.87027     0.311973    0.0248007
      2.87173     0.305374    0.0216314
      2.87319     0.342768    0.0250129
      2.87466     0.335016    0.0266627
      2.87612     0.289707    0.0239564
      2.87758     0.281130    0.0228839
      2.87904     0.276850    0.0241408
      2.88049     0.270410    0.0260111
      2.88195     0.265880    0.0250449
      2.88341     0.268942    0.0271440
      2.88487     0.278108    0.0333939
      2.88632     0.287300    0.0324126
      2.88778     0.253544    0.0252035
      2.88923     0.253425    0.0227648
      2.89069     0.265186    0.0203695
      2.89214     0.250141    0.0176751
      2.89359     0.232334    0.0164053
      2.89505     0.227954    0.0181535
      2.89650     0.229716    0.0253829
      2.89795     0.232785    0.0387316
      2.89940     0.228317    0.0423522
      2.90085     0.230298    0.0338554
      2.90230     0.227644    0.0340165
      2.90375     0.208346    0.0309511
      2.90520     0.223813    0.0252724
      2.90664     0.218189    0.0214841
      2.90809     0.207364    0.0188340
      2.90954     0.207653    0.0178712
      2.91098     0.232608    0.0199311
      2.91243     0.244307    0.0214264
      2.91387     0.185842    0.0202058
      2.91532     0.187228    0.0189138
      2.91676     0.212412    0.0181388
      2.91820     0.208893    0.0190012
      2.91964     0.200763    0.0254659
      2.92109     0.206397    0.0401235
      2.92253     0.210070    0.0446999
      2.92397     0.174059    0.0281149
      2.92541     0.161811    0.0188067
      2.92685     0.169927    0.0166905
      2.92829     0.177279    0.0166102
      2.92972     0.177699    0.0161941
      2.93116     0.165559    0.0154809
      2.93260     0.170455    0.0158905
      2.93403     0.169674    0.0161589
      2.93547     0.153514    0.0165110
      2.93691     0.140479    0.0183320
      2.93834     0.161902    0.0203204
      2.93978     0.166642    0.0203078
      2.94121     0.168089    0.0196791
      2.94264     0.159863    0.0207369
      2.94408     0.154357    0.0209613
      2.94551     0.166673    0.0210039
      2.94694     0.189074    0.0226406
      2.94837     0.166192    0.0202396
      2.94980     0.158501    0.0163335
      2.95123     0.157312    0.0162771
      2.95266     0.152187    0.0194624
      2.95409     0.164781    0.0231861
      2.95552     0.164801    0.0212457
      2.95695     0.142379    0.0174728
      2.95838     0.139904    0.0166977
      2.95981     0.143417    0.0163845
      2.96123     0.141591    0.0165346
      2.96266     0.147146    0.0164729
      2.96409     0.144858    0.0155128
      2.96551     0.138172    0.0162086
      2.96694     0.139240    0.0184250
      2.96836     0.134587    0.0225974
      2.96979     0.143862    0.0303009
      2.97121     0.129011    0.0385695
      2.97264     0.101255    0.0378523
      2.97406     0.131660    0.0299974
      2.97548     0.141420    0.0254399
      2.97690     0.139801    0.0221572
      2.97833     0.126275    0.0213956
      2.97975     0.136446    0.0213350
      2.98117     0.134196    0.0205114
      2.98259     0.127951    0.0183137
      2.98401     0.128293    0.0163320
      2.98543     0.128076    0.0152541
      2.98685     0.134241    0.0145055
      2.98827     0.135434    0.0139797
      2.98969     0.124912    0.0139501
      2.99110     0.118700    0.0140683
      2.99252     0.124094    0.0146209
      2.99394     0.127976    0.0151053
      2.99536     0.127906    0.0156956
      2.99677     0.127043    0.0172581
      2.99819     0.130648    0.0183653
      2.99961     0.123268    0.0168523
      3.00102     0.120304    0.0146321
      3.00244     0.121268    0.0141842
      3.00385     0.130040    0.0152483
      3.00527     0.142895    0.0183769
      3.00668     0.136848    0.0208394
      3.00809     0.125784    0.0202828
      3.00951     0.119692    0.0177755
      3.01092     0.113778    0.0152564
      3.01233     0.114578    0.0137083
      3.01375     0.113742    0.0140411
      3.01516     0.112480    0.0145810
      3.01657     0.111999    0.0149970
      3.01798     0.109328    0.0170189
      3.01939     0.116320    0.0200756
      3.02080     0.118251    0.0211211
      3.02221     0.121282    0.0211091
      3.02362     0.125256    0.0197379
      3.02503     0.109898    0.0156185
      3.02644     0.111702    0.0136913
      3.02785     0.123429    0.0138350
      3.02926     0.124268    0.0143356
      3.03067     0.113520    0.0153126
      3.03208     0.115363    0.0168113
      3.03348     0.105735    0.0178359
      3.03489    0.0923452    0.0179811
      3.03630     0.111944    0.0197438
      3.03771     0.128564    0.0227456
      3.03911     0.141767    0.0232416
      3.04052     0.149759    0.0205577
      3.04192     0.125860    0.0181194
      3.04333     0.115415    0.0163516
      3.04474     0.106245    0.0159200
      3.04614     0.116755    0.0166847
      3.04755     0.127524    0.0172743
      3.04895     0.112231    0.0178057
      3.05036     0.102643    0.0193879
      3.05176     0.117731    0.0216211
      3.05316     0.138999    0.0243695
      3.05457     0.101935    0.0261867
      3.05597    0.0920283    0.0250492
      3.05737     0.118908    0.0201387
      3.05878     0.121769    0.0161390
      3.06018     0.110034    0.0142215
      3.06158     0.111039    0.0148647
      3.06298     0.109898    0.0162848
      3.06439     0.110665    0.0166619
      3.06579     0.100865    0.0159004
      3.06719    0.0992851    0.0159335
      3.06859    0.0992401    0.0167745
      3.06999    0.0954052    0.0179082
      3.07139     0.109018    0.0182836
      3.07279     0.116631    0.0187433
      3.07419     0.107514    0.0173212
      3.07559     0.105799    0.0147572
      3.07699     0.104403    0.0131943
      3.07839     0.109218    0.0127564
      3.07979     0.103483    0.0144837
      3.08119    0.0985923    0.0177696
      3.08259     0.106106    0.0199503
      3.08399     0.117039    0.0185822
      3.08539     0.114700    0.0165874
      3.08679     0.113018    0.0157271
      3.08819     0.109699    0.0154520
      3.08959     0.113637    0.0158530
      3.09098     0.117495    0.0164177
      3.09238     0.116996    0.0167293
      3.09378     0.113387    0.0180412
      3.09518     0.122001    0.0193361
      3.09657     0.113091    0.0189630
      3.09797    0.0996311    0.0184876
      3.09937     0.115378    0.0173039
      3.10076     0.119314    0.0150981
      3.10216     0.110209    0.0140476
      3.10356     0.106746    0.0154318
      3.10495     0.116664    0.0190255
      3.10635     0.123507    0.0216238
      3.10775     0.115811    0.0213538
      3.10914     0.106608    0.0196861
      3.11054     0.103365    0.0199054
      3.11193    0.0948944    0.0202272
      3.11333    0.0926703    0.0177245
      3.11472     0.114682    0.0165488
      3.11612     0.121078    0.0169471
      3.11751     0.111561    0.0156114
      3.11891     0.106784    0.0135250
      3.12030     0.113976    0.0122027
      3.12170     0.123452    0.0119696
      3.12309     0.131593    0.0122677
      3.12449     0.132064    0.0136314
      3.12588     0.130504    0.0166740
      3.12728     0.135835    0.0204629
      3.12867     0.122983    0.0212154
      3.13006     0.116781    0.0169957
      3.13146     0.132554    0.0135851
      3.13285     0.127375    0.0122303
      3.13424     0.130938    0.0116100
      3.13564     0.144267    0.0116245
      3.13703     0.145693    0.0120619
      3.13842     0.146011    0.0137701
      3.13982     0.144500    0.0155659
      3.14121     0.143482    0.0157075
      3.14260     0.148086    0.0144065
      3.14400     0.151598    0.0135061
      3.14539     0.154653    0.0153188
      3.14678     0.164132    0.0174819
      3.14817     0.165146    0.0163230
      3.14957     0.152940    0.0137935
      3.15096     0.152038    0.0125239
      3.15235     0.153132    0.0120843
      3.15374     0.163506    0.0124021
      3.15514     0.165245    0.0134901
      3.15653     0.163038    0.0140318
      3.15792     0.175240    0.0133816
      3.15931     0.182322    0.0127588
      3.16070     0.176131    0.0124128
      3.16210     0.179630    0.0117548
      3.16349     0.182761    0.0112277
      3.16488     0.179162    0.0109621
      3.16627     0.188021    0.0114404
      3.16766     0.191946    0.0118331
      3.16905     0.190208    0.0113705
      3.17044     0.198028    0.0111793
      3.17184     0.207051    0.0117363
      3.17323     0.204892    0.0121345
      3.17462     0.200181    0.0125211
      3.17601     0.213438    0.0121865
      3.17740     0.212279    0.0114256
      3.17879     0.212132    0.0112559
      3.18018     0.217185    0.0116214
      3.18157     0.221001    0.0123569
      3.18297     0.211454    0.0131283
      3.18436     0.208487    0.0129223
      3.18575     0.218041    0.0120667
      3.18714     0.222424    0.0117621
      3.18853     0.230104    0.0122696
      3.18992     0.225951    0.0145453
      3.19131     0.226217    0.0186499
      3.19270     0.233411    0.0195486
      3.19409     0.220414    0.0159345
      3.19548     0.220069    0.0150041
      3.19688     0.226595    0.0181114
      3.19827     0.231941    0.0214401
      3.19966     0.221164    0.0211623
      3.20105     0.210894    0.0215994
      3.20244     0.229789    0.0225462
      3.20383     0.234917    0.0210788
      3.20522     0.245371    0.0231584
      3.20661     0.243689    0.0266758
      3.20800     0.233829    0.0297868
      3.20939     0.232343    0.0346651
      3.21078     0.246866    0.0334278
      3.21217     0.267011    0.0255747
      3.21357     0.267855    0.0210719
      3.21496     0.256987    0.0200627
      3.21635     0.253577    0.0184964
      3.21774     0.248444    0.0175598
      3.21913     0.252755    0.0181894
      3.22052     0.269707    0.0229698
      3.22191     0.278306    0.0306105
      3.22330     0.274451    0.0347357
      3.22469     0.259570    0.0293922
      3.22608     0.257763    0.0222707
      3.22748     0.283059    0.0223249
      3.22887     0.285763    0.0290342
      3.23026     0.273188    0.0281804
      3.23165     0.288997    0.0177268
      3.23304     0.305509    0.0134429
      3.23443     0.307671    0.0122393
      3.23582     0.303118    0.0126902
      3.23721     0.308912    0.0145289
      3.23861     0.310400    0.0169759
      3.24000     0.288914    0.0162872
      3.24139     0.291969    0.0160252
      3.24278     0.314150    0.0191100
      3.24417     0.308854    0.0241737
      3.24556     0.310908    0.0269325
      3.24695     0.335012    0.0263670
      3.24835     0.347454    0.0222728
      3.24974     0.352993    0.0157818
      3.25113     0.331847    0.0125498
      3.25252     0.335496    0.0115038
      3.25391     0.344840    0.0112975
      3.25530     0.353443    0.0116045
      3.25670     0.350258    0.0136998
      3.25809     0.357022    0.0193928
      3.25948     0.370668    0.0244491
      3.26087     0.363344    0.0241033
      3.26226     0.366552    0.0198813
      3.26366     0.369084    0.0152542
      3.26505     0.357356    0.0146221
      3.26644     0.353054    0.0167512
      3.26783     0.351849    0.0208570
      3.26923     0.361512    0.0243280
      3.27062     0.396923    0.0216216
      3.27201     0.393255    0.0157645
      3.27341     0.373219    0.0122814
      3.27480     0.388419    0.0121369
      3.27619     0.390964    0.0134636
      3.27758     0.394409    0.0157197
      3.27898     0.405317    0.0167300
      3.28037     0.397215    0.0140420
      3.28176     0.402356    0.0115659
      3.28316     0.417807    0.0106944
      3.28455     0.423330    0.0104958
      3.28594     0.428380    0.0105057
      3.28734     0.431338    0.0109227
      3.28873     0.429932    0.0120743
      3.29013     0.435236    0.0130323
      3.29152     0.441916    0.0148633
      3.29291     0.459694    0.0175275
      3.29431     0.461305    0.0205033
      3.29570     0.465685    0.0234644
      3.29710     0.510902    0.0259382
      3.29849     0.502857    0.0238046
      3.29989     0.469982    0.0174911
      3.30128     0.463950    0.0142044
      3.30267     0.471051    0.0137977
      3.30407     0.474887    0.0139574
      3.30546     0.467556    0.0134279
      3.30686     0.473571    0.0142102
      3.30825     0.482535    0.0151383
      3.30965     0.471881    0.0178508
      3.31104     0.491674    0.0305958
      3.31244     0.535304    0.0930581
      3.31384     0.459284     0.198496
      3.31523     0.403587     0.200895
      3.31663     0.483255     0.108906
      3.31802     0.461665    0.0628693
      3.31942     0.481230    0.0365574
      3.32082     0.487646    0.0255682
      3.32221     0.484236    0.0183540
      3.32361     0.476950    0.0152552
      3.32501     0.494557    0.0152528
      3.32640     0.514074    0.0160243
      3.32780     0.509665    0.0148691
      3.32920     0.505657    0.0123561
      3.33059     0.511231    0.0111978
      3.33199     0.530489    0.0114451
      3.33339     0.542836    0.0114786
      3.33478     0.534419    0.0115438
      3.33618     0.528719    0.0121713
      3.33758     0.542899    0.0135588
      3.33898     0.550673    0.0140727
      3.34038     0.542590    0.0134153
      3.34177     0.539345    0.0133642
      3.34317     0.550925    0.0145311
      3.34457     0.559187    0.0151657
      3.34597     0.556721    0.0134911
      3.34737     0.557007    0.0119532
      3.34877     0.561596    0.0112639
      3.35016     0.563284    0.0114531
      3.35156     0.567177    0.0121871
      3.35296     0.570094    0.0138948
      3.35436     0.588894    0.0154648
      3.35576     0.589473    0.0149799
      3.35716     0.563209    0.0136414
      3.35856     0.565413    0.0132846
      3.35996     0.587059    0.0133678
      3.36136     0.593281    0.0129992
      3.36276     0.586709    0.0122830
      3.36416     0.591353    0.0124274
      3.36556     0.614553    0.0142379
      3.36696     0.639002    0.0153721
      3.36836     0.634605    0.0139150
      3.36977     0.629548    0.0126567
      3.37117     0.624651    0.0116634
      3.37257     0.618097    0.0110609
      3.37397     0.622493    0.0116836
      3.37537     0.617277    0.0125352
      3.37677     0.625677    0.0140785
      3.37817     0.634921    0.0154356
      3.37958     0.619196    0.0141263
      3.38098     0.616094    0.0127185
      3.38238     0.625361    0.0118551
      3.38378     0.644212    0.0115990
      3.38519     0.647638    0.0112652
      3.38659     0.642444    0.0115007
      3.38799     0.646670    0.0127488
      3.38939     0.657368    0.0145702
      3.39080     0.655260    0.0141322
      3.39220     0.646570    0.0123335
      3.39360     0.666746    0.0111889
      3.39501     0.676377    0.0108219
      3.39641     0.676083    0.0105364
      3.39782     0.675566    0.0108364
      3.39922     0.663923    0.0123657
      3.40063     0.679958    0.0149778
      3.40203     0.706011    0.0165041
      3.40343     0.688000    0.0149553
      3.40484     0.679979    0.0141092
      3.40625     0.692402    0.0131877
      3.40765     0.701219    0.0122689
      3.40906     0.703497    0.0118751
      3.41046     0.701353    0.0119695
      3.41187     0.701266    0.0132529
      3.41327     0.728102    0.0146606
      3.41468     0.742451    0.0140993
      3.41609     0.718435    0.0119535
      3.41749     0.718160    0.0110325
      3.41890     0.720208    0.0109022
      3.42031     0.719669    0.0110942
      3.42171     0.719969    0.0116413
      3.42312     0.723486    0.0125446
      3.42453     0.735357    0.0139222
      3.42593     0.754405    0.0143540
      3.42734     0.752395    0.0130428
      3.42875     0.729145    0.0115300
      3.43016     0.739562    0.0110205
      3.43157     0.752455    0.0108478
      3.43297     0.762278    0.0108280
      3.43438     0.767379    0.0108706
      3.43579     0.759265    0.0113018
      3.43720     0.767850    0.0122040
      3.43861     0.772592    0.0127630
      3.44002     0.759172    0.0120627
      3.44143     0.756830    0.0110192
      3.44284     0.759052    0.0104893
      3.44425     0.767116    0.0106350
      3.44566     0.792947    0.0109903
      3.44707     0.788792    0.0109318
      3.44848     0.788112    0.0115145
      3.44989     0.792059    0.0121723
      3.45130     0.799552    0.0123513
      3.45271     0.803113    0.0120249
      3.45412     0.805277    0.0110966
      3.45553     0.801541    0.0104331
      3.45694     0.802054    0.0102556
      3.45836     0.812759    0.0104118
      3.45977     0.806353    0.0103048
      3.46118     0.802980    0.0108413
      3.46259     0.817716    0.0111026
      3.46400     0.835206    0.0110041
      3.46542     0.822096    0.0108833
      3.46683     0.812215    0.0105031
      3.46824     0.817039    0.0104256
      3.46966     0.827579    0.0104487
      3.47107     0.831811    0.0103616
      3.47248     0.831898    0.0104981
      3.47390     0.837496    0.0107131
      3.47531     0.842046    0.0109481
      3.47672     0.853824    0.0111984
      3.47814     0.849269    0.0108968
      3.47955     0.852200    0.0107609
      3.48097     0.866363    0.0105489
      3.48238     0.870565    0.0103203
      3.48380     0.864856    0.0108423
      3.48521     0.866662    0.0112251
      3.48663     0.871049    0.0111901
      3.48804     0.875043    0.0113825
      3.48946     0.873747    0.0108742
      3.49087     0.879317    0.0107675
      3.49229     0.887281    0.0106240
      3.49370     0.889277    0.0105958
      3.49512     0.891601    0.0104682
      3.49654     0.897305    0.0104320
      3.49795     0.905875    0.0105261
      3.49937     0.909552    0.0105811
      3.50079     0.915856    0.0109299
      3.50220     0.922381    0.0108472
      3.50362     0.931717    0.0106649
      3.50504     0.936609    0.0107376
      3.50646     0.932875    0.0105399
      3.50787     0.932649    0.0103937
      3.50929     0.936508    0.0105948
      3.51071     0.941501    0.0104524
      3.51213     0.941581    0.0102026
      3.51355     0.949699    0.0100193
      3.51497     0.952324    0.0100598
      3.51639     0.953069    0.0101150
      3.51781     0.958162    0.0100497
      3.51922     0.966121   0.00986479
      3.52064     0.969031    0.0100742
      3.52206     0.973277    0.0101203
      3.52348     0.975729    0.0101393
      3.52490     0.976971   0.00991079
      3.52632     0.972422   0.00983144
      3.52774     0.983781   0.00988392
      3.52916     0.989564   0.00998601
      3.53059     0.990598    0.0102834
      3.53201     0.994609    0.0106733
      3.53343     0.998176    0.0108856
      3.53485      1.00825    0.0110434
      3.53627      1.01113    0.0106340
      3.53769      1.01095    0.0106253
      3.53911      1.02525    0.0112093
      3.54054      1.02787    0.0109141
      3.54196      1.02929    0.0111452
      3.54338      1.03570    0.0109741
      3.54480      1.04085    0.0107045
      3.54622      1.04809    0.0105694
      3.54765      1.05564    0.0102159
      3.54907      1.03758    0.0100609
      3.55049      1.03614    0.0100643
      3.55192      1.03415    0.0101418
      3.55334      1.04557    0.0101084
      3.55476      1.05822    0.0101489
      3.55619      1.06494   0.00991521
      3.55761      1.06307    0.0102615
      3.55904      1.07074    0.0106422
      3.56046      1.08383    0.0102678
      3.56189      1.08785    0.0100563
      3.56331      1.09068   0.00994522
      3.56473      1.09074    0.0100237
      3.56616      1.08973    0.0102882
      3.56758      1.09514    0.0103624
      3.56901      1.10251    0.0101992
      3.57044      1.10840    0.0105237
      3.57186      1.11243    0.0107127
      3.57329      1.12796    0.0107898
      3.57471      1.12972    0.0108292
      3.57614      1.12166    0.0108968
      3.57757      1.12715    0.0108235
      3.57899      1.13468    0.0104262
      3.58042      1.13536    0.0105491
      3.58185      1.14060    0.0105372
      3.58327      1.14556    0.0111136
      3.58470      1.14336    0.0110757
      3.58613      1.13777    0.0104528
      3.58755      1.14480    0.0101839
      3.58898      1.15100    0.0102235
      3.59041      1.15292    0.0101894
      3.59184      1.16469    0.0107129
      3.59326      1.16210    0.0106243
      3.59469      1.15505    0.0102169
      3.59612      1.16464    0.0100886
      3.59755      1.16678    0.0101352
      3.59898      1.17400    0.0101044
      3.60041      1.19303   0.00992242
      3.60184      1.20285   0.00982671
      3.60327      1.19109   0.00979922
      3.60469      1.18665   0.00988566
      3.60612      1.20028    0.0104545
      3.60755      1.21099    0.0107632
      3.60898      1.20838    0.0104438
      3.61041      1.19975    0.0102241
      3.61184      1.20742    0.0103576
      3.61327      1.21182    0.0102116
      3.61470      1.21253    0.0106176
      3.61613      1.21800    0.0106648
      3.61756      1.21945    0.0106928
      3.61899      1.21182    0.0100592
      3.62042      1.22429   0.00981143
      3.62186      1.23981    0.0101487
      3.62329      1.22958    0.0103365
      3.62472      1.23116    0.0102833
      3.62615      1.23860    0.0102294
      3.62758      1.24722    0.0104017
      3.62901      1.25334    0.0105646
      3.63044      1.24045    0.0100906
      3.63188      1.23360    0.0101162
      3.63331      1.24890   0.00998153
      3.63474      1.25102   0.00997822
      3.63617      1.24452    0.0102828
      3.63760      1.25897    0.0105327
      3.63904      1.25815   0.00994991
      3.64047      1.26458   0.00959014
      3.64190      1.28153   0.00950153
      3.64334      1.28289   0.00917132
      3.64477      1.28427   0.00930576
      3.64620      1.29734   0.00974518
      3.64763      1.30442    0.0100713
      3.64907      1.29672    0.0107060
      3.65050      1.29155    0.0103391
      3.65193      1.30726   0.00967457
      3.65337      1.32006   0.00984800
      3.65480      1.31855   0.00997636
      3.65624      1.31881   0.00983484
      3.65767      1.31753   0.00994623
      3.65910      1.32591   0.00977517
      3.66054      1.32249   0.00967187
      3.66197      1.31936   0.00979135
      3.66341      1.32308   0.00989768
      3.66484      1.34140    0.0101602
      3.66628      1.35257    0.0102999
      3.66771      1.35516    0.0104453
      3.66915      1.36041    0.0104396
      3.67058      1.35134    0.0103130
      3.67202      1.35969   0.00996751
      3.67345      1.36623    0.0100718
      3.67489      1.36496    0.0102856
      3.67632      1.36940    0.0102978
      3.67776      1.36693    0.0101479
      3.67919      1.36838    0.0101672
      3.68063      1.37530    0.0101278
      3.68206      1.37985   0.00969974
      3.68350      1.39057   0.00966652
      3.68493      1.40476   0.00988432
      3.68637      1.41872   0.00976790
      3.68781      1.42455   0.00986103
      3.68924      1.41336    0.0100431
      3.69068      1.41269   0.00965767
      3.69212      1.41346   0.00956261
      3.69355      1.41845   0.00969804
      3.69499      1.42975   0.00946316
      3.69642      1.42275   0.00952886
      3.69786      1.41290   0.00984700
      3.69930      1.41677    0.0100549
      3.70073      1.42591   0.00999629
      3.70217      1.43823    0.0101038
      3.70361      1.45166    0.0102727
      3.70504      1.46169   0.00983658
      3.70648      1.45526    0.0101493
      3.70792      1.44545    0.0104794
      3.70936      1.44374    0.0102868
      3.71079      1.44220   0.00979431
      3.71223      1.43254   0.00969523
      3.71367      1.43577   0.00999030
      3.71511      1.44544    0.0103285
      3.71654      1.45402    0.0101885
      3.71798      1.45706   0.00970812
      3.71942      1.46898   0.00965928
      3.72086      1.46637   0.00977087
      3.72229      1.46131   0.00978521
      3.72373      1.45846    0.0100594
      3.72517      1.47353    0.0100553
      3.72661      1.48186    0.0101764
      3.72804      1.48118   0.00998424
      3.72948      1.48452   0.00969094
      3.73092      1.49272   0.00972837
      3.73236      1.50284    0.0100215
      3.73380      1.51263    0.0102253
      3.73523      1.51478    0.0100552
      3.73667      1.53846    0.0101081
      3.73811      1.58198    0.0104265
      3.73955      1.61524    0.0104752
      3.74099      1.62330    0.0105092
      3.74242      1.59633    0.0103415
      3.74386      1.54957    0.0104011
      3.74530      1.52523    0.0107537
      3.74674      1.51871    0.0103720
      3.74818      1.52967    0.0101085
      3.74962      1.54079    0.0102275
      3.75105      1.52382   0.00990714
      3.75249      1.51571   0.00987603
      3.75393      1.52366   0.00988571
      3.75537      1.53013   0.00950901
      3.75681      1.52713   0.00990716
      3.75824      1.54291    0.0101787
      3.75968      1.53758    0.0100372
      3.76112      1.51449    0.0103160
      3.76256      1.51135    0.0103338
      3.76400      1.52562    0.0103664
      3.76544      1.52442    0.0104861
      3.76687      1.53180    0.0100734
      3.76831      1.52532   0.00984464
      3.76975      1.52524    0.0101874
      3.77119      1.55935    0.0106884
      3.77263      1.55626    0.0103070
      3.77407      1.54810    0.0102105
      3.77550      1.54509    0.0104408
      3.77694      1.54753    0.0102715
      3.77838      1.55227    0.0102030
      3.77982      1.54789    0.0100679
      3.78126      1.55265    0.0100456
      3.78270      1.55653    0.0102266
      3.78413      1.57536    0.0105194
      3.78557      1.56712    0.0107977
      3.78701      1.55731    0.0107321
      3.78845      1.58181    0.0105863
      3.78989      1.59319    0.0105274
      3.79132      1.59380    0.0103920
      3.79276      1.58917    0.0101569
      3.79420      1.59249    0.0103970
      3.79564      1.59842    0.0102507
      3.79708      1.60367    0.0104159
      3.79851      1.57750    0.0105694
      3.79995      1.57376    0.0101911
      3.80139      1.61273    0.0102651
      3.80283      1.61543    0.0100428
      3.80426      1.62281   0.00991272
      3.80570      1.63688    0.0101581
      3.80714      1.63295    0.0103942
      3.80858      1.63657    0.0108739
      3.81001      1.65040    0.0106205
      3.81145      1.65009    0.0107068
      3.81289      1.63978    0.0105240
      3.81433      1.63281   0.00967852
      3.81576      1.62704   0.00954762
      3.81720      1.62996   0.00986347
      3.81864      1.62663    0.0100493
      3.82007      1.62876    0.0100070
      3.82151      1.64873    0.0103960
      3.82295      1.65376    0.0104463
      3.82438      1.64479    0.0103844
      3.82582      1.64170    0.0101982
      3.82726      1.63832    0.0105780
      3.82869      1.64481    0.0106684
      3.83013      1.66899    0.0105401
      3.83156      1.66333    0.0109726
      3.83300      1.63476    0.0107875
      3.83444      1.62589    0.0105565
      3.83587      1.64334    0.0104457
      3.83731      1.65439    0.0100968
      3.83874      1.64492   0.00988326
      3.84018      1.64899    0.0104803
      3.84161      1.65729    0.0106222
      3.84305      1.66034    0.0106551
      3.84448      1.67871    0.0112569
      3.84592      1.70449    0.0113163
      3.84735      1.69956    0.0107431
      3.84879      1.66653    0.0101763
      3.85022      1.66158    0.0101995
      3.85166      1.67841    0.0106839
      3.85309      1.69662    0.0107778
      3.85453      1.70884    0.0105698
      3.85596      1.70871    0.0106154
      3.85740      1.70613    0.0109390
      3.85883      1.70103    0.0111819
      3.86026      1.68154    0.0106494
      3.86170      1.67412    0.0107766
      3.86313      1.67520    0.0114085
      3.86456      1.68159    0.0115474
      3.86600      1.69409    0.0115126
      3.86743      1.70491    0.0117904
      3.86886      1.70639    0.0117704
      3.87029      1.70406    0.0119165
      3.87173      1.71000    0.0116892
      3.87316      1.71031    0.0120627
      3.87459      1.71870    0.0124917
      3.87602      1.72849    0.0117313
      3.87745      1.72262    0.0118760
      3.87889      1.72491    0.0117892
      3.88032      1.73649    0.0123344
      3.88175      1.74654    0.0124550
      3.88318      1.76099    0.0119740
      3.88461      1.75808    0.0119994
      3.88604      1.75532    0.0118418
      3.88747      1.76448    0.0122095
      3.88890      1.76768    0.0119385
      3.89033      1.75959    0.0126456
      3.89176      1.76599    0.0121439
      3.89319      1.76495    0.0118119
      3.89462      1.73394    0.0117082
      3.89605      1.71776    0.0119138
      3.89748      1.74084    0.0121208
      3.89891      1.77986    0.0118057
      3.90034      1.78487    0.0119213
      3.90177      1.77918    0.0119211
      3.90319      1.77260    0.0122442
      3.90462      1.78120    0.0126033
      3.90605      1.78940    0.0125580
      3.90748      1.77813    0.0126386
      3.90890      1.77025    0.0125530
      3.91033      1.78440    0.0126214
      3.91176      1.77912    0.0126505
      3.91318      1.76508    0.0125669
      3.91461      1.75334    0.0123594
      3.91604      1.76579    0.0125773
      3.91746      1.78870    0.0129033
      3.91889      1.79740    0.0120641
      3.92031      1.79941    0.0124565
      3.92174      1.80302    0.0126593
      3.92316      1.79909    0.0116798
      3.92459      1.79235    0.0116567
      3.92601      1.77870    0.0115781
      3.92744      1.77587    0.0114165
      3.92886      1.78889    0.0119535
      3.93028      1.79086    0.0122348
      3.93171      1.78069    0.0114964
      3.93313      1.78786    0.0112671
      3.93455      1.80320    0.0116069
      3.93597      1.81071    0.0121816
      3.93740      1.78918    0.0120209
      3.93882      1.78031    0.0115391
      3.94024      1.78730    0.0114476
      3.94166      1.80148    0.0112046
      3.94308      1.82094    0.0115724
      3.94450      1.79933    0.0120561
      3.94592      1.79207    0.0117937
      3.94734      1.81031    0.0113275
      3.94876      1.81427    0.0119218
      3.95018      1.80182    0.0124092
      3.95160      1.81161    0.0117118
      3.95302      1.82620    0.0114467
      3.95444      1.81520    0.0119768
      3.95586      1.81859    0.0120566
      3.95727      1.82689    0.0117971
      3.95869      1.82768    0.0118544
      3.96011      1.83692    0.0115015
      3.96152      1.84172    0.0111997
      3.96294      1.82746    0.0125337
      3.96436      1.83267    0.0124411
      3.96577      1.83298    0.0121608
      3.96719      1.83195    0.0121195
      3.96860      1.83835    0.0124708
      3.97002      1.83536    0.0124615
      3.97143      1.82503    0.0113678
      3.97284      1.81606    0.0113501
      3.97426      1.82472    0.0120254
      3.97567      1.84598    0.0116189
      3.97708      1.84691    0.0113571
      3.97850      1.84380    0.0117111
      3.97991      1.84136    0.0119374
      3.98132      1.82116    0.0122253
      3.98273      1.82996    0.0123276
      3.98414      1.81799    0.0118081
      3.98555      1.82597    0.0113487
      3.98696      1.85066    0.0114432
      3.98837      1.86743    0.0120335
      3.98978      1.84438    0.0117637
      3.99119      1.84270    0.0118180
      3.99260      1.85656    0.0112984
      3.99400      1.85346    0.0113375
      3.99541      1.84861    0.0117337
      3.99682      1.84484    0.0124012
      3.99823      1.83569    0.0119261
      3.99963      1.83239    0.0116127
      4.00104      1.84130    0.0120384
      4.00244      1.84087    0.0117594
      4.00385      1.84135    0.0116685
      4.00525      1.85110    0.0116760
      4.00666      1.84847    0.0120796
      4.00806      1.86000    0.0123604
      4.00946      1.88630    0.0122109
      4.01087      1.85846    0.0119050
      4.01227      1.84972    0.0119483
      4.01367      1.85932    0.0119866
      4.01507      1.88527    0.0119105
      4.01647      1.90788    0.0118321
      4.01787      1.89628    0.0121960
      4.01927      1.90248    0.0131583
      4.02067      1.93500    0.0129956
      4.02207      1.95063    0.0128368
      4.02347      1.95383    0.0124134
      4.02487      1.93420    0.0120718
      4.02626      1.93546    0.0122747
      4.02766      1.91860    0.0124285
      4.02906      1.92978    0.0126024
      4.03045      1.95600    0.0124658
      4.03185      1.95350    0.0123747
      4.03324      1.93881    0.0126150
      4.03464      1.92103    0.0124627
      4.03603      1.92681    0.0127194
      4.03742      1.95249    0.0136650
      4.03882      1.97977    0.0136873
      4.04021      1.99268    0.0134252
      4.04160      2.00224    0.0136588
      4.04299      2.02636    0.0133858
      4.04438      2.02101    0.0129923
      4.04577      1.99268    0.0133274
      4.04716      1.97226    0.0133097
      4.04855      1.98195    0.0128338
      4.04994      2.02586    0.0134573
      4.05133      2.05750    0.0144085
      4.05271      2.19102    0.0142926
      4.05410      2.38174    0.0134282
      4.05549      2.49005    0.0131386
      4.05687      2.48189    0.0137014
      4.05826      2.32572    0.0143135
      4.05964      2.13606    0.0138208
      4.06102      2.04260    0.0132347
      4.06241      2.01026    0.0133233
      4.06379      1.98708    0.0128978
      4.06517      1.96847    0.0124644
      4.06655      1.93933    0.0130962
      4.06793      1.93404    0.0135474
      4.06931      1.94250    0.0135198
      4.07069      1.94231    0.0139278
      4.07207      1.95253    0.0133874
      4.07345      1.94630    0.0130919
      4.07483      1.93708    0.0134290
      4.07621      1.94499    0.0140622
      4.07758      1.94064    0.0140376
      4.07896      1.94277    0.0137210
      4.08033      1.95014    0.0137840
      4.08171      1.94066    0.0150023
      4.08308      1.93298    0.0147036
      4.08446      1.94593    0.0138291
      4.08583      1.94808    0.0138196
      4.08720      1.95635    0.0135869
      4.08857      1.97260    0.0147252
      4.08994      1.97970    0.0139240
      4.09131      1.96703    0.0139345
      4.09268      1.94835    0.0146092
      4.09405      1.94449    0.0146884
      4.09542      1.92768    0.0142544
      4.09678      1.95743    0.0145687
      4.09815      1.97950    0.0148591
      4.09952      1.92899    0.0139638
      4.10088      1.94166    0.0144228
      4.10225      1.98397    0.0149353
      4.10361      1.98588    0.0146936
      4.10497      1.96659    0.0148620
      4.10634      1.97560    0.0148398
      4.10770      1.99034    0.0151885
      4.10906      1.98304    0.0149498
      4.11042      1.97021    0.0146820
      4.11178      1.96560    0.0152570
      4.11314      1.98508    0.0159118
      4.11449      2.01398    0.0157228
      4.11585      2.01617    0.0153820
      4.11721      2.01339    0.0150320
      4.11856      1.98947    0.0151655
      4.11992      2.01503    0.0160909
      4.12127      2.03102    0.0154044
      4.12262      2.01813    0.0149702
      4.12398      1.99134    0.0155615
      4.12533      2.00327    0.0155022
      4.12668      2.04551    0.0158547
      4.12803      2.06086    0.0160705
      4.12938      2.05246    0.0161232
      4.13073      2.05300    0.0160965
      4.13208      2.03288    0.0150669
      4.13342      1.98698    0.0154937
      4.13477      1.96174    0.0159065
      4.13611      1.96034    0.0163792
      4.13746      1.94267    0.0157759
      4.13880      1.93418    0.0147800
      4.14015      1.96893    0.0153811
      4.14149      1.99188    0.0164483
      4.14283      1.99723    0.0165158
      4.14417      1.98770    0.0163214
      4.14551      1.95206    0.0167608
      4.14685      1.95947    0.0166752
      4.14819      1.99266    0.0163151
      4.14952      1.98484    0.0171561
      4.15086      1.96716    0.0169816
      4.15219      1.96504    0.0167402
      4.15353      1.97529    0.0170682
      4.15486      1.96514    0.0168153
      4.15619      1.93890    0.0170939
      4.15753      1.94325    0.0180914
      4.15886      1.93592    0.0189551
      4.16019      1.90619    0.0172880
      4.16152      1.89293    0.0176000
      4.16284      1.87437    0.0188710
      4.16417      1.87974    0.0191450
      4.16550      1.90390    0.0194785
      4.16682      1.91618    0.0207111
      4.16815      1.92201    0.0220371
      4.16947      1.90685    0.0231537
      4.17080      1.85611    0.0233177
      4.17212      1.84036    0.0229047
      4.17344      1.85745    0.0235205
      4.17476      1.84867    0.0245651
      4.17608      1.79783    0.0252135
      4.17740      1.76202    0.0272523
      4.17871      1.77032    0.0289512
      4.18003      1.76603    0.0308571
      4.18134      1.74016    0.0354089
      4.18266      1.73260    0.0417864
      4.18397      1.69371    0.0475309
      4.18528      1.62761    0.0657639
      4.18659      1.61522     0.101254
      4.18791      1.69130     0.153285
      4.18921      1.73454     0.307248
      4.19052      1.69706     0.598981
      4.19183      1.55326      1.59900
      4.19314      1.89454      2.66286
      4.19444      3.38634      52.1611
      4.19575      1.98922      80.0967
      4.19705    -0.742669      35.3267
      4.19835    -0.104883      48.1334
      4.19965     -1.37702      5.52652
      4.20095    -0.558591      6.23902
      4.20225     0.173624      4.93004
      4.20355    -0.368759      4.89400
      4.20485   -0.0670493      5.13741
      4.20614    -0.111178      14.6408
      4.20744    -0.124141      16.0224
      4.20873    0.0817674      5.19173
      4.21003    0.0669299      7.68218
      4.21132    -0.155606      24.2973
      4.21261    -0.593885      30.8783
      4.21390    -0.328653      10.7502
      4.21519   -0.0339474      9.53480
      4.21647     0.101798      8.36313
      4.21776     0.199022      9.29878
      4.21905     0.168966      23186.2
      4.22033    0.0874170      35214.4
      4.22161   -0.0604386      11.5948
      4.22290   -0.0689007      5.98437
      4.22418    -0.330357      15.5427
      4.22546    -0.630566      22.5381
      4.22673    -0.394580      20.0942
      4.22801    -0.273376      16.8782
      4.22929    0.0728049      15.0504
      4.23056     0.611802      12.6125
      4.23184   -0.0230817      7.79892
      4.23311    -0.134939      33.1541
      4.23438      1.92129      80.8795
      4.23565      2.90959      566.777
      4.23692     0.666743      795.664
      4.23819     0.857525      41.1441
      4.23946     0.206246      15.4361
      4.24072    -0.198520      16.9260
      4.24199    -0.659045      24.9385
      4.24325     0.196652      247.642
      4.24451     0.725479      353.675
      4.24578    -0.517643  1.12514e+07
      4.24704    -0.498096  1.70901e+07
      4.24829     0.149954      18.4863
      4.24955      0.00000      2.99376
