SOURCE  = IRS 42/WLY 2-42               / Source name
STANDARD= BS6084                        / Standard name
OBSDATE = 13-08-2001                    / Date of observation
SPOS    = 16:27:21.3  -24:42:16.3       / Source position RA,DEC,J2000
STPOS   = 16:21:11.2  -25:35:54.2       / Standard position RA,DEC,J2000
STSPT   = B1III                         / Standard spectral type
STTEFF  = 24200                         / Standard effective temperature [K]
STMAG   = 2.41                          / Standard magnitude (adopted)
WAVEZP  = 3.45                          / Wavelength zero point [micron]
FLUXZP  = 290                           / Flux zero point [Jy]
SAIRM   = 1.061                         / Source mean airmass
STAIRM  = 1.157                         / Standard mean airmass
AIRMCORR= 1.10                          / Optimal (adopted) airmass correction
SPECRES = ~1200                         / Spectral resolution

Created by K. M. Pontoppidan             Tue Oct 28 21:53:02 2003

Wavelength [micron] Flux [Jy] Statistical Error [Jy]

      2.79627      0.00000    0.0486351
      2.79764      1.43951    0.0505828
      2.79901      1.38073    0.0433031
      2.80038      1.19560    0.0373348
      2.80174     0.357751    0.0388828
      2.80311    -0.896807    0.0505790
      2.80448      1.28713    0.0667184
      2.80585      1.19720    0.0667012
      2.80722      1.08232    0.0394801
      2.80859      1.15249    0.0238706
      2.80996      1.06356    0.0161154
      2.81133      1.11471    0.0124408
      2.81270      1.08920    0.0103326
      2.81407      1.11266   0.00964765
      2.81544      1.04762   0.00950346
      2.81681      1.01552   0.00991558
      2.81818      1.03307   0.00984161
      2.81955      1.03475   0.00969871
      2.82092     0.988940   0.00949063
      2.82229     0.941371   0.00850396
      2.82366     0.909169   0.00663723
      2.82503     0.898534   0.00543794
      2.82641     0.889807   0.00487981
      2.82778     0.862796   0.00455335
      2.82915     0.831235   0.00430316
      2.83052     0.824784   0.00417449
      2.83189     0.838420   0.00428553
      2.83327     0.835718   0.00480443
      2.83464     0.822839   0.00541366
      2.83601     0.818341   0.00580206
      2.83739     0.848522   0.00588934
      2.83876     0.820699   0.00524183
      2.84013     0.805030   0.00476818
      2.84151     0.787012   0.00426803
      2.84288     0.767688   0.00385630
      2.84426     0.755753   0.00360486
      2.84563     0.758866   0.00352715
      2.84701     0.759774   0.00364444
      2.84838     0.739726   0.00377454
      2.84976     0.729604   0.00394460
      2.85113     0.734297   0.00400021
      2.85251     0.759172   0.00411712
      2.85388     0.745841   0.00438066
      2.85526     0.722375   0.00446696
      2.85663     0.714311   0.00427375
      2.85801     0.726307   0.00387401
      2.85939     0.714751   0.00359721
      2.86076     0.691180   0.00345860
      2.86214     0.673347   0.00331459
      2.86352     0.669334   0.00326385
      2.86489     0.670417   0.00321838
      2.86627     0.659928   0.00324868
      2.86765     0.656691   0.00329668
      2.86903     0.655662   0.00327686
      2.87040     0.656631   0.00330945
      2.87178     0.646885   0.00336176
      2.87316     0.633349   0.00328373
      2.87454     0.622286   0.00312046
      2.87592     0.617991   0.00298278
      2.87730     0.616382   0.00290308
      2.87868     0.599430   0.00290204
      2.88006     0.589954   0.00288391
      2.88143     0.591198   0.00287338
      2.88281     0.582940   0.00285592
      2.88419     0.574160   0.00287982
      2.88557     0.571310   0.00290630
      2.88695     0.571390   0.00297135
      2.88833     0.563184   0.00304386
      2.88971     0.553994   0.00300569
      2.89109     0.554330   0.00291452
      2.89248     0.550815   0.00281774
      2.89386     0.541543   0.00271606
      2.89524     0.527510   0.00267321
      2.89662     0.520939   0.00262248
      2.89800     0.527270   0.00266776
      2.89938     0.520613   0.00279393
      2.90076     0.513278   0.00293838
      2.90215     0.507501   0.00302434
      2.90353     0.511470   0.00307189
      2.90491     0.507237   0.00295936
      2.90629     0.498225   0.00279934
      2.90768     0.488737   0.00270834
      2.90906     0.488395   0.00257698
      2.91044     0.481216   0.00254641
      2.91182     0.477608   0.00254617
      2.91321     0.472680   0.00257376
      2.91459     0.465844   0.00259264
      2.91598     0.463012   0.00261251
      2.91736     0.462571   0.00258140
      2.91874     0.458813   0.00256322
      2.92013     0.459055   0.00260896
      2.92151     0.461436   0.00279122
      2.92290     0.457973   0.00292768
      2.92428     0.448679   0.00294298
      2.92567     0.449942   0.00283595
      2.92705     0.445094   0.00265375
      2.92844     0.438870   0.00255868
      2.92982     0.436276   0.00250291
      2.93121     0.426868   0.00247975
      2.93259     0.422028   0.00244754
      2.93398     0.421007   0.00248215
      2.93536     0.421762   0.00250167
      2.93675     0.421497   0.00253260
      2.93814     0.416482   0.00254873
      2.93952     0.415186   0.00262258
      2.94091     0.414744   0.00259009
      2.94230     0.413104   0.00261834
      2.94368     0.408734   0.00260488
      2.94507     0.408323   0.00264486
      2.94646     0.406553   0.00267281
      2.94785     0.399923   0.00265471
      2.94923     0.395507   0.00259427
      2.95062     0.398818   0.00256643
      2.95201     0.397062   0.00254408
      2.95340     0.393968   0.00257836
      2.95478     0.388125   0.00264087
      2.95617     0.388004   0.00260100
      2.95756     0.390003   0.00252257
      2.95895     0.390189   0.00246748
      2.96034     0.386323   0.00243718
      2.96173     0.380670   0.00244470
      2.96312     0.378733   0.00242733
      2.96451     0.375172   0.00241753
      2.96590     0.377184   0.00241426
      2.96729     0.377275   0.00250272
      2.96867     0.379070   0.00259293
      2.97006     0.380119   0.00269019
      2.97145     0.378508   0.00274982
      2.97284     0.378366   0.00274571
      2.97424     0.383683   0.00268999
      2.97563     0.378348   0.00262415
      2.97702     0.372912   0.00261037
      2.97841     0.371366   0.00254822
      2.97980     0.368301   0.00251532
      2.98119     0.362922   0.00249626
      2.98258     0.365958   0.00245612
      2.98397     0.364840   0.00238130
      2.98536     0.362314   0.00232570
      2.98675     0.359972   0.00228959
      2.98815     0.358562   0.00230342
      2.98954     0.361482   0.00226494
      2.99093     0.362738   0.00225638
      2.99232     0.363456   0.00227978
      2.99371     0.362777   0.00233621
      2.99511     0.359253   0.00236204
      2.99650     0.356017   0.00235508
      2.99789     0.351482   0.00237580
      2.99928     0.354468   0.00234738
      3.00068     0.357071   0.00230483
      3.00207     0.357854   0.00227870
      3.00346     0.356605   0.00228667
      3.00486     0.355122   0.00233398
      3.00625     0.352291   0.00237852
      3.00764     0.352208   0.00237127
      3.00904     0.352516   0.00232461
      3.01043     0.352012   0.00228798
      3.01183     0.351731   0.00227890
      3.01322     0.351449   0.00224246
      3.01462     0.350512   0.00223278
      3.01601     0.351675   0.00228683
      3.01740     0.347864   0.00234105
      3.01880     0.348685   0.00239336
      3.02019     0.351367   0.00245278
      3.02159     0.349419   0.00246405
      3.02298     0.347505   0.00247301
      3.02438     0.348253   0.00239618
      3.02577     0.351525   0.00230265
      3.02717     0.348869   0.00227665
      3.02857     0.347348   0.00223406
      3.02996     0.347209   0.00229449
      3.03136     0.350126   0.00233553
      3.03275     0.351561   0.00235306
      3.03415     0.351205   0.00239629
      3.03555     0.357230   0.00245832
      3.03694     0.358023   0.00249840
      3.03834     0.360190   0.00251272
      3.03974     0.363101   0.00244005
      3.04113     0.360030   0.00241109
      3.04253     0.358431   0.00237137
      3.04393     0.355066   0.00235749
      3.04532     0.348900   0.00235415
      3.04672     0.351227   0.00235125
      3.04812     0.351509   0.00232044
      3.04952     0.349767   0.00235610
      3.05091     0.353247   0.00242491
      3.05231     0.351895   0.00251769
      3.05371     0.349877   0.00261881
      3.05511     0.349462   0.00252769
      3.05651     0.348127   0.00243174
      3.05790     0.349017   0.00235080
      3.05930     0.348804   0.00227598
      3.06070     0.349436   0.00223261
      3.06210     0.346514   0.00223924
      3.06350     0.345840   0.00227675
      3.06490     0.345235   0.00230748
      3.06630     0.345019   0.00229504
      3.06770     0.348077   0.00232703
      3.06909     0.349485   0.00233937
      3.07049     0.352133   0.00233766
      3.07189     0.349742   0.00235284
      3.07329     0.348684   0.00231373
      3.07469     0.349299   0.00227705
      3.07609     0.347543   0.00225362
      3.07749     0.349873   0.00220745
      3.07889     0.350801   0.00221824
      3.08029     0.349768   0.00229698
      3.08169     0.349997   0.00237409
      3.08309     0.350172   0.00232753
      3.08449     0.355160   0.00229113
      3.08589     0.351427   0.00227136
      3.08729     0.348857   0.00225641
      3.08870     0.355430   0.00225134
      3.09010     0.361442   0.00227897
      3.09150     0.361209   0.00227119
      3.09290     0.358457   0.00230675
      3.09430     0.359417   0.00230841
      3.09570     0.362575   0.00235544
      3.09710     0.363037   0.00233215
      3.09850     0.364088   0.00228296
      3.09991     0.366254   0.00221766
      3.10131     0.367738   0.00219593
      3.10271     0.369224   0.00221370
      3.10411     0.368879   0.00227455
      3.10551     0.368121   0.00232770
      3.10692     0.369493   0.00237285
      3.10832     0.377219   0.00230002
      3.10972     0.377839   0.00233043
      3.11112     0.376736   0.00228094
      3.11253     0.375951   0.00229119
      3.11393     0.380202   0.00223480
      3.11533     0.377126   0.00224050
      3.11673     0.376747   0.00216651
      3.11814     0.380880   0.00210616
      3.11954     0.385033   0.00204087
      3.12094     0.384539   0.00202177
      3.12235     0.386008   0.00204004
      3.12375     0.386754   0.00213532
      3.12515     0.389321   0.00219687
      3.12656     0.393892   0.00232232
      3.12796     0.394828   0.00227499
      3.12936     0.397795   0.00221948
      3.13077     0.398762   0.00210988
      3.13217     0.400129   0.00206005
      3.13358     0.401870   0.00198944
      3.13498     0.401912   0.00200879
      3.13638     0.404059   0.00201648
      3.13779     0.409607   0.00212355
      3.13919     0.413267   0.00210744
      3.14060     0.413439   0.00221041
      3.14200     0.417711   0.00212352
      3.14341     0.423337   0.00214886
      3.14481     0.424387   0.00212005
      3.14622     0.417709   0.00220871
      3.14762     0.423933   0.00216305
      3.14903     0.428087   0.00214536
      3.15043     0.432878   0.00206019
      3.15184     0.433556   0.00206680
      3.15324     0.434616   0.00199143
      3.15465     0.438679   0.00208485
      3.15605     0.437700   0.00204765
      3.15746     0.440280   0.00209894
      3.15887     0.436358   0.00201971
      3.16027     0.446071   0.00206252
      3.16168     0.450352   0.00201698
      3.16308     0.455434   0.00204235
      3.16449     0.459176   0.00201684
      3.16590     0.460893   0.00209246
      3.16730     0.461994   0.00199843
      3.16871     0.466974   0.00206953
      3.17012     0.473738   0.00199421
      3.17152     0.475092   0.00205941
      3.17293     0.478082   0.00201716
      3.17434     0.480933   0.00210728
      3.17574     0.483516   0.00207050
      3.17715     0.488531   0.00216804
      3.17856     0.494374   0.00202036
      3.17996     0.493554   0.00206846
      3.18137     0.497745   0.00203481
      3.18278     0.500083   0.00213086
      3.18418     0.503034   0.00211696
      3.18559     0.506537   0.00213251
      3.18700     0.512819   0.00202728
      3.18841     0.520393   0.00216343
      3.18981     0.529015   0.00217289
      3.19122     0.524448   0.00235306
      3.19263     0.519631   0.00229321
      3.19404     0.531905   0.00233747
      3.19545     0.543425   0.00221433
      3.19685     0.546066   0.00228451
      3.19826     0.546850   0.00225104
      3.19967     0.549623   0.00236885
      3.20108     0.552826   0.00231953
      3.20249     0.555180   0.00240009
      3.20389     0.559928   0.00239020
      3.20530     0.567875   0.00242259
      3.20671     0.571059   0.00236619
      3.20812     0.579505   0.00255327
      3.20953     0.584493   0.00256690
      3.21094     0.583466   0.00265204
      3.21235     0.582314   0.00251572
      3.21376     0.590513   0.00244994
      3.21516     0.594506   0.00230760
      3.21657     0.589606   0.00229590
      3.21798     0.593772   0.00228312
      3.21939     0.601212   0.00244737
      3.22080     0.602416   0.00245616
      3.22221     0.603297   0.00258832
      3.22362     0.614008   0.00258498
      3.22503     0.620365   0.00255086
      3.22644     0.624632   0.00248382
      3.22785     0.632144   0.00253403
      3.22926     0.633605   0.00256390
      3.23067     0.618425   0.00265327
      3.23208     0.619565   0.00244032
      3.23349     0.634557   0.00224257
      3.23490     0.637194   0.00205516
      3.23631     0.632972   0.00208688
      3.23772     0.635056   0.00215874
      3.23913     0.638245   0.00230632
      3.24054     0.634150   0.00236467
      3.24195     0.645198   0.00242767
      3.24336     0.658460   0.00230400
      3.24477     0.662406   0.00236750
      3.24618     0.664595   0.00240615
      3.24759     0.672717   0.00249132
      3.24900     0.668624   0.00255942
      3.25041     0.664038   0.00248826
      3.25182     0.672261   0.00226681
      3.25323     0.675303   0.00215600
      3.25464     0.675858   0.00199566
      3.25606     0.675765   0.00205343
      3.25747     0.681745   0.00212807
      3.25888     0.687162   0.00226345
      3.26029     0.682217   0.00243799
      3.26170     0.684057   0.00243320
      3.26311     0.694809   0.00223844
      3.26452     0.700389   0.00213812
      3.26593     0.707533   0.00204236
      3.26735     0.709276   0.00216034
      3.26876     0.713815   0.00225904
      3.27017     0.707392   0.00243487
      3.27158     0.706416   0.00238404
      3.27299     0.716145   0.00228239
      3.27440     0.729868   0.00209421
      3.27582     0.730836   0.00201798
      3.27723     0.733029   0.00204444
      3.27864     0.738667   0.00217107
      3.28005     0.721011   0.00218192
      3.28146     0.713065   0.00207899
      3.28288     0.732641   0.00198406
      3.28429     0.747518   0.00196377
      3.28570     0.740665   0.00187232
      3.28711     0.739727   0.00183737
      3.28852     0.746194   0.00187891
      3.28994     0.757451   0.00193906
      3.29135     0.762730   0.00200881
      3.29276     0.775963   0.00206566
      3.29417     0.794627   0.00207103
      3.29559     0.802900   0.00219635
      3.29700     0.821447   0.00222893
      3.29841     0.824996   0.00225839
      3.29982     0.814155   0.00230539
      3.30124     0.814603   0.00226195
      3.30265     0.811048   0.00211858
      3.30406     0.807453   0.00208177
      3.30548     0.803916   0.00200713
      3.30689     0.804297   0.00203889
      3.30830     0.818350   0.00214218
      3.30971     0.828739   0.00233247
      3.31113     0.852575   0.00271915
      3.31254     0.873325   0.00353286
      3.31395     0.875120   0.00523272
      3.31537     0.880862   0.00860113
      3.31678     0.925673   0.00874507
      3.31819     0.979117   0.00627980
      3.31961     0.965418   0.00434747
      3.32102     0.932251   0.00338356
      3.32243     0.903937   0.00286357
      3.32385     0.882622   0.00252786
      3.32526     0.871641   0.00234371
      3.32667     0.859747   0.00223183
      3.32809     0.847507   0.00212123
      3.32950     0.833796   0.00202146
      3.33092     0.839386   0.00192088
      3.33233     0.832293   0.00195048
      3.33374     0.835113   0.00197718
      3.33516     0.830745   0.00199452
      3.33657     0.838390   0.00194221
      3.33799     0.843111   0.00192528
      3.33940     0.842381   0.00186335
      3.34081     0.843753   0.00192416
      3.34223     0.855982   0.00194729
      3.34364     0.870935   0.00203442
      3.34506     0.874131   0.00210381
      3.34647     0.862089   0.00219159
      3.34788     0.866606   0.00200569
      3.34930     0.876321   0.00192535
      3.35071     0.878507   0.00184343
      3.35213     0.879415   0.00190094
      3.35354     0.890120   0.00192283
      3.35496     0.892259   0.00206352
      3.35637     0.884407   0.00215781
      3.35778     0.882025   0.00220199
      3.35920     0.895927   0.00209167
      3.36061     0.923789   0.00204765
      3.36203     0.908873   0.00192984
      3.36344     0.902145   0.00192985
      3.36486     0.909008   0.00196419
      3.36627     0.919297   0.00207176
      3.36769     0.913826   0.00208748
      3.36910     0.912610   0.00216298
      3.37052     0.921278   0.00204447
      3.37193     0.926666   0.00196692
      3.37335     0.924767   0.00192902
      3.37476     0.923683   0.00190989
      3.37618     0.925996   0.00193334
      3.37759     0.939804   0.00198472
      3.37901     0.936510   0.00212151
      3.38042     0.921696   0.00225506
      3.38184     0.921540   0.00212603
      3.38325     0.943486   0.00201277
      3.38467     0.950297   0.00191229
      3.38608     0.942315   0.00192155
      3.38750     0.937662   0.00191735
      3.38891     0.951827   0.00200486
      3.39033     0.961876   0.00207790
      3.39174     0.952703   0.00223660
      3.39316     0.941321   0.00213646
      3.39457     0.954612   0.00204023
      3.39599     0.967884   0.00187980
      3.39740     0.961146   0.00190904
      3.39882     0.959670   0.00183621
      3.40023     0.963227   0.00190366
      3.40165     0.977994   0.00199511
      3.40307     0.970018   0.00217370
      3.40448     0.956992   0.00225515
      3.40590     0.971174   0.00212832
      3.40731     0.985079   0.00201025
      3.40873     0.989469   0.00201184
      3.41014     0.980629   0.00198909
      3.41156     0.972600   0.00195221
      3.41297     0.981118   0.00201867
      3.41439     0.989811   0.00215983
      3.41581     0.981504   0.00219093
      3.41722     0.976028   0.00222722
      3.41864     0.986965   0.00206843
      3.42005     0.992821   0.00197312
      3.42147     0.976065   0.00191778
      3.42288     0.977461   0.00194727
      3.42430     0.989690   0.00198390
      3.42572     0.999623   0.00208049
      3.42713      1.00362   0.00219796
      3.42855     0.988278   0.00226607
      3.42996     0.989439   0.00206215
      3.43138      1.00239   0.00198305
      3.43280     0.999213   0.00185511
      3.43421     0.995111   0.00183882
      3.43563     0.993694   0.00179930
      3.43704      1.00130   0.00187253
      3.43846      1.00956   0.00199162
      3.43988      1.00440   0.00205835
      3.44129     0.994701   0.00203885
      3.44271     0.999484   0.00190055
      3.44412      1.00730   0.00186067
      3.44554      1.00787   0.00177248
      3.44696      1.00271   0.00175303
      3.44837      1.00750   0.00182092
      3.44979      1.00916   0.00181693
      3.45121      1.01864   0.00189870
      3.45262      1.02276   0.00192074
      3.45404      1.02027   0.00196073
      3.45545      1.01856   0.00184174
      3.45687      1.02117   0.00179856
      3.45829      1.01779   0.00175587
      3.45970      1.01067   0.00175368
      3.46112      1.00310   0.00176700
      3.46254      1.01604   0.00183625
      3.46395      1.02849   0.00184415
      3.46537      1.02559   0.00187728
      3.46678      1.02567   0.00184762
      3.46820      1.03206   0.00185978
      3.46962      1.03293   0.00179984
      3.47103      1.03256   0.00176412
      3.47245      1.02653   0.00176073
      3.47387      1.01008   0.00179582
      3.47528      1.03393   0.00182554
      3.47670      1.04245   0.00183377
      3.47812      1.04240   0.00183015
      3.47953      1.04381   0.00179083
      3.48095      1.04413   0.00174640
      3.48237      1.04636   0.00175191
      3.48378      1.04512   0.00178081
      3.48520      1.05070   0.00178380
      3.48661      1.05103   0.00176759
      3.48803      1.05299   0.00177261
      3.48945      1.05311   0.00178964
      3.49086      1.05724   0.00179097
      3.49228      1.05712   0.00179300
      3.49370      1.05803   0.00174930
      3.49511      1.05718   0.00171160
      3.49653      1.06493   0.00174938
      3.49795      1.06839   0.00174293
      3.49936      1.06801   0.00174167
      3.50078      1.07000   0.00172926
      3.50220      1.08598   0.00176081
      3.50361      1.07834   0.00176027
      3.50503      1.06873   0.00176647
      3.50645      1.07361   0.00172330
      3.50786      1.08352   0.00166728
      3.50928      1.09012   0.00167369
      3.51070      1.08307   0.00172448
      3.51211      1.08731   0.00166578
      3.51353      1.08896   0.00166565
      3.51495      1.09374   0.00168843
      3.51636      1.08513   0.00167339
      3.51778      1.08794   0.00163162
      3.51920      1.08846   0.00167606
      3.52061      1.09048   0.00166887
      3.52203      1.09346   0.00166120
      3.52345      1.09361   0.00164741
      3.52486      1.09709   0.00163026
      3.52628      1.09886   0.00168053
      3.52769      1.10013   0.00167503
      3.52911      1.10356   0.00169828
      3.53053      1.10881   0.00169943
      3.53194      1.11211   0.00177092
      3.53336      1.11784   0.00176753
      3.53478      1.12026   0.00173718
      3.53619      1.11974   0.00169530
      3.53761      1.12848   0.00176848
      3.53903      1.13303   0.00175599
      3.54044      1.13320   0.00175907
      3.54186      1.13630   0.00170660
      3.54328      1.14884   0.00175355
      3.54469      1.15105   0.00179085
      3.54611      1.14674   0.00180931
      3.54753      1.14433   0.00174575
      3.54894      1.14848   0.00169155
      3.55036      1.14172   0.00171072
      3.55178      1.14387   0.00171873
      3.55319      1.13799   0.00169552
      3.55461      1.14977   0.00167714
      3.55603      1.14962   0.00169498
      3.55744      1.15721   0.00169260
      3.55886      1.15532   0.00167647
      3.56028      1.15211   0.00170139
      3.56169      1.16876   0.00170635
      3.56311      1.17157   0.00167849
      3.56453      1.16631   0.00169474
      3.56594      1.16397   0.00171284
      3.56736      1.15783   0.00168299
      3.56878      1.16905   0.00170948
      3.57019      1.18149   0.00167885
      3.57161      1.18652   0.00172090
      3.57302      1.17359   0.00168723
      3.57444      1.18664   0.00171153
      3.57586      1.20914   0.00170292
      3.57727      1.19977   0.00169716
      3.57869      1.19167   0.00168650
      3.58011      1.19421   0.00167863
      3.58152      1.19360   0.00166263
      3.58294      1.19294   0.00169198
      3.58436      1.20063   0.00167898
      3.58577      1.20412   0.00169223
      3.58719      1.19925   0.00167294
      3.58860      1.20139   0.00165869
      3.59002      1.20471   0.00164184
      3.59144      1.20412   0.00167021
      3.59285      1.20378   0.00165722
      3.59427      1.20959   0.00164210
      3.59569      1.21773   0.00163569
      3.59710      1.21111   0.00165609
      3.59852      1.20817   0.00165827
      3.59994      1.20971   0.00165777
      3.60135      1.21597   0.00166702
      3.60277      1.22176   0.00171357
      3.60418      1.22445   0.00168755
      3.60560      1.23057   0.00176212
      3.60702      1.22919   0.00170257
      3.60843      1.22560   0.00170307
      3.60985      1.23073   0.00168005
      3.61126      1.23187   0.00164926
      3.61268      1.23774   0.00166694
      3.61410      1.23532   0.00164729
      3.61551      1.23223   0.00165754
      3.61693      1.22974   0.00165308
      3.61834      1.23072   0.00161151
      3.61976      1.23229   0.00161021
      3.62118      1.23552   0.00165188
      3.62259      1.23852   0.00165823
      3.62401      1.24020   0.00167538
      3.62542      1.24091   0.00166694
      3.62684      1.24168   0.00164847
      3.62826      1.25253   0.00167836
      3.62967      1.25982   0.00164655
      3.63109      1.26002   0.00163660
      3.63250      1.24983   0.00163565
      3.63392      1.24740   0.00162491
      3.63534      1.24707   0.00164287
      3.63675      1.24862   0.00162070
      3.63817      1.24764   0.00161240
      3.63958      1.24515   0.00164290
      3.64100      1.25336   0.00161936
      3.64241      1.26221   0.00165766
      3.64383      1.26921   0.00164825
      3.64525      1.27052   0.00168683
      3.64666      1.26697   0.00168036
      3.64808      1.26831   0.00165518
      3.64949      1.27825   0.00163655
      3.65091      1.28160   0.00163400
      3.65232      1.27416   0.00164011
      3.65374      1.26659   0.00164879
      3.65516      1.28179   0.00161233
      3.65657      1.27998   0.00165372
      3.65799      1.27986   0.00163982
      3.65940      1.28008   0.00166693
      3.66082      1.28457   0.00165453
      3.66223      1.28756   0.00162532
      3.66365      1.29741   0.00163897
      3.66506      1.31866   0.00166387
      3.66648      1.29796   0.00167114
      3.66789      1.29221   0.00168509
      3.66931      1.29508   0.00162614
      3.67072      1.30124   0.00165265
      3.67214      1.30022   0.00164707
      3.67355      1.29553   0.00160007
      3.67497      1.29672   0.00162120
      3.67639      1.29617   0.00160216
      3.67780      1.29309   0.00158602
      3.67922      1.30448   0.00159212
      3.68063      1.30615   0.00161490
      3.68205      1.30747   0.00160572
      3.68346      1.31184   0.00161783
      3.68488      1.31683   0.00165104
      3.68629      1.31815   0.00168538
      3.68771      1.31409   0.00166306
      3.68912      1.30739   0.00164195
      3.69054      1.31924   0.00163836
      3.69195      1.32204   0.00162708
      3.69336      1.31636   0.00162780
      3.69478      1.32275   0.00159765
      3.69619      1.32627   0.00160553
      3.69761      1.32255   0.00165376
      3.69902      1.32624   0.00163165
      3.70044      1.34255   0.00161880
      3.70185      1.34968   0.00162131
      3.70327      1.35874   0.00167018
      3.70468      1.36044   0.00163803
      3.70610      1.35477   0.00165796
      3.70751      1.34720   0.00162877
      3.70893      1.34174   0.00165828
      3.71034      1.33774   0.00163213
      3.71175      1.33703   0.00165459
      3.71317      1.34502   0.00162744
      3.71458      1.33588   0.00161594
      3.71600      1.33521   0.00162333
      3.71741      1.33848   0.00162725
      3.71883      1.34584   0.00160677
      3.72024      1.34518   0.00160523
      3.72165      1.34887   0.00159809
      3.72307      1.35204   0.00158852
      3.72448      1.35378   0.00165081
      3.72590      1.35501   0.00168055
      3.72731      1.35968   0.00165330
      3.72873      1.36190   0.00168154
      3.73014      1.36614   0.00157611
      3.73155      1.36280   0.00165989
      3.73297      1.35958   0.00168585
      3.73438      1.38056   0.00164651
      3.73579      1.39714   0.00166582
      3.73721      1.41354   0.00169308
      3.73862      1.43577   0.00164781
      3.74004      1.45654   0.00172816
      3.74145      1.44228   0.00171575
      3.74286      1.42710   0.00168841
      3.74428      1.41413   0.00168992
      3.74569      1.40170   0.00164065
      3.74710      1.38628   0.00163047
      3.74852      1.38532   0.00162476
      3.74993      1.38673   0.00160812
      3.75134      1.38798   0.00166066
      3.75276      1.38829   0.00166373
      3.75417      1.38150   0.00162256
      3.75558      1.37992   0.00165918
      3.75700      1.38028   0.00163936
      3.75841      1.38331   0.00162362
      3.75982      1.38892   0.00165571
      3.76124      1.39304   0.00167740
      3.76265      1.40655   0.00171951
      3.76406      1.39185   0.00167690
      3.76548      1.39377   0.00169104
      3.76689      1.39790   0.00171532
      3.76830      1.38682   0.00167738
      3.76972      1.39783   0.00169127
      3.77113      1.39535   0.00165212
      3.77254      1.39509   0.00160736
      3.77395      1.38658   0.00160525
      3.77537      1.38783   0.00166836
      3.77678      1.40009   0.00169645
      3.77819      1.40027   0.00171167
      3.77961      1.40292   0.00168282
      3.78102      1.40387   0.00168157
      3.78243      1.40470   0.00175230
      3.78384      1.40806   0.00169066
      3.78526      1.41217   0.00165353
      3.78667      1.41609   0.00167676
      3.78808      1.41290   0.00169253
      3.78949      1.41411   0.00172410
      3.79090      1.42524   0.00166111
      3.79232      1.41850   0.00167891
      3.79373      1.42067   0.00169178
      3.79514      1.42932   0.00173157
      3.79655      1.42413   0.00172543
      3.79797      1.42173   0.00174683
      3.79938      1.43191   0.00170848
      3.80079      1.41910   0.00165313
      3.80220      1.43047   0.00168121
      3.80361      1.43835   0.00167126
      3.80503      1.43070   0.00163994
      3.80644      1.43335   0.00174654
      3.80785      1.43688   0.00170397
      3.80926      1.43824   0.00165559
      3.81067      1.45070   0.00172374
      3.81208      1.44703   0.00175659
      3.81350      1.42902   0.00174070
      3.81491      1.43255   0.00173243
      3.81632      1.44230   0.00173089
      3.81773      1.44588   0.00172067
      3.81914      1.44506   0.00169622
      3.82055      1.45046   0.00173059
      3.82196      1.45324   0.00164277
      3.82338      1.43259   0.00171196
      3.82479      1.42673   0.00172633
      3.82620      1.43879   0.00170467
      3.82761      1.44623   0.00175892
      3.82902      1.45139   0.00165562
      3.83043      1.44587   0.00170370
      3.83184      1.45734   0.00172682
      3.83325      1.45430   0.00175767
      3.83466      1.44936   0.00176516
      3.83608      1.45333   0.00173331
      3.83749      1.45349   0.00170356
      3.83890      1.45834   0.00173425
      3.84031      1.47400   0.00173829
      3.84172      1.47067   0.00175913
      3.84313      1.46823   0.00170299
      3.84454      1.46877   0.00169137
      3.84595      1.46763   0.00171351
      3.84736      1.46389   0.00175352
      3.84877      1.46853   0.00178953
      3.85018      1.47106   0.00182455
      3.85159      1.46875   0.00175020
      3.85300      1.46157   0.00174719
      3.85441      1.46909   0.00172633
      3.85582      1.47795   0.00172351
      3.85723      1.47061   0.00172794
      3.85864      1.47754   0.00173550
      3.86005      1.47658   0.00179341
      3.86146      1.48695   0.00176690
      3.86287      1.49088   0.00181609
      3.86428      1.47953   0.00183610
      3.86569      1.47540   0.00182618
      3.86710      1.47818   0.00181845
      3.86851      1.48332   0.00183638
      3.86992      1.49194   0.00188167
      3.87133      1.49936   0.00186460
      3.87274      1.49834   0.00189737
      3.87415      1.50075   0.00186092
      3.87556      1.50712   0.00192014
      3.87697      1.50913   0.00189379
      3.87838      1.50633   0.00187188
      3.87979      1.51347   0.00190384
      3.88120      1.51951   0.00191634
      3.88260      1.50465   0.00194421
      3.88401      1.49944   0.00185907
      3.88542      1.50769   0.00190176
      3.88683      1.51209   0.00183524
      3.88824      1.51352   0.00187776
      3.88965      1.51284   0.00189692
      3.89106      1.51355   0.00179954
      3.89247      1.51515   0.00180860
      3.89388      1.51147   0.00185950
      3.89528      1.51152   0.00185104
      3.89669      1.51871   0.00184169
      3.89810      1.51779   0.00183121
      3.89951      1.51630   0.00187979
      3.90092      1.50952   0.00192126
      3.90233      1.50291   0.00189708
      3.90374      1.51543   0.00186476
      3.90514      1.52692   0.00192329
      3.90655      1.53288   0.00192034
      3.90796      1.53926   0.00198452
      3.90937      1.53292   0.00198598
      3.91078      1.52244   0.00199812
      3.91218      1.53968   0.00199069
      3.91359      1.53334   0.00195681
      3.91500      1.54093   0.00186820
      3.91641      1.54240   0.00193718
      3.91782      1.54431   0.00189950
      3.91922      1.54111   0.00187403
      3.92063      1.54440   0.00195576
      3.92204      1.54490   0.00202190
      3.92345      1.54345   0.00196897
      3.92485      1.54811   0.00194444
      3.92626      1.55058   0.00198656
      3.92767      1.54427   0.00198729
      3.92908      1.54460   0.00176191
      3.93048      1.54476   0.00194424
      3.93189      1.54417   0.00181819
      3.93330      1.54564   0.00190591
      3.93470      1.54455   0.00200035
      3.93611      1.54448   0.00190844
      3.93752      1.54342   0.00198470
      3.93892      1.54434   0.00189803
      3.94033      1.55244   0.00193236
      3.94174      1.55022   0.00188143
      3.94314      1.54718   0.00189432
      3.94455      1.54929   0.00190846
      3.94596      1.54873   0.00188393
      3.94736      1.54276   0.00188662
      3.94877      1.54633   0.00185337
      3.95018      1.55170   0.00181897
      3.95158      1.55141   0.00181906
      3.95299      1.55282   0.00179250
      3.95440      1.55429   0.00180643
      3.95580      1.55522   0.00179837
      3.95721      1.55250   0.00197792
      3.95861      1.55473   0.00192733
      3.96002      1.55670   0.00189396
      3.96143      1.55518   0.00172177
      3.96283      1.55631   0.00187695
      3.96424      1.56284   0.00180789
      3.96564      1.56401   0.00179937
      3.96705      1.56606   0.00184290
      3.96845      1.57034   0.00179735
      3.96986      1.56831   0.00182497
      3.97127      1.56730   0.00179409
      3.97267      1.57254   0.00192569
      3.97408      1.58675   0.00191773
      3.97548      1.57443   0.00185636
      3.97689      1.57086   0.00195179
      3.97829      1.56580   0.00189885
      3.97970      1.57431   0.00191434
      3.98110      1.57309   0.00183737
      3.98251      1.55961   0.00197189
      3.98391      1.57289   0.00197291
      3.98532      1.57333   0.00196606
      3.98672      1.57370   0.00189843
      3.98813      1.57495   0.00191333
      3.98953      1.57707   0.00193044
      3.99094      1.58011   0.00198371
      3.99234      1.58101   0.00189671
      3.99374      1.57514   0.00202079
      3.99515      1.57753   0.00190144
      3.99655      1.57628   0.00188372
      3.99796      1.57455   0.00187864
      3.99936      1.56602   0.00191874
      4.00077      1.49677   0.00187104
      4.00217      1.60516   0.00199658
      4.00357      1.59125   0.00197343
      4.00498      1.59412   0.00183584
      4.00638      1.60051   0.00189245
      4.00779      1.59885   0.00197334
      4.00919      1.60245   0.00198235
      4.01059      1.60151   0.00199417
      4.01200      1.61418   0.00192514
      4.01340      1.61364   0.00199801
      4.01480      1.61113   0.00210369
      4.01621      1.61975   0.00205209
      4.01761      1.61589   0.00201779
      4.01901      1.61931   0.00203174
      4.02042      1.60955   0.00213101
      4.02182      1.61736   0.00213238
      4.02322      1.61876   0.00206331
      4.02463      1.62158   0.00222052
      4.02603      1.62331   0.00209854
      4.02743      1.61800   0.00192447
      4.02883      1.61730   0.00210767
      4.03024      1.60863   0.00203267
      4.03164      1.61821   0.00205075
      4.03304      1.62563   0.00208039
      4.03445      1.62677   0.00193754
      4.03585      1.64582   0.00208908
      4.03725      1.68246   0.00216082
      4.03865      1.69687   0.00218239
      4.04005      1.69434   0.00215725
      4.04146      1.68695   0.00220385
      4.04286      1.69226   0.00225881
      4.04426      1.67800   0.00223459
      4.04566      1.68156   0.00232213
      4.04706      1.69902   0.00237400
      4.04847      1.76515   0.00231885
      4.04987      1.84510   0.00235562
      4.05127      1.93481   0.00232512
      4.05267      1.97784   0.00243008
      4.05407      1.94505   0.00230920
      4.05548      1.88266   0.00219740
      4.05688      1.79382   0.00223535
      4.05828      1.71667   0.00212984
      4.05968      1.68162   0.00219025
      4.06108      1.65143   0.00216631
      4.06248      1.67509   0.00210784
      4.06388      1.66073   0.00223099
      4.06528      1.65237   0.00205352
      4.06668      1.65827   0.00217478
      4.06809      1.66645   0.00228160
      4.06949      1.64798   0.00216545
      4.07089      1.65261   0.00226801
      4.07229      1.66088   0.00229398
      4.07369      1.66972   0.00230833
      4.07509      1.67489   0.00226914
      4.07649      1.67249   0.00223759
      4.07789      1.66047   0.00234675
      4.07929      1.66083   0.00239972
      4.08069      1.67782   0.00245280
      4.08209      1.66474   0.00247181
      4.08349      1.66993   0.00239555
      4.08489      1.65906   0.00240312
      4.08629      1.67644   0.00244732
      4.08769      1.67774   0.00230357
      4.08909      1.68216   0.00229862
      4.09049      1.68338   0.00238439
      4.09189      1.68861   0.00246839
      4.09329      1.69181   0.00240929
      4.09469      1.69680   0.00242995
      4.09609      1.71836   0.00243277
      4.09749      1.69793   0.00233491
      4.09889      1.69677   0.00240730
      4.10029      1.70353   0.00266713
      4.10169      1.70589   0.00261898
      4.10309      1.69460   0.00264628
      4.10448      1.68059   0.00245823
      4.10588      1.69478   0.00272957
      4.10728      1.70622   0.00259305
      4.10868      1.72927   0.00256287
      4.11008      1.72630   0.00270870
      4.11148      1.70818   0.00256992
      4.11288      1.70551   0.00276261
      4.11428      1.72361   0.00258466
      4.11567      1.73328   0.00253157
      4.11707      1.74148   0.00249579
      4.11847      1.74417   0.00242167
      4.11987      1.74201   0.00260172
      4.12127      1.74056   0.00253763
      4.12266      1.75898   0.00254604
      4.12406      1.77526   0.00271131
      4.12546      1.77892   0.00255389
      4.12686      1.78532   0.00268398
      4.12826      1.79292   0.00268886
      4.12965      1.79699   0.00271971
      4.13105      1.78357   0.00289409
      4.13245      1.78307   0.00283369
      4.13385      1.80962   0.00275672
      4.13524      1.82602   0.00287959
      4.13664      1.81772   0.00279624
      4.13804      1.81632   0.00286868
      4.13944      1.80077   0.00268788
      4.14083      1.82061   0.00287221
      4.14223      1.83810   0.00292899
      4.14363      1.83605   0.00306374
      4.14502      1.83280   0.00304939
      4.14642      1.85654   0.00293254
      4.14782      1.87288   0.00283361
      4.14922      1.87689   0.00293229
      4.15061      1.88240   0.00309602
      4.15201      1.89991   0.00304829
      4.15341      1.91504   0.00297011
      4.15480      1.92577   0.00302443
      4.15620      1.93304   0.00286262
      4.15759      1.92676   0.00328747
      4.15899      1.93342   0.00316825
      4.16039      1.95285   0.00295011
      4.16178      1.95864   0.00332472
      4.16318      1.98204   0.00330119
      4.16457      1.99761   0.00364639
      4.16597      1.99948   0.00352616
      4.16737      2.04596   0.00361249
      4.16876      2.04738   0.00353999
      4.17016      2.07421   0.00381974
      4.17155      2.08549   0.00368040
      4.17295      2.09377   0.00404192
      4.17434      2.13202   0.00427572
      4.17574      2.16085   0.00448812
      4.17713      2.16488   0.00435988
      4.17853      2.23113   0.00443757
      4.17992      2.25365   0.00509469
      4.18132      2.32094   0.00568855
      4.18271      2.39234   0.00615583
      4.18411      2.50117   0.00821621
      4.18550      2.62082    0.0116371
      4.18690      2.69184    0.0169671
      4.18829      2.83750    0.0270652
      4.18969      2.99583    0.0465910
      4.19108      2.96645    0.0907404
      4.19248      2.70775     0.206385
      4.19387      1.55390     0.483256
      4.19527   0.00297618      1.17112
      4.19666      42.8055      339.550
      4.19805      131.612      1757.07
      4.19945      90.9690      936.736
      4.20084      293.123      4832.38
      4.20224      43.0292      1.91240
      4.20363      269.534      3.99818
      4.20502     -249.084      6.17161
      4.20642     -689.792      9.71068
      4.20781     -979.510      5.66709
      4.20920     -2003.01      2.73702
      4.21060      1176.02      4.05738
      4.21199     -317.854      1.44577
      4.21338     -659.221      4.59445
      4.21478     -1436.33      8.64280
      4.21617      1916.21      19.9942
      4.21756      3981.82      10.9071
      4.21896     -1608.16      4.62819
      4.22035      355.312      4.77160
      4.22174      1645.52      4.50863
      4.22313      1364.71      5.10553
      4.22453      7871.69      9.61875
      4.22592     -1284.32      9.65391
      4.22731      140.837      6.26415
      4.22870      3718.25      10.9221
      4.23010      113.750      6.82469
      4.23149      253.871      2.29084
      4.23288      0.00000     0.712238
