SOURCE  = IRS 54/WLY 2-54               / Source name
STANDARD= BS5812                        / Standard name
OBSDATE = 05-05-2002                    / Date of observation
SPOS    = 16:27:51.8  -24:32:04.1       / Source position RA,DEC,J2000
STPOS   = 15:38:39.2  -29:47:13.6       / Standard position RA,DEC,J2000
STSPT   = B2.5V                         / Standard spectral type
STTEFF  = 19950                         / Standard effective temperature [K]
STMAG   = 4.199                         / Standard magnitude (adopted)
WAVEZP  = 3.45                          / Wavelength zero point [micron]
FLUXZP  = 290                           / Flux zero point [Jy]
SAIRM   = 1.067                         / Source mean airmass
STAIRM  = 1.063                         / Standard mean airmass
AIRMCORR= 1.01                          / Optimal (adopted) airmass correction
SPECRES = ~1200                         / Spectral resolution

Created by K. M. Pontoppidan             Sat May 10 22:00:03 2003

Wavelength [micron] Flux [Jy] Statistical Error [Jy]

      2.81359      0.00000    0.0454940
      2.81509    -0.237155    0.0575665
      2.81658   -0.0252647    0.0441206
      2.81807    0.0965766    0.0431069
      2.81956    0.0999181    0.0275145
      2.82105    0.0818597    0.0161075
      2.82254    0.0770311    0.0195995
      2.82402    0.0217561    0.0437377
      2.82551    -0.807358     0.148020
      2.82700     -1.25516      1.15261
      2.82848     0.648964      1.10495
      2.82997     0.307305     0.486996
      2.83145     0.263050     0.106952
      2.83293     0.107664    0.0513648
      2.83441    0.0958778    0.0282283
      2.83589    0.0638424    0.0109638
      2.83738    0.0675402   0.00882850
      2.83885    0.0382807    0.0144803
      2.84033    0.0393692    0.0423808
      2.84181    0.0472295    0.0861756
      2.84329     0.122435    0.0425284
      2.84477     0.116762    0.0262424
      2.84624    0.0849951    0.0541845
      2.84772    0.0997957     0.129210
      2.84919     0.212112    0.0879830
      2.85066    0.0314746    0.0276117
      2.85214    0.0288581    0.0167044
      2.85361    0.0287467    0.0201753
      2.85508    0.0547807    0.0179832
      2.85655    0.0958061   0.00854225
      2.85802    0.0907269   0.00606137
      2.85949    0.0828641   0.00704534
      2.86096    0.0557329   0.00968360
      2.86243    0.0670281    0.0159146
      2.86389     0.101362    0.0166225
      2.86536    0.0806878    0.0194029
      2.86682    0.0399551    0.0284558
      2.86829    0.0622071    0.0127947
      2.86975    0.0935507   0.00568924
      2.87122    0.0847845   0.00436591
      2.87268    0.0796733   0.00610749
      2.87414    0.0857086   0.00653632
      2.87560    0.0866407   0.00536506
      2.87707    0.0741470   0.00498716
      2.87853    0.0719565   0.00561719
      2.87999    0.0803878   0.00649254
      2.88144    0.0744654   0.00598282
      2.88290    0.0678865   0.00631427
      2.88436    0.0727861   0.00974366
      2.88582    0.0666022   0.00873457
      2.88727    0.0921899   0.00585733
      2.88873    0.0896226   0.00517951
      2.89018    0.0836709   0.00447593
      2.89164    0.0791991   0.00295378
      2.89309    0.0773207   0.00255496
      2.89455    0.0756404   0.00275154
      2.89600    0.0648229   0.00427269
      2.89745    0.0603329    0.0105266
      2.89890    0.0523746    0.0153041
      2.90035    0.0718162    0.0100180
      2.90180    0.0955933    0.0105776
      2.90325    0.0687538   0.00999423
      2.90470    0.0622058   0.00669392
      2.90615    0.0676759   0.00497347
      2.90760    0.0788644   0.00341379
      2.90905    0.0719253   0.00286101
      2.91049    0.0730294   0.00358583
      2.91194    0.0714664   0.00474312
      2.91338    0.0721183   0.00418389
      2.91483    0.0688593   0.00362048
      2.91627    0.0798600   0.00318324
      2.91772    0.0810625   0.00288770
      2.91916    0.0771843   0.00449637
      2.92060    0.0659924    0.0103624
      2.92205    0.0574438    0.0162293
      2.92349    0.0525740   0.00740972
      2.92493    0.0774683   0.00342630
      2.92637    0.0771369   0.00255266
      2.92781    0.0682160   0.00259814
      2.92925    0.0733650   0.00262778
      2.93069    0.0731870   0.00221048
      2.93213    0.0760102   0.00253084
      2.93357    0.0806432   0.00238242
      2.93500    0.0739496   0.00253689
      2.93644    0.0646562   0.00324439
      2.93788    0.0547996   0.00456688
      2.93931    0.0621391   0.00411401
      2.94075    0.0706543   0.00345271
      2.94218    0.0647064   0.00426093
      2.94362    0.0618562   0.00471458
      2.94505    0.0662135   0.00347859
      2.94649    0.0742762   0.00487675
      2.94792    0.0832473   0.00418339
      2.94935    0.0816914   0.00251838
      2.95078    0.0768382   0.00233503
      2.95222    0.0742600   0.00345382
      2.95365    0.0795085   0.00618390
      2.95508    0.0789075   0.00527649
      2.95651    0.0789363   0.00299594
      2.95794    0.0721337   0.00262633
      2.95937    0.0767603   0.00268127
      2.96080    0.0743474   0.00270106
      2.96223    0.0725160   0.00247013
      2.96365    0.0771745   0.00237802
      2.96508    0.0750909   0.00218713
      2.96651    0.0703325   0.00258759
      2.96794    0.0678617   0.00430932
      2.96936    0.0674266   0.00798695
      2.97079    0.0890286    0.0117710
      2.97221    0.0691756    0.0127535
      2.97364    0.0479383   0.00843440
      2.97506    0.0770463   0.00703642
      2.97649    0.0732486   0.00500371
      2.97791    0.0755757   0.00396435
      2.97934    0.0792321   0.00526081
      2.98076    0.0739642   0.00520397
      2.98218    0.0757501   0.00341532
      2.98360    0.0785751   0.00273966
      2.98503    0.0760697   0.00223757
      2.98645    0.0760733   0.00201875
      2.98787    0.0735633   0.00197802
      2.98929    0.0736286   0.00180820
      2.99071    0.0716804   0.00193152
      2.99213    0.0696946   0.00212273
      2.99355    0.0645745   0.00251546
      2.99497    0.0638129   0.00253259
      2.99639    0.0715410   0.00293434
      2.99781    0.0692985   0.00360626
      2.99922    0.0756262   0.00316101
      3.00064    0.0748345   0.00214935
      3.00206    0.0759838   0.00187439
      3.00348    0.0777848   0.00202045
      3.00489    0.0787948   0.00286393
      3.00631    0.0779382   0.00427936
      3.00773    0.0718947   0.00436412
      3.00914    0.0753233   0.00337937
      3.01056    0.0720738   0.00236456
      3.01197    0.0681947   0.00194724
      3.01339    0.0714487   0.00204334
      3.01480    0.0738008   0.00224624
      3.01622    0.0743786   0.00219976
      3.01763    0.0722263   0.00275085
      3.01904    0.0653938   0.00420683
      3.02046    0.0604365   0.00471690
      3.02187    0.0629990   0.00543163
      3.02328    0.0682907   0.00480600
      3.02470    0.0685640   0.00267618
      3.02611    0.0740254   0.00200267
      3.02752    0.0756822   0.00203303
      3.02893    0.0768800   0.00199055
      3.03034    0.0775983   0.00210824
      3.03175    0.0733623   0.00272560
      3.03316    0.0759019   0.00374300
      3.03457    0.0811483   0.00342874
      3.03598    0.0771012   0.00339172
      3.03739    0.0797076   0.00590772
      3.03880    0.0833567   0.00646328
      3.04021    0.0928730   0.00444178
      3.04162    0.0906947   0.00334248
      3.04303    0.0816796   0.00265904
      3.04444    0.0795129   0.00254447
      3.04585    0.0720493   0.00317293
      3.04726    0.0751308   0.00341436
      3.04866    0.0797406   0.00338756
      3.05007    0.0755993   0.00434416
      3.05148    0.0659173   0.00454970
      3.05288    0.0714385   0.00624942
      3.05429    0.0621779   0.00778197
      3.05570    0.0691222   0.00759605
      3.05710    0.0717325   0.00534630
      3.05851    0.0771345   0.00313841
      3.05992    0.0800859   0.00212162
      3.06132    0.0788011   0.00216995
      3.06273    0.0736409   0.00294975
      3.06413    0.0766259   0.00324634
      3.06554    0.0777724   0.00278473
      3.06694    0.0782904   0.00276282
      3.06835    0.0796684   0.00290160
      3.06975    0.0752320   0.00330092
      3.07116    0.0717333   0.00388765
      3.07256    0.0640112   0.00416399
      3.07396    0.0597177   0.00391210
      3.07537    0.0683107   0.00255797
      3.07677    0.0764100   0.00193005
      3.07817    0.0764664   0.00197390
      3.07958    0.0731197   0.00222845
      3.08098    0.0720609   0.00299544
      3.08238    0.0710766   0.00537563
      3.08378    0.0811755   0.00444138
      3.08519    0.0849875   0.00329524
      3.08659    0.0767083   0.00315796
      3.08799    0.0793492   0.00266421
      3.08939    0.0834198   0.00280313
      3.09079    0.0766692   0.00353643
      3.09219    0.0805011   0.00285958
      3.09359    0.0852804   0.00377350
      3.09500    0.0758367   0.00439059
      3.09640    0.0765902   0.00469001
      3.09780    0.0742787   0.00437050
      3.09920    0.0782267   0.00383581
      3.10060    0.0788532   0.00293983
      3.10200    0.0819580   0.00226024
      3.10340    0.0786856   0.00234844
      3.10480    0.0676493   0.00397268
      3.10620    0.0722686   0.00649621
      3.10760    0.0801202   0.00503674
      3.10900    0.0776949   0.00345122
      3.11040    0.0733247   0.00394892
      3.11180    0.0813849   0.00529883
      3.11320    0.0836697   0.00390289
      3.11459    0.0845766   0.00310520
      3.11599    0.0803109   0.00431568
      3.11739    0.0753332   0.00314693
      3.11879    0.0840074   0.00210434
      3.12019    0.0825864   0.00161299
      3.12159    0.0817601   0.00165026
      3.12299    0.0810669   0.00172063
      3.12438    0.0849365   0.00214513
      3.12578    0.0846472   0.00315092
      3.12718    0.0825140   0.00572727
      3.12858    0.0878426   0.00610743
      3.12998    0.0843595   0.00360018
      3.13137    0.0876811   0.00209313
      3.13277    0.0879734   0.00183860
      3.13417    0.0864417   0.00161548
      3.13557    0.0881387   0.00156063
      3.13696    0.0892572   0.00149311
      3.13836    0.0872875   0.00192288
      3.13976    0.0822987   0.00268747
      3.14115    0.0739143   0.00307229
      3.14255    0.0706044   0.00252688
      3.14395    0.0804724   0.00210721
      3.14535    0.0921380   0.00255422
      3.14674    0.0910335   0.00401181
      3.14814    0.0981176   0.00336405
      3.14953    0.0977182   0.00239684
      3.15093    0.0938625   0.00204616
      3.15233    0.0926232   0.00170269
      3.15372    0.0951625   0.00171668
      3.15512    0.0955849   0.00213015
      3.15652    0.0993101   0.00227735
      3.15791    0.0964105   0.00232133
      3.15931    0.0925768   0.00197759
      3.16071    0.0964083   0.00183393
      3.16210    0.0966428   0.00164021
      3.16350    0.0974209   0.00150986
      3.16489    0.0973522   0.00138197
      3.16629    0.0982832   0.00162862
      3.16769    0.0983114   0.00156848
      3.16908    0.0979367   0.00154447
      3.17048    0.0974502   0.00153385
      3.17187    0.0993260   0.00159579
      3.17327     0.102702   0.00186446
      3.17466     0.103687   0.00190101
      3.17606     0.102158   0.00180217
      3.17746     0.101973   0.00159862
      3.17885     0.103167   0.00155863
      3.18025     0.103241   0.00158686
      3.18164     0.107181   0.00189976
      3.18304     0.111295   0.00213035
      3.18443     0.107951   0.00208871
      3.18583     0.106450   0.00193430
      3.18722     0.111462   0.00180878
      3.18862     0.113540   0.00170157
      3.19001     0.110928   0.00254034
      3.19141     0.103545   0.00431220
      3.19281     0.100669   0.00430753
      3.19420     0.104912   0.00278663
      3.19560     0.109134   0.00222323
      3.19699     0.107701   0.00354939
      3.19839     0.104934   0.00611726
      3.19978     0.101744   0.00569486
      3.20118     0.110478   0.00484261
      3.20257     0.122280   0.00670362
      3.20397     0.133215   0.00517813
      3.20536     0.134438   0.00551277
      3.20676     0.122315   0.00869486
      3.20815     0.124329   0.00936396
      3.20955     0.132356    0.0139615
      3.21095     0.108436    0.0111200
      3.21234     0.116440   0.00735902
      3.21374     0.122602   0.00535335
      3.21513     0.117410   0.00531258
      3.21653     0.118433   0.00459467
      3.21792     0.130375   0.00378733
      3.21932     0.125568   0.00298805
      3.22071     0.125663   0.00471245
      3.22211     0.105540    0.0101496
      3.22351    0.0833532    0.0149629
      3.22490     0.127900    0.0114535
      3.22630     0.128200   0.00556181
      3.22769     0.131844   0.00426353
      3.22909     0.108868   0.00889049
      3.23048     0.101082    0.0107758
      3.23188     0.108949   0.00428500
      3.23328     0.125659   0.00214803
      3.23467     0.127367   0.00182852
      3.23607     0.126534   0.00190744
      3.23746     0.125797   0.00243838
      3.23886     0.118847   0.00336342
      3.24026     0.118958   0.00325325
      3.24165     0.125367   0.00280784
      3.24305     0.129510   0.00443439
      3.24445     0.136419   0.00748467
      3.24584     0.154374   0.00823409
      3.24724     0.142429   0.00869806
      3.24863     0.123314   0.00562712
      3.25003     0.121886   0.00289144
      3.25143     0.126525   0.00183837
      3.25282     0.130169   0.00159771
      3.25422     0.131801   0.00147683
      3.25562     0.133899   0.00169839
      3.25701     0.132022   0.00224586
      3.25841     0.120176   0.00379787
      3.25981     0.124830   0.00769326
      3.26121     0.149204   0.00879835
      3.26260     0.125801   0.00469330
      3.26400     0.134148   0.00276437
      3.26540     0.136232   0.00267188
      3.26679     0.133500   0.00329139
      3.26819     0.130219   0.00436879
      3.26959     0.117992   0.00695267
      3.27099     0.116372   0.00688598
      3.27238     0.126590   0.00275151
      3.27378     0.133317   0.00186869
      3.27518     0.134248   0.00188305
      3.27658     0.137957   0.00213971
      3.27798     0.134474   0.00337218
      3.27937     0.123472   0.00353071
      3.28077     0.137348   0.00228781
      3.28217     0.142973   0.00163452
      3.28357     0.137106   0.00157259
      3.28497     0.138846   0.00167390
      3.28637     0.141862   0.00156450
      3.28776     0.142878   0.00156904
      3.28916     0.142432   0.00163087
      3.29056     0.147314   0.00224880
      3.29196     0.150977   0.00268202
      3.29336     0.150116   0.00363380
      3.29476     0.159512   0.00532029
      3.29616     0.166701   0.00640230
      3.29756     0.157301   0.00889400
      3.29896     0.144749   0.00745752
      3.30036     0.155890   0.00351732
      3.30176     0.156537   0.00250407
      3.30316     0.143221   0.00274161
      3.30456     0.141876   0.00299845
      3.30596     0.150532   0.00260752
      3.30736     0.151391   0.00247571
      3.30876     0.147140   0.00258583
      3.31016     0.149031   0.00289959
      3.31156     0.138100   0.00454887
      3.31296    0.0830685    0.0176384
      3.31436     0.124793    0.0680581
      3.31576     0.260625    0.0499005
      3.31716     0.186589    0.0319142
      3.31856     0.158825    0.0213696
      3.31996     0.179422    0.0116156
      3.32136     0.149899   0.00657048
      3.32276     0.156629   0.00391051
      3.32417     0.156753   0.00245062
      3.32557     0.152121   0.00268568
      3.32697     0.147934   0.00420936
      3.32837     0.143600   0.00324898
      3.32977     0.157285   0.00214256
      3.33117     0.159332   0.00171950
      3.33258     0.148646   0.00184687
      3.33398     0.151510   0.00176233
      3.33538     0.161071   0.00179335
      3.33678     0.157710   0.00211774
      3.33819     0.153574   0.00293726
      3.33959     0.152390   0.00293142
      3.34099     0.154171   0.00274582
      3.34240     0.156760   0.00204465
      3.34380     0.153660   0.00270142
      3.34520     0.150128   0.00394420
      3.34661     0.155880   0.00250197
      3.34801     0.167149   0.00213743
      3.34941     0.161338   0.00195324
      3.35082     0.157598   0.00198857
      3.35222     0.159301   0.00200422
      3.35362     0.154985   0.00289413
      3.35503     0.152013   0.00354365
      3.35643     0.156394   0.00365032
      3.35784     0.162303   0.00242143
      3.35924     0.168602   0.00221466
      3.36065     0.160046   0.00251288
      3.36205     0.156110   0.00244718
      3.36346     0.163392   0.00202123
      3.36486     0.168192   0.00176255
      3.36627     0.162486   0.00249108
      3.36767     0.158055   0.00289782
      3.36908     0.166682   0.00255718
      3.37049     0.166723   0.00198542
      3.37189     0.169795   0.00179842
      3.37330     0.163957   0.00176846
      3.37470     0.158998   0.00174400
      3.37611     0.160547   0.00198114
      3.37752     0.162272   0.00235112
      3.37892     0.155622   0.00310519
      3.38033     0.162438   0.00254492
      3.38174     0.170987   0.00241104
      3.38315     0.165702   0.00226184
      3.38455     0.164343   0.00216711
      3.38596     0.170130   0.00155660
      3.38737     0.170449   0.00147547
      3.38878     0.168717   0.00197230
      3.39018     0.164646   0.00272770
      3.39159     0.168886   0.00270864
      3.39300     0.171598   0.00192272
      3.39441     0.172229   0.00180823
      3.39582     0.173322   0.00158211
      3.39723     0.173468   0.00150848
      3.39863     0.174238   0.00157170
      3.40004     0.172629   0.00195345
      3.40145     0.165895   0.00248785
      3.40286     0.158265   0.00372743
      3.40427     0.166712   0.00293022
      3.40568     0.175745   0.00258115
      3.40709     0.174087   0.00248035
      3.40850     0.176708   0.00222347
      3.40991     0.180073   0.00199510
      3.41132     0.176254   0.00210100
      3.41273     0.177014   0.00215642
      3.41414     0.171923   0.00280170
      3.41555     0.169594   0.00274138
      3.41696     0.176750   0.00182472
      3.41838     0.175612   0.00171625
      3.41979     0.175391   0.00156937
      3.42120     0.177679   0.00169957
      3.42261     0.177236   0.00170311
      3.42402     0.175929   0.00177292
      3.42543     0.174610   0.00258195
      3.42685     0.169966   0.00311795
      3.42826     0.171616   0.00238619
      3.42967     0.181820   0.00169314
      3.43108     0.179220   0.00167554
      3.43249     0.177072   0.00181815
      3.43391     0.177835   0.00158965
      3.43532     0.181119   0.00172113
      3.43673     0.181844   0.00197073
      3.43815     0.178662   0.00196997
      3.43956     0.173959   0.00226326
      3.44097     0.180429   0.00209030
      3.44239     0.185941   0.00171922
      3.44380     0.185409   0.00174293
      3.44522     0.182719   0.00169067
      3.44663     0.181434   0.00164956
      3.44805     0.181856   0.00183906
      3.44946     0.183687   0.00177230
      3.45087     0.184448   0.00197748
      3.45229     0.183292   0.00204427
      3.45370     0.181853   0.00201221
      3.45512     0.183918   0.00177826
      3.45654     0.185048   0.00156406
      3.45795     0.186713   0.00141397
      3.45937     0.187000   0.00163729
      3.46078     0.187573   0.00157150
      3.46220     0.186723   0.00180250
      3.46362     0.184996   0.00184518
      3.46503     0.183569   0.00198218
      3.46645     0.187738   0.00177827
      3.46786     0.191246   0.00163811
      3.46928     0.192348   0.00145949
      3.47070     0.191715   0.00168440
      3.47212     0.187001   0.00162080
      3.47353     0.186160   0.00164501
      3.47495     0.187235   0.00173444
      3.47637     0.189410   0.00177253
      3.47779     0.187134   0.00162856
      3.47921     0.191508   0.00177253
      3.48062     0.190664   0.00169904
      3.48204     0.195090   0.00166999
      3.48346     0.194994   0.00159431
      3.48488     0.192765   0.00168043
      3.48630     0.193967   0.00177547
      3.48772     0.192339   0.00178061
      3.48914     0.194228   0.00170445
      3.49056     0.195966   0.00181934
      3.49197     0.193465   0.00170636
      3.49339     0.188498   0.00173548
      3.49481     0.193539   0.00162256
      3.49623     0.196678   0.00159345
      3.49765     0.195012   0.00164181
      3.49907     0.194535   0.00158699
      3.50050     0.193942   0.00174815
      3.50192     0.197094   0.00169722
      3.50334     0.197644   0.00180758
      3.50476     0.198460   0.00164622
      3.50618     0.199637   0.00162408
      3.50760     0.199621   0.00154312
      3.50902     0.200515   0.00159133
      3.51044     0.200751   0.00162758
      3.51186     0.198344   0.00162293
      3.51329     0.198659   0.00148736
      3.51471     0.199161   0.00162412
      3.51613     0.199437   0.00172174
      3.51755     0.201876   0.00160118
      3.51898     0.203042   0.00156643
      3.52040     0.204182   0.00149003
      3.52182     0.204256   0.00153554
      3.52324     0.206540   0.00156892
      3.52467     0.207570   0.00146677
      3.52609     0.204279   0.00166253
      3.52751     0.205793   0.00170629
      3.52894     0.206014   0.00153305
      3.53036     0.209864   0.00140229
      3.53178     0.207628   0.00176681
      3.53321     0.205954   0.00146486
      3.53463     0.205909   0.00177823
      3.53606     0.203748   0.00163552
      3.53748     0.208198   0.00186514
      3.53891     0.210659   0.00176933
      3.54033     0.211762   0.00190828
      3.54176     0.213693   0.00177751
      3.54318     0.214603   0.00185742
      3.54461     0.213498   0.00156623
      3.54603     0.214405   0.00166528
      3.54746     0.216120   0.00161944
      3.54888     0.214606   0.00171197
      3.55031     0.217249   0.00163656
      3.55173     0.219259   0.00152799
      3.55316     0.218420   0.00154631
      3.55459     0.216154   0.00162806
      3.55601     0.216763   0.00167156
      3.55744     0.217571   0.00171106
      3.55886     0.219761   0.00169123
      3.56029     0.222538   0.00157839
      3.56172     0.220905   0.00166703
      3.56314     0.222808   0.00162838
      3.56457     0.222607   0.00179174
      3.56600     0.221146   0.00151277
      3.56743     0.221642   0.00160521
      3.56885     0.221812   0.00176424
      3.57028     0.221935   0.00165559
      3.57171     0.223483   0.00192966
      3.57314     0.222054   0.00168544
      3.57456     0.224613   0.00177856
      3.57599     0.230208   0.00174283
      3.57742     0.228855   0.00156036
      3.57885     0.223412   0.00170557
      3.58028     0.225258   0.00166069
      3.58171     0.229171   0.00167206
      3.58314     0.229668   0.00182946
      3.58456     0.225953   0.00151521
      3.58599     0.227731   0.00167212
      3.58742     0.226212   0.00191039
      3.58885     0.229280   0.00157506
      3.59028     0.233414   0.00171582
      3.59171     0.236247   0.00172397
      3.59314     0.231119   0.00162836
      3.59457     0.230377   0.00176498
      3.59600     0.227585   0.00160176
      3.59743     0.228663   0.00161630
      3.59886     0.230510   0.00160149
      3.60029     0.231053   0.00147874
      3.60172     0.228303   0.00180524
      3.60315     0.227626   0.00161791
      3.60458     0.231019   0.00167401
      3.60601     0.231279   0.00159379
      3.60744     0.234394   0.00166347
      3.60887     0.237318   0.00182533
      3.61030     0.238075   0.00174658
      3.61173     0.243986   0.00169590
      3.61317     0.239519   0.00162434
      3.61460     0.234346   0.00177840
      3.61603     0.235799   0.00179642
      3.61746     0.239355   0.00159349
      3.61889     0.238383   0.00180119
      3.62032     0.238832   0.00170324
      3.62175     0.237164   0.00164898
      3.62319     0.240193   0.00177689
      3.62462     0.240150   0.00164537
      3.62605     0.239214   0.00170278
      3.62748     0.241410   0.00157921
      3.62891     0.241405   0.00158349
      3.63035     0.240365   0.00192375
      3.63178     0.243569   0.00180629
      3.63321     0.246155   0.00186161
      3.63464     0.244352   0.00166177
      3.63608     0.242830   0.00165010
      3.63751     0.243424   0.00157164
      3.63894     0.243278   0.00159484
      3.64037     0.246050   0.00162312
      3.64181     0.248594   0.00154342
      3.64324     0.249196   0.00177732
      3.64467     0.248895   0.00155446
      3.64611     0.251217   0.00157763
      3.64754     0.253846   0.00154126
      3.64897     0.249700   0.00182155
      3.65041     0.247247   0.00184174
      3.65184     0.248862   0.00168249
      3.65327     0.250706   0.00171906
      3.65471     0.250561   0.00160347
      3.65614     0.254857   0.00165220
      3.65757     0.252175   0.00156110
      3.65901     0.248195   0.00163464
      3.66044     0.250010   0.00171488
      3.66187     0.256613   0.00153078
      3.66331     0.257035   0.00168973
      3.66474     0.254943   0.00172609
      3.66618     0.254975   0.00184694
      3.66761     0.256919   0.00178801
      3.66904     0.255767   0.00177429
      3.67048     0.254564   0.00194654
      3.67191     0.257335   0.00179253
      3.67335     0.258133   0.00183315
      3.67478     0.260164   0.00207463
      3.67621     0.262423   0.00201300
      3.67765     0.263410   0.00194931
      3.67908     0.259718   0.00193320
      3.68052     0.260623   0.00179959
      3.68195     0.262242   0.00179850
      3.68339     0.264180   0.00165090
      3.68482     0.263966   0.00174050
      3.68626     0.261044   0.00171214
      3.68769     0.260674   0.00165251
      3.68913     0.258377   0.00175396
      3.69056     0.259601   0.00181777
      3.69199     0.262794   0.00182404
      3.69343     0.262765   0.00183051
      3.69486     0.261837   0.00177127
      3.69630     0.261737   0.00154111
      3.69773     0.263498   0.00179632
      3.69917     0.266246   0.00190568
      3.70060     0.267292   0.00172894
      3.70204     0.268511   0.00162947
      3.70347     0.269173   0.00162856
      3.70491     0.269125   0.00164140
      3.70634     0.268789   0.00167234
      3.70778     0.268340   0.00170877
      3.70921     0.268832   0.00178094
      3.71065     0.267904   0.00174255
      3.71208     0.268788   0.00161231
      3.71352     0.267968   0.00175937
      3.71495     0.266704   0.00172082
      3.71639     0.272128   0.00184949
      3.71782     0.273660   0.00168158
      3.71926     0.266690   0.00178699
      3.72069     0.267746   0.00177828
      3.72213     0.272388   0.00185381
      3.72356     0.272509   0.00181110
      3.72500     0.270605   0.00165667
      3.72643     0.274171   0.00167699
      3.72787     0.273273   0.00180817
      3.72930     0.267348   0.00163685
      3.73074     0.272434   0.00187589
      3.73217     0.276415   0.00194490
      3.73360     0.278217   0.00190476
      3.73504     0.281455   0.00198873
      3.73647     0.287861   0.00195281
      3.73791     0.291366   0.00192970
      3.73934     0.295974   0.00194379
      3.74078     0.307083   0.00197113
      3.74221     0.305461   0.00186752
      3.74365     0.300190   0.00183656
      3.74508     0.288171   0.00158822
      3.74652     0.281881   0.00176154
      3.74795     0.284083   0.00164536
      3.74938     0.285971   0.00176617
      3.75082     0.290374   0.00198413
      3.75225     0.285986   0.00178595
      3.75369     0.279808   0.00191059
      3.75512     0.277013   0.00207712
      3.75655     0.284590   0.00176472
      3.75799     0.286204   0.00179248
      3.75942     0.282454   0.00182159
      3.76086     0.284287   0.00191038
      3.76229     0.283655   0.00167452
      3.76372     0.285779   0.00208161
      3.76516     0.286249   0.00192444
      3.76659     0.288686   0.00171596
      3.76802     0.289941   0.00174462
      3.76946     0.290033   0.00182889
      3.77089     0.286423   0.00175353
      3.77232     0.285310   0.00201420
      3.77376     0.286204   0.00181440
      3.77519     0.288815   0.00183920
      3.77662     0.288718   0.00179307
      3.77806     0.285244   0.00181668
      3.77949     0.285245   0.00170430
      3.78092     0.289765   0.00180037
      3.78235     0.293046   0.00197507
      3.78379     0.292441   0.00197248
      3.78522     0.284219   0.00205334
      3.78665     0.286671   0.00197993
      3.78808     0.292236   0.00197149
      3.78952     0.291426   0.00198754
      3.79095     0.291990   0.00201682
      3.79238     0.290873   0.00210851
      3.79381     0.286743   0.00200852
      3.79524     0.292930   0.00186344
      3.79668     0.293962   0.00180140
      3.79811     0.290456   0.00190904
      3.79954     0.296342   0.00174151
      3.80097     0.293684   0.00170251
      3.80240     0.292851   0.00202863
      3.80383     0.295160   0.00210333
      3.80526     0.295474   0.00216890
      3.80669     0.298390   0.00187371
      3.80812     0.295558   0.00192510
      3.80955     0.294241   0.00193752
      3.81098     0.297427   0.00216742
      3.81241     0.300606   0.00212273
      3.81384     0.302198   0.00212963
      3.81527     0.306881   0.00189960
      3.81670     0.310731   0.00180775
      3.81813     0.309830   0.00206077
      3.81956     0.307244   0.00195804
      3.82099     0.309862   0.00217924
      3.82242     0.302675   0.00207991
      3.82385     0.301491   0.00202316
      3.82528     0.303466   0.00212956
      3.82671     0.303470   0.00197819
      3.82813     0.303992   0.00199495
      3.82956     0.310523   0.00193554
      3.83099     0.310611   0.00213407
      3.83242     0.307217   0.00198678
      3.83384     0.305702   0.00205361
      3.83527     0.311374   0.00222370
      3.83670     0.312201   0.00157608
      3.83813     0.310323   0.00196560
      3.83955     0.304163   0.00212411
      3.84098     0.302055   0.00217031
      3.84241     0.302601   0.00198517
      3.84383     0.313288   0.00214951
      3.84526     0.315589   0.00207973
      3.84668     0.311834   0.00229315
      3.84811     0.307525   0.00235447
      3.84954     0.308940   0.00205176
      3.85096     0.311927   0.00198209
      3.85239     0.308968   0.00222501
      3.85381     0.315457   0.00233122
      3.85523     0.317531   0.00230570
      3.85666     0.313460   0.00205617
      3.85808     0.309428   0.00208274
      3.85951     0.310608   0.00214341
      3.86093     0.312988   0.00207921
      3.86235     0.313778   0.00225749
      3.86378     0.311070   0.00232731
      3.86520     0.310633   0.00213366
      3.86662     0.312593   0.00215109
      3.86804     0.312409   0.00233784
      3.86947     0.312440   0.00240792
      3.87089     0.317747   0.00218744
      3.87231     0.320272   0.00248543
      3.87373     0.317284   0.00249547
      3.87515     0.318088   0.00239953
      3.87657     0.314389   0.00257588
      3.87799     0.310172   0.00256208
      3.87941     0.317090   0.00245652
      3.88083     0.318748   0.00271866
      3.88225     0.318884   0.00221240
      3.88367     0.321724   0.00214617
      3.88509     0.322503   0.00250410
      3.88651     0.319879   0.00246585
      3.88793     0.320189   0.00262538
      3.88935     0.318822   0.00261406
      3.89076     0.325153   0.00248668
      3.89218     0.332828   0.00245445
      3.89360     0.321464   0.00240803
      3.89502     0.316852   0.00266360
      3.89643     0.324521   0.00238318
      3.89785     0.328114   0.00240248
      3.89927     0.328983   0.00255164
      3.90068     0.332298   0.00231115
      3.90210     0.334220   0.00245634
      3.90351     0.331907   0.00283674
      3.90493     0.336836   0.00246448
      3.90634     0.335479   0.00284220
      3.90776     0.336863   0.00285735
      3.90917     0.338717   0.00268847
      3.91058     0.330562   0.00278311
      3.91200     0.328519   0.00285195
      3.91341     0.326704   0.00242249
      3.91482     0.320639   0.00272003
      3.91623     0.316956   0.00269826
      3.91764     0.321823   0.00275399
      3.91906     0.324984   0.00241846
      3.92047     0.325012   0.00277176
      3.92188     0.326711   0.00249207
      3.92329     0.330557   0.00292906
      3.92470     0.327987   0.00249751
      3.92611     0.325606   0.00288031
      3.92752     0.329929   0.00267158
      3.92893     0.331085   0.00215139
      3.93033     0.334157   0.00271635
      3.93174     0.327582   0.00263962
      3.93315     0.327134   0.00245646
      3.93456     0.332411   0.00242259
      3.93596     0.327786   0.00227208
      3.93737     0.327161   0.00231787
      3.93878     0.331783   0.00239509
      3.94018     0.327935   0.00262460
      3.94159     0.330219   0.00240141
      3.94299     0.332102   0.00242220
      3.94440     0.335310   0.00197721
      3.94580     0.334810   0.00235282
      3.94720     0.334611   0.00215655
      3.94861     0.336667   0.00189062
      3.95001     0.335057   0.00254282
      3.95141     0.338566   0.00245100
      3.95281     0.337618   0.00257632
      3.95421     0.334212   0.00222911
      3.95561     0.332585   0.00241814
      3.95701     0.337275   0.00232437
      3.95841     0.336742   0.00255781
      3.95981     0.336324   0.00240183
      3.96121     0.337162   0.00247306
      3.96261     0.342227   0.00211122
      3.96401     0.344284   0.00251645
      3.96541     0.340570   0.00231922
      3.96680     0.334676   0.00246148
      3.96820     0.337360   0.00223007
      3.96960     0.342952   0.00242190
      3.97099     0.340880   0.00224605
      3.97239     0.338852   0.00210849
      3.97378     0.341762   0.00227264
      3.97518     0.342984   0.00219796
      3.97657     0.341055   0.00245898
      3.97796     0.339998   0.00208528
      3.97936     0.341366   0.00239249
      3.98075     0.343415   0.00218584
      3.98214     0.341053   0.00220794
      3.98353     0.342147   0.00231181
      3.98492     0.343696   0.00242299
      3.98631     0.343958   0.00271950
      3.98770     0.345134   0.00230337
      3.98909     0.345028   0.00238345
      3.99048     0.342068   0.00226408
      3.99187     0.348882   0.00211301
      3.99326     0.352481   0.00236890
      3.99464     0.354052   0.00214763
      3.99603     0.349728   0.00215839
      3.99741     0.345098   0.00266910
      3.99880     0.342350   0.00269296
      4.00018     0.348142   0.00235592
      4.00157     0.356203   0.00220415
      4.00295     0.351894   0.00237369
      4.00433     0.350810   0.00261293
      4.00572     0.347761   0.00253867
      4.00710     0.348353   0.00255732
      4.00848     0.348985   0.00260485
      4.00986     0.347768   0.00286324
      4.01124     0.351172   0.00274522
      4.01262     0.353119   0.00216208
      4.01400     0.356754   0.00241933
      4.01538     0.352885   0.00230277
      4.01676     0.348709   0.00261353
      4.01813     0.357569   0.00253054
      4.01951     0.365801   0.00283842
      4.02088     0.358474   0.00268934
      4.02226     0.366214   0.00237068
      4.02363     0.366918   0.00273758
      4.02501     0.355905   0.00264700
      4.02638     0.354890   0.00261046
      4.02775     0.356091   0.00263813
      4.02913     0.352198   0.00259853
      4.03050     0.352239   0.00263097
      4.03187     0.349365   0.00266299
      4.03324     0.354706   0.00266998
      4.03461     0.359987   0.00252141
      4.03598     0.371959   0.00271167
      4.03734     0.371281   0.00276691
      4.03871     0.382805   0.00282313
      4.04008     0.376931   0.00274146
      4.04144     0.370506   0.00294446
      4.04281     0.364902   0.00283796
      4.04417     0.362548   0.00295385
      4.04554     0.363698   0.00309937
      4.04690     0.364705   0.00247074
      4.04826     0.374249   0.00245460
      4.04963     0.391187   0.00286978
      4.05099     0.406173   0.00285334
      4.05235     0.433246   0.00315843
      4.05371     0.434517   0.00315112
      4.05507     0.424867   0.00298263
      4.05642     0.404572   0.00304548
      4.05778     0.391491   0.00269651
      4.05914     0.382247   0.00313359
      4.06049     0.378045   0.00268409
      4.06185     0.370132   0.00277414
      4.06320     0.364619   0.00266674
      4.06456     0.368319   0.00291966
      4.06591     0.374722   0.00295571
      4.06726     0.378699   0.00297249
      4.06862     0.378442   0.00330626
      4.06997     0.365722   0.00296051
      4.07132     0.356453   0.00308500
      4.07267     0.363933   0.00332904
      4.07401     0.367494   0.00264921
      4.07536     0.369009   0.00328631
      4.07671     0.359803   0.00328527
      4.07805     0.363621   0.00304084
      4.07940     0.369607   0.00345348
      4.08074     0.365364   0.00324427
      4.08209     0.366674   0.00334787
      4.08343     0.364818   0.00364355
      4.08477     0.373544   0.00364133
      4.08611     0.376331   0.00353646
      4.08745     0.368447   0.00326410
      4.08879     0.366176   0.00327132
      4.09013     0.376926   0.00340944
      4.09147     0.376125   0.00368784
      4.09281     0.368803   0.00331464
      4.09414     0.374532   0.00343068
      4.09548     0.370859   0.00354962
      4.09681     0.375472   0.00354067
      4.09815     0.374564   0.00393790
      4.09948     0.372515   0.00339983
      4.10081     0.377039   0.00324286
      4.10214     0.373554   0.00350652
      4.10347     0.370431   0.00356464
      4.10480     0.367401   0.00346732
      4.10613     0.367680   0.00335853
      4.10746     0.377661   0.00406042
      4.10879     0.383633   0.00397780
      4.11011     0.377924   0.00388834
      4.11144     0.377944   0.00365952
      4.11276     0.376516   0.00374053
      4.11408     0.376753   0.00392547
      4.11541     0.384668   0.00361944
      4.11673     0.387569   0.00364075
      4.11805     0.383685   0.00358162
      4.11937     0.383008   0.00386364
      4.12068     0.385199   0.00390783
      4.12200     0.379918   0.00413629
      4.12332     0.378806   0.00371779
      4.12463     0.381344   0.00365520
      4.12595     0.379720   0.00366346
      4.12726     0.370487   0.00390514
      4.12857     0.374192   0.00340137
      4.12989     0.375914   0.00385687
      4.13120     0.380562   0.00407400
      4.13251     0.379716   0.00348385
      4.13382     0.376012   0.00390865
      4.13512     0.379182   0.00360075
      4.13643     0.394244   0.00404148
      4.13774     0.386301   0.00448327
      4.13904     0.381375   0.00372978
      4.14034     0.391071   0.00389678
      4.14165     0.390260   0.00413337
      4.14295     0.383404   0.00457035
      4.14425     0.388763   0.00409469
      4.14555     0.389658   0.00419517
      4.14685     0.395752   0.00453462
      4.14815     0.388528   0.00435248
      4.14944     0.389677   0.00422657
      4.15074     0.384676   0.00429124
      4.15203     0.380167   0.00421539
      4.15333     0.380388   0.00478568
      4.15462     0.389661   0.00474808
      4.15591     0.397168   0.00521646
      4.15720     0.391099   0.00479022
      4.15849     0.383142   0.00530617
      4.15978     0.394028   0.00507510
      4.16106     0.413628   0.00501786
      4.16235     0.391803   0.00515685
      4.16363     0.383992   0.00581694
      4.16492     0.397817   0.00669648
      4.16620     0.409178   0.00637134
      4.16748     0.402065   0.00684689
      4.16876     0.411436   0.00669094
      4.17004     0.396736   0.00784170
      4.17132     0.388495   0.00703598
      4.17260     0.395992   0.00735056
      4.17387     0.392556   0.00834498
      4.17515     0.402782   0.00876577
      4.17642     0.399658   0.00966665
      4.17769     0.402237    0.0112423
      4.17896     0.422357    0.0147111
      4.18023     0.447306    0.0193450
      4.18150     0.408914    0.0259959
      4.18277     0.416771    0.0441148
      4.18404     0.467791    0.0777086
      4.18530     0.147315    0.0977417
      4.18657    -0.349293     0.424327
      4.18783    -0.218741     0.660459
      4.18909     -65.0403     0.907410
      4.19035     -139.551      182.812
      4.19161     -4.14323      1.34512
      4.19287    -0.359467      1.91311
      4.19413      2.66789      10.1845
      4.19538    -0.319229      1.08493
      4.19664      3.42396      10.3141
      4.19789      4.87378      1.88031
      4.19914    -0.391038      8.83899
      4.20039     -4.62575      1.97736
      4.20164     -4.34923      5.20047
      4.20289     -2.09217      1.91183
      4.20414     -6.40214      2.66512
      4.20538      5.45434      50.0690
      4.20663      18.1412      9.42777
      4.20787      15.7606      3.62670
      4.20911      28.7642      9.48606
      4.21035     -11.7268      12.1113
      4.21159     -23.9421      84.8778
      4.21283    -0.550178      1.55202
      4.21407     -1.29370      2.18787
      4.21530     -5.31727      4.59422
      4.21654     -8.55561      21.1056
      4.21777     -22.7359      2.70421
      4.21900     -32.3245      5.77680
      4.22023      3.70380      5.04450
      4.22146      2.95442      8.78418
      4.22269      41.0680      13.6631
      4.22391     -12.0620      7.09607
      4.22514     -21.6770      11.5029
      4.22636     0.898384      2.89906
      4.22758     -1.38264      13.1779
      4.22880     -4.86393      2.20284
      4.23002     -16.8865      4.10958
      4.23124     -2.98383      3.33075
      4.23246     0.845525      3.23539
      4.23367      3.42209      1.61252
      4.23489      2.10249      2.89338
      4.23610     -1.91240      2.11699
      4.23731     -3.54690      7.04482
      4.23852     0.850808      2.25355
      4.23973    0.0707698      4.68527
      4.24093     -3.21592      29.3519
      4.24214     -3.82198      7.74325
      4.24334     0.447826      2.41382
      4.24454      0.00000      128.971
