SOURCE  = IRS 63/WLY 2-63               / Source name
STANDARD= BS6084                        / Standard name
OBSDATE = 21-08-2001                    / Date of observation
SPOS    = 16:31:35.5  -24:02:03.9       / Source position RA,DEC,J2000
STPOS   = 16:21:11.2  -25:35:54.2       / Standard position RA,DEC,J2000
STSPT   = B1III                         / Standard spectral type
STTEFF  = 24200                         / Standard effective temperature [K]
STMAG   = 2.41                          / Standard magnitude (adopted)
WAVEZP  = 3.45                          / Wavelength zero point [micron]
FLUXZP  = 290                           / Flux zero point [Jy]
SAIRM   = 1.032                         / Source mean airmass
STAIRM  = 1.004                         / Standard mean airmass
AIRMCORR= 1.14                          / Optimal (adopted) airmass correction
SPECRES = ~1200                         / Spectral resolution

Created by K. M. Pontoppidan             Sat May 10 22:13:54 2003

Wavelength [micron] Flux [Jy] Statistical Error [Jy]

      2.80116      0.00000     0.593769
      2.80250    -0.417424      1.00107
      2.80385      1.72399      2.25018
      2.80519      9.15800      4.26502
      2.80654      11.7987      4.16765
      2.80789      1.70405      1.35722
      2.80924      1.26505     0.762128
      2.81058      1.47200     0.334922
      2.81193      1.06940     0.198270
      2.81328     0.992054     0.121552
      2.81463      1.11195     0.120364
      2.81598      1.17438     0.181363
      2.81733     0.928094     0.325762
      2.81868      1.22619     0.301840
      2.82003     0.861605     0.290734
      2.82139      1.07758     0.211213
      2.82274     0.724761    0.0973088
      2.82409      1.08614    0.0516040
      2.82544     0.953327    0.0345022
      2.82680     0.896462    0.0269227
      2.82815     0.941296    0.0245228
      2.82951     0.946937    0.0216828
      2.83086     0.941346    0.0196802
      2.83222     0.975845    0.0193321
      2.83357      1.03685    0.0318396
      2.83493     0.998283    0.0845844
      2.83629     0.829078     0.177625
      2.83764     0.851189     0.161333
      2.83900     0.990157    0.0855266
      2.84036     0.903004    0.0440145
      2.84172     0.908103    0.0252875
      2.84307     0.887657    0.0196080
      2.84443     0.971694    0.0157021
      2.84579     0.988336    0.0141487
      2.84715     0.977040    0.0181034
      2.84851     0.941084    0.0274175
      2.84987     0.943104    0.0361127
      2.85123     0.988921    0.0329395
      2.85260     0.957262    0.0309197
      2.85396     0.893786    0.0404362
      2.85532     0.876231    0.0435488
      2.85668     0.977831    0.0342089
      2.85805     0.925903    0.0212669
      2.85941     0.904613    0.0180691
      2.86077     0.849842    0.0167392
      2.86214     0.860646    0.0147542
      2.86350     0.898790    0.0122438
      2.86487     0.880699    0.0116004
      2.86623     0.864972    0.0122067
      2.86760     0.870097    0.0137420
      2.86896     0.889358    0.0165173
      2.87033     0.861139    0.0180471
      2.87170     0.812577    0.0177409
      2.87306     0.836856    0.0151081
      2.87443     0.865926    0.0121457
      2.87580     0.859211   0.00966469
      2.87717     0.825654   0.00900000
      2.87854     0.802868   0.00975624
      2.87991     0.804649   0.00950065
      2.88128     0.804653   0.00978419
      2.88265     0.799587   0.00925348
      2.88402     0.805536   0.00986122
      2.88539     0.794570    0.0101311
      2.88676     0.771306    0.0109079
      2.88813     0.743145    0.0108028
      2.88950     0.772220    0.0116186
      2.89087     0.781889    0.0104327
      2.89224     0.746551   0.00890737
      2.89362     0.731811   0.00786037
      2.89499     0.727566   0.00729505
      2.89636     0.730346   0.00660536
      2.89774     0.749027   0.00693952
      2.89911     0.749681   0.00804143
      2.90049     0.735385    0.0104265
      2.90186     0.726065    0.0132597
      2.90324     0.710000    0.0131002
      2.90461     0.678084    0.0118242
      2.90599     0.663551    0.0108093
      2.90736     0.651856   0.00932467
      2.90874     0.666937   0.00811696
      2.91012     0.682461   0.00737703
      2.91149     0.685559   0.00683443
      2.91287     0.669666   0.00710448
      2.91425     0.661708   0.00759251
      2.91563     0.662553   0.00776670
      2.91700     0.665759   0.00714985
      2.91838     0.672976   0.00701471
      2.91976     0.670974   0.00745307
      2.92114     0.645409   0.00856564
      2.92252     0.623508    0.0109781
      2.92390     0.610221    0.0113696
      2.92528     0.641210   0.00953954
      2.92666     0.665568   0.00714259
      2.92804     0.620270   0.00628018
      2.92942     0.609420   0.00635531
      2.93080     0.625641   0.00610991
      2.93219     0.618226   0.00579678
      2.93357     0.605889   0.00591993
      2.93495     0.595831   0.00597280
      2.93633     0.586574   0.00627815
      2.93772     0.569011   0.00705241
      2.93910     0.566074   0.00721530
      2.94048     0.588038   0.00766976
      2.94187     0.575768   0.00770673
      2.94325     0.571808   0.00769192
      2.94463     0.597053   0.00828450
      2.94602     0.570709   0.00804991
      2.94740     0.547313   0.00779907
      2.94879     0.569320   0.00742725
      2.95017     0.590247   0.00675951
      2.95156     0.577808   0.00655184
      2.95295     0.556528   0.00702436
      2.95433     0.557161   0.00784871
      2.95572     0.567241   0.00756436
      2.95711     0.563088   0.00684477
      2.95849     0.544571   0.00669834
      2.95988     0.545331   0.00626360
      2.96127     0.547885   0.00623227
      2.96266     0.541431   0.00600419
      2.96405     0.542444   0.00605703
      2.96543     0.549280   0.00619106
      2.96682     0.548202   0.00667624
      2.96821     0.543889   0.00800451
      2.96960     0.533747    0.0104321
      2.97099     0.541096    0.0126526
      2.97238     0.545121    0.0115869
      2.97377     0.558030    0.0104527
      2.97516     0.556756   0.00942605
      2.97655     0.551360   0.00855232
      2.97794     0.543109   0.00812665
      2.97933     0.531099   0.00817924
      2.98073     0.523789   0.00749643
      2.98212     0.529773   0.00690625
      2.98351     0.537719   0.00624250
      2.98490     0.534308   0.00581415
      2.98629     0.524038   0.00558942
      2.98769     0.527717   0.00556238
      2.98908     0.528782   0.00553567
      2.99047     0.528374   0.00554004
      2.99187     0.523598   0.00562423
      2.99326     0.525341   0.00590811
      2.99465     0.526318   0.00619820
      2.99605     0.517963   0.00649490
      2.99744     0.512706   0.00651390
      2.99884     0.518496   0.00635661
      3.00023     0.526966   0.00581079
      3.00163     0.533160   0.00565522
      3.00302     0.530709   0.00589364
      3.00442     0.519872   0.00632168
      3.00581     0.515422   0.00686504
      3.00721     0.518047   0.00742020
      3.00860     0.526643   0.00659366
      3.01000     0.533237   0.00587326
      3.01140     0.537062   0.00559222
      3.01279     0.519178   0.00547200
      3.01419     0.520977   0.00565528
      3.01559     0.523365   0.00596240
      3.01699     0.517621   0.00611410
      3.01838     0.507628   0.00687889
      3.01978     0.508586   0.00792364
      3.02118     0.504008   0.00769272
      3.02258     0.514947   0.00691439
      3.02398     0.534064   0.00617748
      3.02538     0.530921   0.00545747
      3.02677     0.518632   0.00530119
      3.02817     0.522775   0.00563040
      3.02957     0.532489   0.00561517
      3.03097     0.529655   0.00606931
      3.03237     0.535487   0.00641658
      3.03377     0.550382   0.00708354
      3.03517     0.553290   0.00758416
      3.03657     0.546025   0.00804422
      3.03797     0.561549   0.00852575
      3.03937     0.560824   0.00754994
      3.04078     0.545946   0.00671982
      3.04218     0.559253   0.00645039
      3.04358     0.536446   0.00617028
      3.04498     0.529927   0.00625948
      3.04638     0.541957   0.00670384
      3.04778     0.539428   0.00695331
      3.04919     0.539835   0.00718151
      3.05059     0.547960   0.00774685
      3.05199     0.523267   0.00853612
      3.05339     0.513172   0.00964797
      3.05480     0.509120   0.00902949
      3.05620     0.527242   0.00744688
      3.05760     0.541674   0.00651133
      3.05901     0.546517   0.00580365
      3.06041     0.531022   0.00592121
      3.06181     0.526198   0.00592208
      3.06322     0.522641   0.00660335
      3.06462     0.528296   0.00640241
      3.06603     0.531595   0.00608101
      3.06743     0.533174   0.00666617
      3.06883     0.528655   0.00696582
      3.07024     0.523441   0.00700599
      3.07164     0.518839   0.00694925
      3.07305     0.522126   0.00654253
      3.07445     0.535823   0.00583035
      3.07586     0.543437   0.00550474
      3.07727     0.545393   0.00540755
      3.07867     0.540548   0.00580158
      3.08008     0.531247   0.00647245
      3.08148     0.519739   0.00725185
      3.08289     0.534285   0.00777066
      3.08430     0.540691   0.00661146
      3.08570     0.538427   0.00626982
      3.08711     0.542827   0.00633529
      3.08852     0.532696   0.00622410
      3.08992     0.531518   0.00664370
      3.09133     0.551408   0.00667394
      3.09274     0.543471   0.00676487
      3.09414     0.545888   0.00751126
      3.09555     0.532193   0.00766848
      3.09696     0.542577   0.00718050
      3.09837     0.556783   0.00673288
      3.09978     0.565949   0.00641953
      3.10118     0.576291   0.00595547
      3.10259     0.570995   0.00620709
      3.10400     0.552321   0.00706818
      3.10541     0.568881   0.00785700
      3.10682     0.585645   0.00817867
      3.10823     0.584499   0.00756798
      3.10964     0.564132   0.00721937
      3.11105     0.576021   0.00732408
      3.11245     0.594445   0.00691210
      3.11386     0.571558   0.00672799
      3.11527     0.546445   0.00619302
      3.11668     0.568033   0.00564685
      3.11809     0.585216   0.00514764
      3.11950     0.606130   0.00478356
      3.12091     0.598944   0.00471842
      3.12232     0.596450   0.00507639
      3.12373     0.592980   0.00553285
      3.12514     0.585950   0.00654139
      3.12655     0.574311   0.00752321
      3.12797     0.589858   0.00730497
      3.12938     0.626793   0.00625537
      3.13079     0.645061   0.00520566
      3.13220     0.647091   0.00474353
      3.13361     0.644546   0.00470910
      3.13502     0.641209   0.00461433
      3.13643     0.641192   0.00476966
      3.13784     0.622478   0.00500516
      3.13925     0.603217   0.00574185
      3.14067     0.624845   0.00571069
      3.14208     0.651313   0.00557430
      3.14349     0.651918   0.00557002
      3.14490     0.638147   0.00584294
      3.14631     0.624472   0.00621192
      3.14773     0.650147   0.00611409
      3.14914     0.664200   0.00552608
      3.15055     0.672369   0.00505648
      3.15196     0.672658   0.00490187
      3.15338     0.676322   0.00494561
      3.15479     0.673712   0.00522276
      3.15620     0.671134   0.00523413
      3.15762     0.675426   0.00508022
      3.15903     0.689547   0.00499181
      3.16044     0.694037   0.00474608
      3.16186     0.706999   0.00458772
      3.16327     0.714365   0.00446796
      3.16468     0.706220   0.00440691
      3.16610     0.703327   0.00445584
      3.16751     0.718239   0.00455800
      3.16892     0.731184   0.00450577
      3.17034     0.736550   0.00452901
      3.17175     0.734504   0.00464491
      3.17317     0.738841   0.00486828
      3.17458     0.747079   0.00483161
      3.17599     0.768050   0.00482342
      3.17741     0.779874   0.00474245
      3.17882     0.784016   0.00463752
      3.18024     0.783207   0.00457378
      3.18165     0.780534   0.00494646
      3.18307     0.784264   0.00517737
      3.18448     0.795951   0.00508592
      3.18590     0.818729   0.00499663
      3.18731     0.832306   0.00514246
      3.18873     0.830929   0.00526626
      3.19014     0.815210   0.00585817
      3.19156     0.799582   0.00683872
      3.19297     0.819790   0.00732245
      3.19439     0.878045   0.00701678
      3.19580     0.899456   0.00680474
      3.19722     0.869217   0.00706846
      3.19863     0.850269   0.00809027
      3.20005     0.904285   0.00874649
      3.20146     0.928743   0.00922929
      3.20288     0.905657   0.00991000
      3.20430     0.939555   0.00917385
      3.20571     0.931566   0.00973895
      3.20713     0.916631    0.0107610
      3.20854     0.907583    0.0118995
      3.20996     0.919680    0.0132165
      3.21138     0.941222    0.0127700
      3.21279     0.943597    0.0110127
      3.21421     0.943287   0.00940828
      3.21562     0.919331   0.00853096
      3.21704     0.935380   0.00797747
      3.21846     0.968715   0.00799262
      3.21987      1.00610   0.00815502
      3.22129     0.998374   0.00906323
      3.22271     0.974917    0.0106950
      3.22412     0.977379    0.0124995
      3.22554     0.996976    0.0124085
      3.22696      1.03758    0.0106627
      3.22837      1.02658   0.00947192
      3.22979     0.931621   0.00949213
      3.23121     0.914618   0.00910659
      3.23262     0.977665   0.00764654
      3.23404     0.993697   0.00602045
      3.23546      1.00272   0.00529794
      3.23688      1.00893   0.00511535
      3.23829      1.01062   0.00557472
      3.23971      1.00847   0.00624662
      3.24113      1.03832   0.00676138
      3.24254      1.05810   0.00738961
      3.24396      1.02903   0.00741631
      3.24538      1.03697   0.00864630
      3.24680      1.02239   0.00998170
      3.24821      1.00764   0.00914491
      3.24963     0.996755   0.00855647
      3.25105      1.01687   0.00665208
      3.25247      1.03845   0.00535956
      3.25389      1.04540   0.00468737
      3.25530      1.07244   0.00461949
      3.25672      1.09520   0.00493706
      3.25814      1.11225   0.00545161
      3.25956      1.09616   0.00629775
      3.26097      1.06312   0.00812820
      3.26239      1.06197   0.00928190
      3.26381      1.09741   0.00824970
      3.26523      1.15553   0.00696350
      3.26665      1.15409   0.00641918
      3.26806      1.13839   0.00615319
      3.26948      1.13050   0.00772053
      3.27090      1.09619   0.00801788
      3.27232      1.10447   0.00777262
      3.27374      1.14730   0.00643708
      3.27515      1.16783   0.00574088
      3.27657      1.17129   0.00515859
      3.27799      1.16141   0.00502803
      3.27941      1.13421   0.00552307
      3.28083      1.12530   0.00582183
      3.28225      1.15359   0.00547717
      3.28366      1.17324   0.00472446
      3.28508      1.16610   0.00430767
      3.28650      1.17223   0.00428065
      3.28792      1.18170   0.00439024
      3.28934      1.20428   0.00459825
      3.29076      1.22641   0.00497460
      3.29218      1.25809   0.00541955
      3.29359      1.27862   0.00619449
      3.29501      1.28395   0.00713523
      3.29643      1.32215   0.00786870
      3.29785      1.33857   0.00938791
      3.29927      1.28742   0.00859396
      3.30069      1.27087   0.00856671
      3.30211      1.29958   0.00673131
      3.30352      1.30895   0.00582313
      3.30494      1.27987   0.00543436
      3.30636      1.28549   0.00556997
      3.30778      1.31448   0.00566955
      3.30920      1.34286   0.00553336
      3.31062      1.37603   0.00632765
      3.31204      1.42278   0.00752292
      3.31345      1.44000   0.00959158
      3.31487      1.49069    0.0188031
      3.31629      1.50193    0.0445965
      3.31771      1.41440    0.0418512
      3.31913      1.34348    0.0282598
      3.32055      1.37936    0.0184594
      3.32197      1.35898    0.0122066
      3.32339      1.35531   0.00832308
      3.32480      1.37544   0.00763767
      3.32622      1.37468   0.00671178
      3.32764      1.35236   0.00596567
      3.32906      1.33111   0.00581491
      3.33048      1.34534   0.00567406
      3.33190      1.35485   0.00497550
      3.33332      1.36197   0.00462128
      3.33474      1.37013   0.00449411
      3.33616      1.39091   0.00492891
      3.33757      1.38942   0.00501274
      3.33899      1.38157   0.00518716
      3.34041      1.39336   0.00552340
      3.34183      1.40029   0.00577970
      3.34325      1.40494   0.00572464
      3.34467      1.42126   0.00576598
      3.34609      1.40707   0.00578369
      3.34751      1.40391   0.00583638
      3.34892      1.40315   0.00548572
      3.35034      1.41637   0.00498549
      3.35176      1.44915   0.00472408
      3.35318      1.47095   0.00520866
      3.35460      1.47243   0.00536341
      3.35602      1.46818   0.00567910
      3.35744      1.44837   0.00639377
      3.35886      1.45557   0.00613121
      3.36027      1.47575   0.00580059
      3.36169      1.46638   0.00531923
      3.36311      1.46252   0.00531375
      3.36453      1.47273   0.00510314
      3.36595      1.50299   0.00508841
      3.36737      1.51492   0.00543999
      3.36879      1.49459   0.00539064
      3.37021      1.50046   0.00558842
      3.37162      1.49743   0.00511140
      3.37304      1.50591   0.00469994
      3.37446      1.52954   0.00453872
      3.37588      1.54790   0.00459027
      3.37730      1.55059   0.00492260
      3.37872      1.55608   0.00513817
      3.38014      1.54580   0.00557599
      3.38155      1.55583   0.00607952
      3.38297      1.56730   0.00605874
      3.38439      1.54970   0.00529851
      3.38581      1.53738   0.00501695
      3.38723      1.55379   0.00485563
      3.38865      1.57330   0.00462039
      3.39007      1.60436   0.00483455
      3.39148      1.62120   0.00523779
      3.39290      1.60681   0.00545064
      3.39432      1.58247   0.00542394
      3.39574      1.59403   0.00482669
      3.39716      1.58716   0.00445712
      3.39858      1.59728   0.00438564
      3.39999      1.60996   0.00446956
      3.40141      1.61770   0.00453540
      3.40283      1.62940   0.00487506
      3.40425      1.60592   0.00563719
      3.40567      1.59783   0.00639085
      3.40709      1.61337   0.00619852
      3.40850      1.60745   0.00534358
      3.40992      1.60698   0.00508310
      3.41134      1.62235   0.00515446
      3.41276      1.64273   0.00495928
      3.41418      1.65730   0.00518793
      3.41559      1.63900   0.00515473
      3.41701      1.63241   0.00505605
      3.41843      1.62762   0.00521375
      3.41985      1.63085   0.00470912
      3.42127      1.64264   0.00442308
      3.42268      1.66121   0.00454787
      3.42410      1.66589   0.00444905
      3.42552      1.67109   0.00463557
      3.42694      1.67334   0.00473249
      3.42836      1.66678   0.00489069
      3.42977      1.62790   0.00520291
      3.43119      1.61639   0.00498054
      3.43261      1.63504   0.00445574
      3.43403      1.66944   0.00443686
      3.43544      1.65468   0.00423977
      3.43686      1.66401   0.00435003
      3.43828      1.67252   0.00435599
      3.43970      1.66721   0.00463641
      3.44112      1.65406   0.00476391
      3.44253      1.64819   0.00461953
      3.44395      1.67744   0.00432864
      3.44537      1.67226   0.00418591
      3.44679      1.67409   0.00418503
      3.44820      1.67937   0.00436876
      3.44962      1.68766   0.00440614
      3.45104      1.69926   0.00453340
      3.45245      1.70500   0.00444694
      3.45387      1.69819   0.00464989
      3.45529      1.68207   0.00465098
      3.45671      1.67543   0.00460529
      3.45812      1.68982   0.00424889
      3.45954      1.69507   0.00412395
      3.46096      1.71391   0.00409821
      3.46237      1.72718   0.00399613
      3.46379      1.72850   0.00416704
      3.46521      1.72088   0.00451379
      3.46663      1.70272   0.00448134
      3.46804      1.68689   0.00435376
      3.46946      1.71297   0.00410076
      3.47088      1.71890   0.00422293
      3.47229      1.72455   0.00413616
      3.47371      1.71626   0.00406474
      3.47513      1.72205   0.00412824
      3.47654      1.73321   0.00410888
      3.47796      1.73609   0.00428088
      3.47938      1.72355   0.00422166
      3.48079      1.71192   0.00413983
      3.48221      1.75305   0.00418898
      3.48362      1.76994   0.00417923
      3.48504      1.78309   0.00406669
      3.48646      1.77615   0.00406216
      3.48787      1.77931   0.00414421
      3.48929      1.78829   0.00416532
      3.49071      1.78329   0.00425047
      3.49212      1.79212   0.00417508
      3.49354      1.78435   0.00399317
      3.49495      1.79147   0.00424664
      3.49637      1.79238   0.00387804
      3.49779      1.79961   0.00408784
      3.49920      1.82308   0.00398785
      3.50062      1.83375   0.00404625
      3.50203      1.81439   0.00420573
      3.50345      1.81277   0.00409405
      3.50487      1.81904   0.00401713
      3.50628      1.82373   0.00397723
      3.50770      1.82921   0.00396972
      3.50911      1.85327   0.00418705
      3.51053      1.83885   0.00405108
      3.51194      1.81906   0.00391552
      3.51336      1.80792   0.00399739
      3.51478      1.81936   0.00411296
      3.51619      1.83480   0.00397635
      3.51761      1.83252   0.00377758
      3.51902      1.84603   0.00393154
      3.52044      1.87403   0.00395036
      3.52185      1.86810   0.00407944
      3.52327      1.86114   0.00390416
      3.52468      1.86643   0.00398230
      3.52610      1.86838   0.00384112
      3.52751      1.87717   0.00375665
      3.52893      1.87886   0.00399486
      3.53034      1.88661   0.00423867
      3.53176      1.89972   0.00384410
      3.53317      1.90716   0.00409470
      3.53459      1.91765   0.00409987
      3.53600      1.91574   0.00421692
      3.53742      1.92168   0.00415849
      3.53883      1.93609   0.00424802
      3.54025      1.93328   0.00415056
      3.54166      1.92507   0.00392758
      3.54308      1.92207   0.00420867
      3.54449      1.93292   0.00413596
      3.54590      1.95247   0.00422617
      3.54732      1.95465   0.00423071
      3.54873      1.95687   0.00412134
      3.55015      1.96019   0.00395903
      3.55156      1.98391   0.00399409
      3.55298      1.97840   0.00428888
      3.55439      1.98634   0.00419813
      3.55580      1.95114   0.00411978
      3.55722      1.96049   0.00406754
      3.55863      1.99752   0.00417630
      3.56005      2.00311   0.00402411
      3.56146      1.99990   0.00410143
      3.56287      2.01487   0.00416287
      3.56429      2.03058   0.00427737
      3.56570      2.03877   0.00407111
      3.56712      2.00181   0.00416917
      3.56853      2.00311   0.00405231
      3.56994      2.04441   0.00413760
      3.57136      2.06594   0.00424201
      3.57277      2.06346   0.00429403
      3.57418      2.04507   0.00396206
      3.57560      2.05154   0.00407586
      3.57701      2.06321   0.00398999
      3.57842      2.06117   0.00392396
      3.57984      2.04910   0.00400396
      3.58125      2.08240   0.00400641
      3.58266      2.09772   0.00426809
      3.58408      2.06537   0.00408779
      3.58549      2.06882   0.00417243
      3.58690      2.09206   0.00418994
      3.58832      2.09367   0.00425893
      3.58973      2.10143   0.00419506
      3.59114      2.11398   0.00433630
      3.59255      2.11370   0.00406695
      3.59397      2.09563   0.00436578
      3.59538      2.09373   0.00406950
      3.59679      2.11132   0.00400881
      3.59820      2.13897   0.00381054
      3.59962      2.16642   0.00427892
      3.60103      2.15446   0.00392431
      3.60244      2.12762   0.00383609
      3.60385      2.13992   0.00426466
      3.60527      2.15105   0.00392852
      3.60668      2.17891   0.00419646
      3.60809      2.18434   0.00420618
      3.60950      2.18400   0.00427807
      3.61092      2.17469   0.00402699
      3.61233      2.18015   0.00425196
      3.61374      2.18243   0.00410880
      3.61515      2.16095   0.00413105
      3.61656      2.16904   0.00403573
      3.61798      2.20003   0.00414753
      3.61939      2.20942   0.00413762
      3.62080      2.22027   0.00403762
      3.62221      2.23187   0.00420950
      3.62362      2.20712   0.00404309
      3.62504      2.18394   0.00434330
      3.62645      2.19462   0.00432621
      3.62786      2.21300   0.00425405
      3.62927      2.21059   0.00413375
      3.63068      2.22215   0.00428174
      3.63209      2.22169   0.00409304
      3.63350      2.22986   0.00416866
      3.63492      2.26221   0.00425144
      3.63633      2.27340   0.00409247
      3.63774      2.24378   0.00401850
      3.63915      2.23860   0.00396846
      3.64056      2.24663   0.00411959
      3.64197      2.24992   0.00423862
      3.64338      2.24485   0.00413048
      3.64479      2.25112   0.00410818
      3.64621      2.28820   0.00431868
      3.64762      2.29077   0.00428499
      3.64903      2.28005   0.00415277
      3.65044      2.27434   0.00432914
      3.65185      2.27853   0.00397449
      3.65326      2.30052   0.00369243
      3.65467      2.35157   0.00404923
      3.65608      2.34515   0.00419268
      3.65749      2.31920   0.00418890
      3.65890      2.29154   0.00417493
      3.66031      2.30574   0.00410029
      3.66172      2.32357   0.00424854
      3.66313      2.32784   0.00392244
      3.66454      2.32814   0.00413519
      3.66596      2.33114   0.00387885
      3.66737      2.31660   0.00440656
      3.66878      2.34398   0.00458567
      3.67019      2.36838   0.00483341
      3.67160      2.36706   0.00460714
      3.67301      2.34873   0.00482855
      3.67442      2.34329   0.00446327
      3.67583      2.32987   0.00457151
      3.67724      2.32339   0.00458966
      3.67865      2.33775   0.00445111
      3.68006      2.32729   0.00406106
      3.68147      2.29893   0.00424392
      3.68288      2.33076   0.00416061
      3.68429      2.33594   0.00406000
      3.68570      2.36119   0.00400565
      3.68711      2.37111   0.00424532
      3.68852      2.36915   0.00424965
      3.68993      2.37331   0.00430276
      3.69134      2.37361   0.00399573
      3.69274      2.37904   0.00423156
      3.69415      2.37299   0.00414647
      3.69556      2.39664   0.00418351
      3.69697      2.41199   0.00432098
      3.69838      2.40593   0.00424650
      3.69979      2.40873   0.00419397
      3.70120      2.42059   0.00415556
      3.70261      2.44124   0.00387413
      3.70402      2.46889   0.00428411
      3.70543      2.46871   0.00423282
      3.70684      2.45390   0.00435443
      3.70825      2.44889   0.00434559
      3.70966      2.43895   0.00434740
      3.71107      2.42210   0.00417126
      3.71248      2.42108   0.00430305
      3.71388      2.41899   0.00437146
      3.71529      2.42542   0.00443608
      3.71670      2.44576   0.00447603
      3.71811      2.44450   0.00458345
      3.71952      2.43639   0.00418062
      3.72093      2.43251   0.00429694
      3.72234      2.44518   0.00405530
      3.72375      2.46645   0.00434625
      3.72516      2.46406   0.00428982
      3.72656      2.45189   0.00432301
      3.72797      2.46620   0.00464085
      3.72938      2.47076   0.00451969
      3.73079      2.46795   0.00425308
      3.73220      2.48350   0.00458158
      3.73361      2.49313   0.00427823
      3.73502      2.52292   0.00468409
      3.73643      2.55288   0.00453114
      3.73783      2.60741   0.00477816
      3.73924      2.64039   0.00448012
      3.74065      2.68603   0.00475289
      3.74206      2.68106   0.00440784
      3.74347      2.61306   0.00451738
      3.74488      2.55923   0.00415630
      3.74628      2.52013   0.00452700
      3.74769      2.51834   0.00436030
      3.74910      2.52542   0.00414934
      3.75051      2.53060   0.00426926
      3.75192      2.53241   0.00435328
      3.75333      2.54707   0.00480067
      3.75473      2.55807   0.00445011
      3.75614      2.55633   0.00443465
      3.75755      2.56260   0.00458828
      3.75896      2.55975   0.00439479
      3.76037      2.57211   0.00469063
      3.76177      2.56709   0.00456951
      3.76318      2.53791   0.00442346
      3.76459      2.53737   0.00420527
      3.76600      2.55973   0.00443309
      3.76741      2.60248   0.00449755
      3.76881      2.59886   0.00428741
      3.77022      2.54554   0.00420148
      3.77163      2.54367   0.00461955
      3.77304      2.54064   0.00436596
      3.77445      2.56073   0.00415021
      3.77585      2.56382   0.00444664
      3.77726      2.57566   0.00453207
      3.77867      2.57587   0.00446626
      3.78008      2.56573   0.00432519
      3.78149      2.55160   0.00450512
      3.78289      2.58902   0.00434829
      3.78430      2.61122   0.00443058
      3.78571      2.60952   0.00444805
      3.78712      2.60076   0.00448522
      3.78852      2.60570   0.00495106
      3.78993      2.59999   0.00499655
      3.79134      2.60493   0.00435811
      3.79275      2.60430   0.00485491
      3.79416      2.60095   0.00467156
      3.79556      2.60629   0.00470570
      3.79697      2.59806   0.00467414
      3.79838      2.57951   0.00435227
      3.79979      2.62437   0.00437738
      3.80119      2.66419   0.00442458
      3.80260      2.64075   0.00462433
      3.80401      2.64415   0.00481382
      3.80542      2.67821   0.00492306
      3.80682      2.63135   0.00451163
      3.80823      2.64035   0.00481579
      3.80964      2.63352   0.00498797
      3.81105      2.60806   0.00466670
      3.81245      2.58600   0.00478197
      3.81386      2.62294   0.00475456
      3.81527      2.63303   0.00457452
      3.81668      2.62778   0.00457722
      3.81808      2.64490   0.00471983
      3.81949      2.66994   0.00433365
      3.82090      2.67864   0.00438309
      3.82231      2.67858   0.00445869
      3.82371      2.67561   0.00450791
      3.82512      2.65540   0.00452691
      3.82653      2.64806   0.00473278
      3.82794      2.67223   0.00475470
      3.82934      2.67063   0.00454465
      3.83075      2.62936   0.00475675
      3.83216      2.63450   0.00491578
      3.83357      2.64366   0.00474448
      3.83498      2.64961   0.00499483
      3.83638      2.70276   0.00497989
      3.83779      2.70234   0.00464712
      3.83920      2.67366   0.00445405
      3.84061      2.70047   0.00474339
      3.84201      2.69263   0.00466920
      3.84342      2.67009   0.00489888
      3.84483      2.71577   0.00454225
      3.84624      2.76111   0.00494743
      3.84764      2.74611   0.00463934
      3.84905      2.71573   0.00459690
      3.85046      2.71882   0.00453012
      3.85187      2.73538   0.00494240
      3.85327      2.73643   0.00493670
      3.85468      2.72323   0.00484106
      3.85609      2.72076   0.00463777
      3.85750      2.71738   0.00443189
      3.85891      2.71271   0.00462546
      3.86031      2.71712   0.00468655
      3.86172      2.74197   0.00497631
      3.86313      2.77826   0.00454842
      3.86454      2.76965   0.00517689
      3.86594      2.77544   0.00473762
      3.86735      2.76406   0.00515150
      3.86876      2.80242   0.00517700
      3.87017      2.79880   0.00564263
      3.87158      2.79184   0.00515695
      3.87298      2.78039   0.00528792
      3.87439      2.79465   0.00532879
      3.87580      2.82244   0.00483046
      3.87721      2.82209   0.00515351
      3.87862      2.80856   0.00514574
      3.88002      2.81303   0.00542455
      3.88143      2.82348   0.00550971
      3.88284      2.83443   0.00574936
      3.88425      2.85896   0.00575009
      3.88566      2.89263   0.00571758
      3.88706      2.84293   0.00573815
      3.88847      2.76510   0.00540726
      3.88988      2.76460   0.00533891
      3.89129      2.81408   0.00489600
      3.89270      2.80456   0.00523943
      3.89411      2.80857   0.00572294
      3.89551      2.81455   0.00512721
      3.89692      2.81782   0.00545928
      3.89833      2.82748   0.00526004
      3.89974      2.83508   0.00488405
      3.90115      2.82748   0.00541480
      3.90256      2.83890   0.00538749
      3.90396      2.84084   0.00564308
      3.90537      2.83252   0.00533152
      3.90678      2.86244   0.00537532
      3.90819      2.84369   0.00544956
      3.90960      2.83917   0.00551714
      3.91101      2.81796   0.00518032
      3.91242      2.83525   0.00523291
      3.91383      2.85246   0.00523572
      3.91523      2.82553   0.00511783
      3.91664      2.81546   0.00581546
      3.91805      2.85906   0.00527637
      3.91946      2.86377   0.00535789
      3.92087      2.84983   0.00482564
      3.92228      2.84531   0.00498962
      3.92369      2.84237   0.00568827
      3.92510      2.85474   0.00573538
      3.92651      2.85892   0.00515027
      3.92792      2.86136   0.00565742
      3.92933      2.84882   0.00512568
      3.93073      2.82999   0.00539838
      3.93214      2.84656   0.00512282
      3.93355      2.85839   0.00465207
      3.93496      2.85573   0.00512792
      3.93637      2.84547   0.00524604
      3.93778      2.82763   0.00533898
      3.93919      2.85526   0.00496064
      3.94060      2.86171   0.00509685
      3.94201      2.85592   0.00512888
      3.94342      2.86972   0.00514667
      3.94483      2.86710   0.00495342
      3.94624      2.85247   0.00532170
      3.94765      2.86296   0.00512165
      3.94906      2.86975   0.00534379
      3.95047      2.89655   0.00510535
      3.95188      2.88038   0.00507725
      3.95329      2.84318   0.00479415
      3.95470      2.84039   0.00463493
      3.95611      2.88147   0.00509364
      3.95752      2.89564   0.00519091
      3.95894      2.90775   0.00548667
      3.96035      2.89274   0.00539546
      3.96176      2.87982   0.00464072
      3.96317      2.89893   0.00456525
      3.96458      2.92273   0.00530874
      3.96599      2.92077   0.00482258
      3.96740      2.91451   0.00549456
      3.96881      2.92014   0.00519399
      3.97022      2.92374   0.00562032
      3.97163      2.94283   0.00530640
      3.97305      2.94903   0.00567139
      3.97446      2.95938   0.00517295
      3.97587      2.93169   0.00520174
      3.97728      2.91081   0.00569071
      3.97869      2.92683   0.00501740
      3.98010      2.95347   0.00521254
      3.98151      2.95619   0.00532072
      3.98293      2.96129   0.00551706
      3.98434      2.94422   0.00555823
      3.98575      2.88919   0.00518504
      3.98716      2.92898   0.00586366
      3.98858      2.90832   0.00573349
      3.98999      2.93703   0.00533947
      3.99140      2.99297   0.00551068
      3.99281      2.98968   0.00599111
      3.99423      2.97811   0.00550748
      3.99564      2.96926   0.00540022
      3.99705      2.97648   0.00536658
      3.99846      2.96999   0.00550444
      3.99988      2.95766   0.00545921
      4.00129      3.00407   0.00521980
      4.00270      2.96897   0.00557292
      4.00412      2.96804   0.00581968
      4.00553      2.94852   0.00553476
      4.00694      2.83619   0.00555543
      4.00836      2.99797   0.00561945
      4.00977      2.97453   0.00600655
      4.01118      2.97559   0.00582846
      4.01260      2.97427   0.00544968
      4.01401      3.01632   0.00605156
      4.01543      3.01613   0.00550024
      4.01684      3.01406   0.00586754
      4.01826      3.05406   0.00582360
      4.01967      3.03535   0.00588176
      4.02108      3.04727   0.00611732
      4.02250      3.05391   0.00574266
      4.02391      3.06968   0.00569540
      4.02533      3.07489   0.00604706
      4.02674      3.03864   0.00639153
      4.02816      3.02079   0.00575146
      4.02957      3.02380   0.00553690
      4.03099      3.02730   0.00630804
      4.03240      3.05062   0.00564124
      4.03382      3.06357   0.00640068
      4.03524      3.07480   0.00612572
      4.03665      3.09265   0.00523024
      4.03807      3.13505   0.00608337
      4.03948      3.13263   0.00603379
      4.04090      3.10233   0.00677398
      4.04232      3.09398   0.00595615
      4.04373      3.13256   0.00601137
      4.04515      3.13589   0.00671020
      4.04657      3.14702   0.00580316
      4.04798      3.17020   0.00581659
      4.04940      3.35430   0.00696325
      4.05082      3.53555   0.00662166
      4.05224      3.67153   0.00697054
      4.05365      3.71450   0.00639027
      4.05507      3.63131   0.00722931
      4.05649      3.42699   0.00665909
      4.05791      3.23441   0.00692483
      4.05932      3.15213   0.00671123
      4.06074      3.10136   0.00695377
      4.06216      3.11128   0.00603994
      4.06358      3.12074   0.00663836
      4.06500      3.10078   0.00629750
      4.06642      3.06649   0.00658111
      4.06783      3.07463   0.00654209
      4.06925      3.12234   0.00643633
      4.07067      3.09931   0.00619148
      4.07209      3.07347   0.00638250
      4.07351      3.07389   0.00704882
      4.07493      3.07500   0.00649563
      4.07635      3.07991   0.00651403
      4.07777      3.09373   0.00645944
      4.07919      3.11379   0.00646098
      4.08061      3.08387   0.00748928
      4.08203      3.06767   0.00737461
      4.08345      3.08325   0.00730124
      4.08487      3.09326   0.00716044
      4.08629      3.08394   0.00725260
      4.08771      3.08236   0.00763119
      4.08914      3.10589   0.00794013
      4.09056      3.06846   0.00696643
      4.09198      3.06977   0.00774196
      4.09340      3.09662   0.00778326
      4.09482      3.10185   0.00699624
      4.09624      3.11626   0.00705356
      4.09767      3.12731   0.00725614
      4.09909      3.12393   0.00724236
      4.10051      3.09119   0.00754655
      4.10193      3.10525   0.00761844
      4.10336      3.15828   0.00727857
      4.10478      3.22262   0.00753307
      4.10620      3.38805   0.00990593
      4.10763      3.41950   0.00772174
      4.10905      3.29549   0.00873150
      4.11047      3.06715   0.00833948
      4.11190      2.88802   0.00834811
      4.11332      2.93107   0.00838483
      4.11475      3.03447   0.00819070
      4.11617      3.13365   0.00783600
      4.11759      3.13937   0.00780575
      4.11902      3.11006   0.00753798
      4.12044      3.10089   0.00804250
      4.12187      3.12786   0.00912913
      4.12330      3.14314   0.00853044
      4.12472      3.15775   0.00806462
      4.12615      3.19588   0.00868971
      4.12757      3.18317   0.00907324
      4.12900      3.14727   0.00852088
      4.13043      3.15770   0.00865305
      4.13185      3.16669   0.00855148
      4.13328      3.15663   0.00839866
      4.13471      3.11094   0.00836761
      4.13613      3.12257   0.00814690
      4.13756      3.12272   0.00942645
      4.13899      3.07778   0.00796625
      4.14042      3.13579   0.00885808
      4.14185      3.20890   0.00891017
      4.14327      3.21249   0.00905546
      4.14470      3.13075   0.00936120
      4.14613      3.11694   0.00885738
      4.14756      3.15027   0.00879750
      4.14899      3.13399   0.00904229
      4.15042      3.13334   0.00972497
      4.15185      3.12181   0.00971492
      4.15328      3.14212   0.00963243
      4.15471      3.19181   0.00944339
      4.15614      3.19691   0.00907876
      4.15757      3.18455   0.00952727
      4.15900      3.20119    0.0105207
      4.16043      3.24929    0.0100484
      4.16186      3.27378    0.0105101
      4.16329      3.27973    0.0104053
      4.16472      3.27263    0.0107680
      4.16616      3.22595    0.0115287
      4.16759      3.22221    0.0108370
      4.16902      3.21456    0.0118609
      4.17045      3.19428    0.0115180
      4.17189      3.23394    0.0129842
      4.17332      3.29830    0.0119928
      4.17475      3.28137    0.0135146
      4.17619      3.30404    0.0132228
      4.17762      3.30585    0.0139840
      4.17905      3.24005    0.0155005
      4.18049      3.20905    0.0148728
      4.18192      3.28149    0.0172244
      4.18336      3.38848    0.0205135
      4.18479      3.35979    0.0203339
      4.18623      3.40227    0.0260279
      4.18766      3.53088    0.0338652
      4.18910      3.64605    0.0531045
      4.19054      3.78529    0.0712104
      4.19197      3.72542     0.117920
      4.19341      3.36939     0.208075
      4.19485      3.40174     0.467890
      4.19628      3.29961     0.925716
      4.19772      1.88564      2.56217
      4.19916      1.75739      5.79605
      4.20060      8.97888      8.63966
      4.20203     -4.20401      15.0439
      4.20347     -2.41431      4.20117
      4.20491      6.98436      5.26988
      4.20635      13.1404      2125.08
      4.20779     -8.75655      14.1921
      4.20923      12.8370      21.1245
      4.21067    -0.500262      9.13663
      4.21211     -8.98978      39.2681
      4.21355     -2.65392      3.95800
      4.21499     -16.9752      30.8432
      4.21643     -17.9528      28.6733
      4.21787      6.38335      14.6765
      4.21931      3.45560      4.88222
      4.22076     -17.5842      231.120
      4.22220     -16.9620      3.50682
      4.22364      151.951      69.9433
      4.22508      506.730      2973.43
      4.22653     -152.487      6.60118
      4.22797     -1.85616      11.3240
      4.22941     -13.5204      26.3571
      4.23086      10.6969      6.61265
      4.23230      4.04542      13.8009
      4.23374      3.11484      25.2316
      4.23519     -13.8484      17.1019
      4.23663     -63.2290      41.5951
      4.23808     -37.7064      11.0645
      4.23953     -67.4614      51.8897
      4.24097      4.77989      11.6999
      4.24242      0.00000      3.57539
