SOURCE  = LMC P2                        / Source name
STANDARD= BS1347                        / Standard name
OBSDATE = 13-11-2001                    / Date of observation
SPOS    = 05:38:39.6  -69:04:29.1       / Source position RA,DEC,J2000
STPOS   = 04:17:53.5  -33:48:14.2       / Standard position RA,DEC,J2000
STSPT   = B9V                           / Standard spectral type
STTEFF  = 12400                         / Standard effective temperature [K]
STMAG   = 3.8                           / Standard magnitude (adopted)
WAVEZP  = 3.45                          / Wavelength zero point [micron]
FLUXZP  = 290                           / Flux zero point [Jy]
SAIRM   =                               / Source mean airmass
STAIRM  = 1.03                          / Standard mean airmass
AIRMCORR= 1.44                          / Optimal (adopted) airmass correction
SPECRES = ~1200                         / Spectral resolution

Created by K. M. Pontoppidan             Fri Apr 16 17:12:47 2004

Wavelength [micron] Flux [Jy] Statistical Error [Jy]

      2.78992      0.00000     -81.5664
      2.79123      96.2072      380.199
      2.79253      100.785      130.798
      2.79384      37.7951      3.10918
      2.79516      12.2091      2.35105
      2.79647      3.32030      1.12817
      2.79778      2.11467     0.519974
      2.79909     0.681716     0.309861
      2.80040     -2.11918     0.262123
      2.80172    -0.626712     0.257865
      2.80303     0.891125     0.236768
      2.80435     0.733307     0.206915
      2.80566      1.99222     0.308038
      2.80698     -4.57306      1.05274
      2.80830     -22.9197      1.67957
      2.80961     -4.97846      1.00485
      2.81093      2.04926     0.431427
      2.81225    0.0755134     0.196621
      2.81357    -0.347947    0.0936458
      2.81489    -0.198093    0.0553715
      2.81621   -0.0796872    0.0417899
      2.81753   -0.0313578    0.0455234
      2.81886    -0.169356    0.0684516
      2.82018    0.0387187    0.0840496
      2.82150   -0.0436095    0.0904753
      2.82283    0.0928329    0.0964686
      2.82415    0.0519797    0.0720061
      2.82547    0.0281189    0.0394262
      2.82680    0.0296471    0.0220008
      2.82813    0.0157861    0.0159227
      2.82945    0.0487707    0.0136148
      2.83078    0.0496443    0.0123658
      2.83211    0.0477253    0.0110549
      2.83344    0.0745820    0.0104667
      2.83477    0.0692006    0.0121266
      2.83610    0.0562574    0.0199029
      2.83743    0.0151477    0.0430224
      2.83876    0.0797867    0.0586502
      2.84009    0.0644737    0.0457892
      2.84142    0.0610413    0.0288306
      2.84275    0.0614925    0.0178203
      2.84409    0.0305774    0.0123384
      2.84542    0.0490866   0.00977889
      2.84675    0.0459939   0.00854703
      2.84809    0.0505933   0.00877796
      2.84942    0.0376614    0.0109377
      2.85076    0.0406578    0.0139576
      2.85210    0.0473666    0.0148615
      2.85343    0.0526376    0.0139165
      2.85477    0.0338270    0.0148646
      2.85611    0.0282595    0.0189676
      2.85745    0.0297327    0.0191715
      2.85879    0.0169627    0.0143975
      2.86013    0.0349008    0.0108749
      2.86147    0.0344130   0.00947056
      2.86281    0.0469118   0.00876475
      2.86415    0.0583179   0.00781252
      2.86549    0.0535423   0.00709551
      2.86683    0.0530309   0.00700891
      2.86818    0.0582948   0.00751108
      2.86952    0.0613032   0.00830576
      2.87086    0.0614721   0.00902729
      2.87221    0.0640209   0.00934995
      2.87355    0.0598501   0.00937974
      2.87490    0.0646558   0.00837437
      2.87624    0.0611522   0.00695280
      2.87759    0.0560694   0.00614498
      2.87894    0.0565999   0.00602066
      2.88028    0.0555300   0.00621580
      2.88163    0.0543664   0.00616307
      2.88298    0.0552915   0.00597145
      2.88433    0.0585972   0.00599715
      2.88568    0.0601593   0.00618326
      2.88703    0.0597503   0.00642012
      2.88838    0.0546090   0.00652326
      2.88973    0.0564432   0.00685418
      2.89108    0.0616469   0.00690107
      2.89244    0.0570714   0.00618874
      2.89379    0.0577079   0.00551375
      2.89514    0.0573017   0.00510955
      2.89649    0.0592420   0.00478344
      2.89785    0.0608771   0.00465036
      2.89920    0.0624883   0.00488012
      2.90056    0.0590322   0.00563828
      2.90191    0.0686479   0.00703909
      2.90327    0.0696201   0.00780184
      2.90463    0.0635293   0.00731585
      2.90598    0.0652231   0.00686153
      2.90734    0.0697163   0.00639494
      2.90870    0.0636016   0.00572526
      2.91006    0.0588450   0.00520125
      2.91141    0.0623795   0.00486514
      2.91277    0.0629245   0.00474429
      2.91413    0.0605769   0.00490395
      2.91549    0.0620308   0.00509908
      2.91685    0.0617216   0.00504859
      2.91822    0.0629992   0.00483686
      2.91958    0.0644603   0.00480230
      2.92094    0.0641136   0.00508951
      2.92230    0.0615431   0.00600863
      2.92366    0.0569412   0.00734555
      2.92503    0.0545984   0.00702387
      2.92639    0.0637142   0.00571224
      2.92776    0.0660386   0.00480696
      2.92912    0.0602608   0.00444677
      2.93048    0.0588637   0.00437403
      2.93185    0.0616011   0.00434256
      2.93322    0.0621504   0.00428904
      2.93458    0.0635402   0.00432033
      2.93595    0.0617349   0.00441051
      2.93732    0.0619152   0.00457797
      2.93868    0.0597451   0.00484115
      2.94005    0.0639811   0.00504492
      2.94142    0.0610522   0.00505910
      2.94279    0.0604519   0.00507602
      2.94416    0.0669500   0.00522477
      2.94553    0.0679317   0.00526028
      2.94690    0.0616122   0.00517864
      2.94827    0.0662258   0.00509883
      2.94964    0.0679431   0.00480548
      2.95101    0.0646456   0.00456660
      2.95238    0.0609684   0.00462449
      2.95375    0.0609757   0.00497775
      2.95513    0.0588817   0.00520027
      2.95650    0.0603968   0.00496449
      2.95787    0.0602837   0.00460596
      2.95925    0.0595155   0.00442602
      2.96062    0.0601299   0.00435582
      2.96200    0.0588094   0.00428139
      2.96337    0.0596193   0.00422084
      2.96475    0.0621571   0.00423411
      2.96612    0.0635382   0.00438483
      2.96750    0.0641050   0.00480569
      2.96887    0.0597394   0.00553859
      2.97025    0.0560310   0.00643240
      2.97163    0.0627506   0.00697147
      2.97301    0.0598232   0.00679638
      2.97438    0.0615441   0.00620542
      2.97576    0.0568320   0.00568625
      2.97714    0.0550429   0.00534262
      2.97852    0.0554549   0.00515849
      2.97990    0.0559057   0.00506241
      2.98128    0.0568815   0.00483847
      2.98266    0.0593212   0.00450300
      2.98404    0.0589952   0.00420687
      2.98542    0.0573091   0.00400737
      2.98680    0.0576239   0.00390600
      2.98818    0.0568325   0.00385136
      2.98957    0.0560562   0.00384529
      2.99095    0.0547060   0.00388013
      2.99233    0.0544813   0.00398916
      2.99371    0.0580734   0.00413787
      2.99510    0.0573496   0.00427197
      2.99648    0.0522088   0.00436409
      2.99787    0.0539993   0.00435877
      2.99925    0.0558164   0.00418357
      3.00063    0.0544461   0.00398692
      3.00202    0.0551346   0.00395064
      3.00340    0.0570736   0.00411894
      3.00479    0.0553878   0.00447239
      3.00618    0.0572222   0.00474801
      3.00756    0.0550040   0.00465001
      3.00895    0.0567297   0.00432263
      3.01034    0.0531986   0.00403590
      3.01172    0.0513511   0.00386101
      3.01311    0.0508289   0.00387283
      3.01450    0.0523084   0.00401050
      3.01589    0.0525379   0.00415203
      3.01728    0.0497830   0.00440772
      3.01867    0.0542385   0.00479667
      3.02006    0.0532311   0.00495519
      3.02145    0.0527931   0.00488461
      3.02284    0.0531051   0.00457247
      3.02423    0.0560900   0.00410837
      3.02562    0.0546067   0.00384368
      3.02701    0.0554795   0.00382972
      3.02840    0.0564814   0.00392384
      3.02979    0.0629303   0.00407185
      3.03118    0.0590542   0.00431510
      3.03257    0.0586560   0.00457562
      3.03397    0.0646973   0.00476196
      3.03536    0.0590606   0.00498546
      3.03675    0.0561790   0.00530403
      3.03815    0.0634890   0.00532578
      3.03954    0.0661100   0.00495231
      3.04093    0.0645548   0.00457989
      3.04233    0.0624733   0.00433752
      3.04372    0.0629346   0.00428678
      3.04512    0.0634797   0.00439478
      3.04651    0.0599674   0.00453525
      3.04791    0.0619168   0.00470825
      3.04930    0.0648665   0.00492163
      3.05070    0.0610742   0.00527113
      3.05210    0.0502028   0.00565341
      3.05349    0.0598044   0.00576248
      3.05489    0.0654683   0.00538431
      3.05629    0.0658479   0.00476090
      3.05768    0.0634664   0.00426839
      3.05908    0.0626481   0.00403290
      3.06048    0.0595716   0.00403238
      3.06188    0.0560916   0.00416655
      3.06328    0.0580619   0.00425277
      3.06468    0.0609779   0.00423589
      3.06607    0.0649542   0.00424921
      3.06747    0.0627862   0.00434724
      3.06887    0.0604832   0.00447864
      3.07027    0.0616701   0.00457125
      3.07167    0.0625093   0.00451000
      3.07307    0.0609920   0.00424076
      3.07447    0.0617618   0.00393701
      3.07587    0.0615672   0.00377356
      3.07728    0.0623257   0.00381463
      3.07868    0.0574673   0.00404303
      3.08008    0.0545944   0.00442556
      3.08148    0.0557874   0.00472656
      3.08288    0.0600807   0.00466595
      3.08428    0.0604080   0.00442806
      3.08569    0.0611073   0.00428473
      3.08709    0.0628594   0.00424036
      3.08849    0.0626574   0.00425824
      3.08990    0.0656128   0.00432250
      3.09130    0.0668929   0.00441995
      3.09270    0.0618684   0.00458357
      3.09411    0.0587440   0.00475924
      3.09551    0.0573588   0.00478475
      3.09692    0.0592374   0.00459404
      3.09832    0.0633166   0.00431483
      3.09972    0.0616920   0.00407367
      3.10113    0.0627113   0.00400148
      3.10254    0.0625129   0.00420468
      3.10394    0.0617085   0.00460802
      3.10535    0.0643010   0.00501706
      3.10675    0.0690161   0.00497029
      3.10816    0.0694036   0.00473640
      3.10956    0.0690161   0.00466741
      3.11097    0.0697914   0.00468218
      3.11238    0.0562372   0.00451648
      3.11379    0.0549496   0.00429331
      3.11519    0.0654451   0.00413697
      3.11660    0.0685176   0.00385604
      3.11801    0.0667374   0.00353325
      3.11942    0.0654911   0.00337622
      3.12082    0.0668596   0.00339151
      3.12223    0.0679057   0.00355247
      3.12364    0.0705456   0.00389716
      3.12505    0.0679036   0.00443391
      3.12646    0.0664113   0.00483150
      3.12787    0.0692387   0.00461178
      3.12928    0.0708637   0.00401837
      3.13069    0.0708198   0.00354816
      3.13210    0.0709650   0.00333674
      3.13351    0.0721852   0.00327597
      3.13492    0.0724363   0.00330392
      3.13633    0.0708018   0.00340802
      3.13774    0.0709237   0.00363587
      3.13915    0.0722667   0.00390458
      3.14056    0.0757869   0.00390175
      3.14197    0.0760225   0.00373694
      3.14338    0.0723404   0.00371828
      3.14479    0.0730436   0.00393270
      3.14620    0.0744378   0.00408355
      3.14761    0.0745069   0.00388177
      3.14903    0.0731006   0.00358642
      3.15044    0.0730603   0.00339532
      3.15185    0.0743512   0.00334826
      3.15326    0.0740066   0.00339983
      3.15468    0.0721657   0.00353068
      3.15609    0.0725368   0.00356577
      3.15750    0.0746153   0.00348319
      3.15891    0.0751551   0.00335346
      3.16033    0.0735159   0.00324376
      3.16174    0.0744301   0.00316348
      3.16315    0.0755326   0.00312669
      3.16457    0.0754639   0.00312890
      3.16598    0.0768266   0.00316128
      3.16740    0.0757591   0.00317878
      3.16881    0.0761036   0.00319029
      3.17022    0.0752209   0.00320635
      3.17164    0.0765265   0.00326931
      3.17305    0.0758561   0.00334264
      3.17447    0.0751736   0.00336460
      3.17588    0.0771631   0.00331692
      3.17730    0.0774731   0.00325059
      3.17871    0.0777526   0.00322778
      3.18013    0.0786394   0.00329232
      3.18155    0.0793291   0.00341162
      3.18296    0.0790476   0.00349305
      3.18438    0.0794774   0.00346784
      3.18579    0.0792329   0.00338610
      3.18721    0.0796685   0.00335552
      3.18862    0.0795398   0.00350269
      3.19004    0.0789441   0.00385959
      3.19146    0.0791627   0.00429607
      3.19287    0.0822710   0.00439995
      3.19429    0.0840450   0.00416323
      3.19571    0.0797252   0.00405334
      3.19713    0.0815975   0.00435671
      3.19854    0.0842815   0.00493438
      3.19996    0.0795534   0.00521457
      3.20138    0.0776571   0.00519920
      3.20280    0.0795865   0.00530251
      3.20421    0.0800818   0.00531766
      3.20563    0.0829979   0.00544044
      3.20705    0.0840838   0.00599071
      3.20847    0.0860397   0.00651479
      3.20989    0.0838798   0.00680118
      3.21130    0.0854432   0.00667261
      3.21272    0.0712979   0.00599111
      3.21414    0.0818323   0.00527084
      3.21556    0.0891202   0.00485786
      3.21698    0.0841396   0.00466995
      3.21840    0.0844797   0.00456830
      3.21982    0.0896244   0.00468741
      3.22124    0.0836514   0.00528230
      3.22265    0.0808031   0.00635492
      3.22407    0.0778727   0.00683622
      3.22549    0.0945395   0.00635168
      3.22691    0.0931471   0.00563505
      3.22833    0.0846535   0.00536103
      3.22975    0.0861049   0.00570427
      3.23117    0.0883652   0.00565306
      3.23259    0.0888856   0.00464062
      3.23401    0.0851232   0.00376970
      3.23543    0.0883844   0.00343224
      3.23685    0.0877859   0.00346006
      3.23827    0.0875056   0.00369695
      3.23969    0.0873660   0.00406099
      3.24111    0.0885539   0.00430961
      3.24253    0.0862412   0.00431657
      3.24396    0.0877320   0.00455603
      3.24538    0.0895184   0.00519611
      3.24680    0.0820185   0.00570467
      3.24822    0.0843982   0.00563898
      3.24964    0.0889376   0.00503341
      3.25106    0.0886063   0.00420998
      3.25248    0.0875769   0.00356426
      3.25390    0.0867966   0.00325051
      3.25532    0.0861786   0.00319221
      3.25675    0.0875909   0.00331078
      3.25817    0.0898396   0.00363720
      3.25959    0.0884379   0.00429079
      3.26101    0.0832026   0.00514871
      3.26243    0.0831177   0.00529375
      3.26386    0.0880617   0.00469486
      3.26528    0.0911538   0.00409181
      3.26670    0.0893962   0.00383788
      3.26812    0.0907254   0.00399011
      3.26954    0.0917003   0.00450788
      3.27097    0.0902443   0.00494366
      3.27239    0.0905854   0.00479893
      3.27381    0.0892795   0.00408226
      3.27523    0.0900497   0.00350816
      3.27666    0.0918924   0.00333458
      3.27808    0.0907494   0.00346527
      3.27950    0.0881018   0.00376653
      3.28092    0.0898623   0.00391363
      3.28235    0.0923515   0.00360385
      3.28377    0.0898980   0.00322093
      3.28519    0.0877204   0.00303365
      3.28662    0.0904449   0.00300048
      3.28804    0.0931610   0.00303655
      3.28946    0.0931988   0.00312936
      3.29088    0.0925660   0.00330533
      3.29231    0.0965821   0.00358791
      3.29373    0.0996588   0.00393095
      3.29515     0.103876   0.00443462
      3.29658     0.105615   0.00508135
      3.29800     0.104215   0.00552170
      3.29942     0.101939   0.00557965
      3.30085     0.100364   0.00505827
      3.30227    0.0986501   0.00432001
      3.30370    0.0970744   0.00386409
      3.30512    0.0951648   0.00371992
      3.30654    0.0969718   0.00371430
      3.30797    0.0948144   0.00370123
      3.30939    0.0955684   0.00384426
      3.31081    0.0960873   0.00430181
      3.31224     0.109175   0.00516287
      3.31366     0.102833   0.00753086
      3.31509    0.0896227    0.0158392
      3.31651     0.129550    0.0277257
      3.31793    0.0758074    0.0238514
      3.31936    0.0730571    0.0156422
      3.32078    0.0847033    0.0102826
      3.32221    0.0938247   0.00715824
      3.32363    0.0962099   0.00544432
      3.32506    0.0938586   0.00453113
      3.32648    0.0923353   0.00412548
      3.32790    0.0945062   0.00400277
      3.32933    0.0937962   0.00391661
      3.33075    0.0947132   0.00363498
      3.33218    0.0960596   0.00330355
      3.33360    0.0947149   0.00314684
      3.33503    0.0935003   0.00316896
      3.33645    0.0956719   0.00322213
      3.33787    0.0970595   0.00326103
      3.33930    0.0980379   0.00339809
      3.34072    0.0962197   0.00359388
      3.34215    0.0972027   0.00364134
      3.34357    0.0963042   0.00361229
      3.34500    0.0948783   0.00364893
      3.34642    0.0954827   0.00381222
      3.34785    0.0987277   0.00382338
      3.34927     0.100056   0.00350672
      3.35070    0.0993555   0.00325134
      3.35212    0.0976205   0.00321284
      3.35354    0.0984909   0.00330024
      3.35497    0.0994443   0.00350289
      3.35639    0.0963131   0.00382202
      3.35782    0.0985696   0.00407118
      3.35924     0.100130   0.00396209
      3.36067     0.100173   0.00364434
      3.36209    0.0977272   0.00347022
      3.36352    0.0975324   0.00344947
      3.36494     0.100703   0.00342019
      3.36637     0.102214   0.00338777
      3.36779     0.101357   0.00346542
      3.36922     0.101724   0.00366079
      3.37064     0.101399   0.00373636
      3.37207     0.101596   0.00355338
      3.37349     0.102968   0.00334725
      3.37492     0.101001   0.00323503
      3.37634     0.101394   0.00323018
      3.37777     0.102914   0.00336950
      3.37919     0.105203   0.00360296
      3.38061     0.103704   0.00381329
      3.38204     0.103138   0.00394798
      3.38346     0.102757   0.00379268
      3.38489     0.100837   0.00350251
      3.38631     0.100178   0.00330386
      3.38774     0.103168   0.00317664
      3.38916     0.105585   0.00314532
      3.39059     0.105644   0.00322566
      3.39201     0.103126   0.00344211
      3.39344     0.102162   0.00369872
      3.39486     0.101725   0.00359840
      3.39629     0.102025   0.00326913
      3.39771     0.102123   0.00302876
      3.39914     0.102456   0.00297221
      3.40056     0.102939   0.00300564
      3.40199     0.106415   0.00307556
      3.40341     0.104963   0.00333151
      3.40483     0.100329   0.00376891
      3.40626     0.106998   0.00404698
      3.40768     0.104536   0.00387716
      3.40911     0.102994   0.00358939
      3.41053     0.106214   0.00342022
      3.41196     0.106652   0.00331118
      3.41338     0.107948   0.00328138
      3.41481     0.104845   0.00336907
      3.41623     0.106274   0.00355629
      3.41765     0.107598   0.00373668
      3.41908     0.108163   0.00360106
      3.42050     0.106524   0.00324747
      3.42193     0.107342   0.00305522
      3.42335     0.106168   0.00304411
      3.42478     0.107763   0.00312304
      3.42620     0.105598   0.00323902
      3.42762     0.105101   0.00344695
      3.42905     0.105797   0.00366832
      3.43047     0.106521   0.00368764
      3.43190     0.107258   0.00339220
      3.43332     0.105687   0.00309026
      3.43475     0.104389   0.00297141
      3.43617     0.105003   0.00296319
      3.43759     0.107882   0.00299733
      3.43902     0.106647   0.00306297
      3.44044     0.105249   0.00316888
      3.44187     0.103778   0.00328035
      3.44329     0.105441   0.00325988
      3.44471     0.105976   0.00308396
      3.44614     0.106437   0.00293784
      3.44756     0.104943   0.00290689
      3.44898     0.104010   0.00292002
      3.45041     0.103595   0.00294438
      3.45183     0.104073   0.00299505
      3.45326     0.102942   0.00308386
      3.45468     0.104560   0.00317379
      3.45610     0.106421   0.00316222
      3.45753     0.106928   0.00303201
      3.45895     0.106942   0.00289117
      3.46037     0.105748   0.00281785
      3.46180     0.105975   0.00278982
      3.46322     0.105368   0.00282308
      3.46464     0.103985   0.00289679
      3.46607     0.102875   0.00297876
      3.46749     0.104536   0.00303329
      3.46891     0.105696   0.00299972
      3.47034     0.106107   0.00289711
      3.47176     0.106451   0.00282005
      3.47318     0.105489   0.00280279
      3.47460     0.106245   0.00282877
      3.47603     0.105622   0.00286674
      3.47745     0.106348   0.00289774
      3.47887     0.106216   0.00292288
      3.48030     0.106934   0.00293453
      3.48172     0.105450   0.00289637
      3.48314     0.106263   0.00284048
      3.48456     0.106899   0.00281425
      3.48599     0.107815   0.00282324
      3.48741     0.107700   0.00284714
      3.48883     0.108249   0.00287948
      3.49025     0.107375   0.00289615
      3.49168     0.105554   0.00290523
      3.49310     0.105150   0.00288728
      3.49452     0.107129   0.00285005
      3.49594     0.108423   0.00280347
      3.49736     0.109398   0.00280044
      3.49879     0.108846   0.00282420
      3.50021     0.106923   0.00279794
      3.50163     0.107561   0.00281075
      3.50305     0.108831   0.00282792
      3.50447     0.109069   0.00283531
      3.50590     0.108549   0.00284034
      3.50732     0.110211   0.00282326
      3.50874     0.111057   0.00279542
      3.51016     0.110032   0.00278700
      3.51158     0.109810   0.00280102
      3.51300     0.108351   0.00279258
      3.51442     0.108865   0.00278563
      3.51585     0.109937   0.00274694
      3.51727     0.109508   0.00275071
      3.51869     0.110809   0.00272393
      3.52011     0.109740   0.00272258
      3.52153     0.110055   0.00272195
      3.52295     0.110554   0.00271396
      3.52437     0.110487   0.00270879
      3.52579     0.110867   0.00270949
      3.52721     0.110156   0.00271638
      3.52863     0.111940   0.00273141
      3.53006     0.112016   0.00276477
      3.53148     0.110665   0.00277728
      3.53290     0.110356   0.00278447
      3.53432     0.111692   0.00279777
      3.53574     0.112299   0.00285545
      3.53716     0.109663   0.00289915
      3.53858     0.109348   0.00291092
      3.54000     0.110877   0.00289900
      3.54142     0.111735   0.00291702
      3.54284     0.109616   0.00295161
      3.54426     0.108933   0.00292820
      3.54568     0.108762   0.00289961
      3.54710     0.112296   0.00287511
      3.54852     0.111468   0.00285236
      3.54994     0.110949   0.00283330
      3.55136     0.111024   0.00281292
      3.55277     0.113358   0.00280515
      3.55419     0.113854   0.00279019
      3.55561     0.112976   0.00281550
      3.55703     0.112668   0.00282203
      3.55845     0.112211   0.00280662
      3.55987     0.112366   0.00279102
      3.56129     0.112569   0.00279289
      3.56271     0.114303   0.00278858
      3.56413     0.112131   0.00278013
      3.56555     0.112035   0.00279385
      3.56696     0.110825   0.00283246
      3.56838     0.111116   0.00286580
      3.56980     0.111439   0.00286197
      3.57122     0.111750   0.00285377
      3.57264     0.112035   0.00285750
      3.57406     0.113584   0.00287579
      3.57547     0.111482   0.00290096
      3.57689     0.112122   0.00288651
      3.57831     0.113316   0.00284994
      3.57973     0.112119   0.00282677
      3.58115     0.112352   0.00282518
      3.58256     0.113289   0.00284099
      3.58398     0.112656   0.00286030
      3.58540     0.113088   0.00285440
      3.58682     0.113855   0.00284892
      3.58823     0.113948   0.00285790
      3.58965     0.113728   0.00284863
      3.59107     0.115312   0.00282907
      3.59249     0.114765   0.00283542
      3.59390     0.113301   0.00283722
      3.59532     0.113679   0.00280997
      3.59674     0.115039   0.00278978
      3.59815     0.117316   0.00279089
      3.59957     0.118699   0.00282055
      3.60099     0.117846   0.00285647
      3.60240     0.116683   0.00283655
      3.60382     0.116873   0.00280891
      3.60524     0.117460   0.00281318
      3.60665     0.117213   0.00283546
      3.60807     0.117038   0.00286010
      3.60948     0.115776   0.00287995
      3.61090     0.115847   0.00287278
      3.61232     0.117066   0.00284183
      3.61373     0.116637   0.00282182
      3.61515     0.116439   0.00281669
      3.61656     0.115717   0.00280443
      3.61798     0.115456   0.00279164
      3.61939     0.115607   0.00278315
      3.62081     0.117173   0.00278042
      3.62223     0.117600   0.00277588
      3.62364     0.119605   0.00277745
      3.62506     0.117634   0.00279352
      3.62647     0.115975   0.00280010
      3.62789     0.117145   0.00284729
      3.62930     0.117697   0.00286454
      3.63071     0.118002   0.00281503
      3.63213     0.119988   0.00277571
      3.63354     0.119091   0.00275777
      3.63496     0.119000   0.00274451
      3.63637     0.119628   0.00272704
      3.63779     0.118803   0.00271950
      3.63920     0.119567   0.00270605
      3.64062     0.118693   0.00268505
      3.64203     0.120286   0.00272092
      3.64344     0.122084   0.00274576
      3.64486     0.121633   0.00278571
      3.64627     0.119062   0.00280360
      3.64768     0.118903   0.00283829
      3.64910     0.122433   0.00289666
      3.65051     0.120140   0.00284813
      3.65192     0.119302   0.00278708
      3.65334     0.119938   0.00276243
      3.65475     0.119459   0.00275587
      3.65616     0.120287   0.00274644
      3.65758     0.120565   0.00273847
      3.65899     0.120560   0.00275731
      3.66040     0.119970   0.00277106
      3.66181     0.119434   0.00277986
      3.66323     0.119044   0.00278672
      3.66464     0.121206   0.00279713
      3.66605     0.121977   0.00282296
      3.66746     0.121827   0.00288868
      3.66888     0.120558   0.00292307
      3.67029     0.121759   0.00294489
      3.67170     0.121491   0.00295201
      3.67311     0.121315   0.00293504
      3.67452     0.122129   0.00295492
      3.67593     0.121096   0.00296597
      3.67735     0.120170   0.00295513
      3.67876     0.122023   0.00291721
      3.68017     0.121700   0.00287358
      3.68158     0.122169   0.00285040
      3.68299     0.121250   0.00284255
      3.68440     0.120153   0.00284261
      3.68581     0.121870   0.00284677
      3.68722     0.122021   0.00285846
      3.68863     0.121398   0.00287520
      3.69005     0.122486   0.00288048
      3.69146     0.121904   0.00285501
      3.69287     0.121341   0.00283348
      3.69428     0.123408   0.00282220
      3.69569     0.121809   0.00281468
      3.69710     0.122269   0.00280851
      3.69851     0.122251   0.00280677
      3.69992     0.123108   0.00280451
      3.70133     0.123703   0.00280357
      3.70274     0.122487   0.00279927
      3.70415     0.121632   0.00279813
      3.70556     0.122353   0.00280447
      3.70697     0.122950   0.00282316
      3.70837     0.123302   0.00284623
      3.70978     0.122540   0.00286937
      3.71119     0.122926   0.00288061
      3.71260     0.123824   0.00288100
      3.71401     0.125353   0.00287038
      3.71542     0.125516   0.00288205
      3.71683     0.126472   0.00290686
      3.71824     0.125732   0.00289185
      3.71965     0.123944   0.00284145
      3.72105     0.123153   0.00282765
      3.72246     0.124928   0.00282311
      3.72387     0.126236   0.00282923
      3.72528     0.126496   0.00284079
      3.72669     0.125010   0.00285876
      3.72809     0.124647   0.00287490
      3.72950     0.124247   0.00288995
      3.73091     0.125395   0.00291656
      3.73232     0.126505   0.00293845
      3.73373     0.127054   0.00295074
      3.73513     0.131342   0.00297017
      3.73654     0.133245   0.00299109
      3.73795     0.134173   0.00301965
      3.73935     0.137360   0.00303531
      3.74076     0.140922   0.00307409
      3.74217     0.140049   0.00309388
      3.74358     0.139732   0.00307312
      3.74498     0.137046   0.00303840
      3.74639     0.133001   0.00301387
      3.74779     0.131776   0.00296919
      3.74920     0.129696   0.00295883
      3.75061     0.124971   0.00295453
      3.75201     0.126720   0.00295010
      3.75342     0.130297   0.00295825
      3.75483     0.128905   0.00295626
      3.75623     0.128178   0.00291435
      3.75764     0.128203   0.00293238
      3.75904     0.129888   0.00294252
      3.76045     0.128592   0.00291944
      3.76185     0.129746   0.00295294
      3.76326     0.131889   0.00298341
      3.76467     0.130141   0.00300997
      3.76607     0.130308   0.00301160
      3.76748     0.128613   0.00300184
      3.76888     0.128482   0.00299248
      3.77029     0.129584   0.00297700
      3.77169     0.127877   0.00300205
      3.77310     0.130010   0.00301750
      3.77450     0.128897   0.00301429
      3.77590     0.127347   0.00301001
      3.77731     0.126994   0.00299517
      3.77871     0.127857   0.00299042
      3.78012     0.130441   0.00299120
      3.78152     0.131546   0.00300207
      3.78293     0.129512   0.00301400
      3.78433     0.130714   0.00301550
      3.78573     0.129058   0.00301615
      3.78714     0.130254   0.00302218
      3.78854     0.132219   0.00303534
      3.78994     0.131286   0.00306233
      3.79135     0.129057   0.00305310
      3.79275     0.129035   0.00305894
      3.79416     0.128602   0.00304935
      3.79556     0.129065   0.00303154
      3.79696     0.128271   0.00302223
      3.79836     0.129621   0.00301796
      3.79977     0.130386   0.00301574
      3.80117     0.130688   0.00301545
      3.80257     0.130983   0.00301529
      3.80398     0.130525   0.00302469
      3.80538     0.132032   0.00303202
      3.80678     0.132506   0.00303548
      3.80818     0.131378   0.00303681
      3.80959     0.131551   0.00305516
      3.81099     0.131108   0.00307556
      3.81239     0.132239   0.00309137
      3.81379     0.131517   0.00310899
      3.81519     0.132029   0.00310672
      3.81660     0.132977   0.00308245
      3.81800     0.131777   0.00306758
      3.81940     0.131881   0.00305257
      3.82080     0.131327   0.00303345
      3.82220     0.132048   0.00303625
      3.82360     0.132486   0.00304017
      3.82500     0.132425   0.00303651
      3.82641     0.131476   0.00304192
      3.82781     0.132334   0.00304556
      3.82921     0.133833   0.00305208
      3.83061     0.133556   0.00305758
      3.83201     0.132111   0.00307586
      3.83341     0.130241   0.00310697
      3.83481     0.131617   0.00313336
      3.83621     0.131512   0.00312755
      3.83761     0.131865   0.00311577
      3.83901     0.132501   0.00311713
      3.84041     0.132244   0.00312443
      3.84181     0.132928   0.00311490
      3.84321     0.133530   0.00312985
      3.84461     0.134254   0.00314092
      3.84601     0.133840   0.00316207
      3.84741     0.133960   0.00321309
      3.84881     0.133124   0.00323178
      3.85021     0.131092   0.00318120
      3.85161     0.131995   0.00316068
      3.85301     0.132945   0.00315994
      3.85441     0.135325   0.00317282
      3.85581     0.132385   0.00319467
      3.85721     0.134619   0.00321983
      3.85861     0.132088   0.00323169
      3.86001     0.132947   0.00325342
      3.86141     0.133407   0.00325037
      3.86281     0.131649   0.00329225
      3.86420     0.134637   0.00332492
      3.86560     0.135233   0.00335564
      3.86700     0.134477   0.00339542
      3.86840     0.134180   0.00344046
      3.86980     0.133427   0.00345796
      3.87120     0.134092   0.00350486
      3.87260     0.134601   0.00353984
      3.87399     0.134264   0.00356149
      3.87539     0.134292   0.00359098
      3.87679     0.134912   0.00362041
      3.87819     0.134910   0.00364505
      3.87959     0.135656   0.00364720
      3.88098     0.136009   0.00366382
      3.88238     0.136528   0.00367380
      3.88378     0.136644   0.00367862
      3.88518     0.137914   0.00367755
      3.88658     0.137328   0.00367423
      3.88797     0.137709   0.00366427
      3.88937     0.136649   0.00365149
      3.89077     0.137229   0.00363684
      3.89217     0.141066   0.00361603
      3.89356     0.141936   0.00358960
      3.89496     0.139694   0.00359213
      3.89636     0.141753   0.00355218
      3.89775     0.140862   0.00349421
      3.89915     0.140743   0.00345360
      3.90055     0.140512   0.00346604
      3.90194     0.139636   0.00347648
      3.90334     0.141233   0.00352157
      3.90474     0.141338   0.00357008
      3.90613     0.140640   0.00361843
      3.90753     0.140506   0.00366349
      3.90893     0.139522   0.00370748
      3.91032     0.140156   0.00373509
      3.91172     0.141129   0.00374129
      3.91312     0.141901   0.00372162
      3.91451     0.143381   0.00372105
      3.91591     0.142202   0.00372907
      3.91730     0.140719   0.00372877
      3.91870     0.139193   0.00372197
      3.92010     0.142055   0.00375419
      3.92149     0.140439   0.00377124
      3.92289     0.139263   0.00373428
      3.92428     0.138827   0.00371907
      3.92568     0.140265   0.00371680
      3.92708     0.140047   0.00369825
      3.92847     0.139373   0.00368204
      3.92987     0.140259   0.00366154
      3.93126     0.138398   0.00363990
      3.93266     0.138295   0.00360454
      3.93405     0.141396   0.00359398
      3.93545     0.140642   0.00359017
      3.93684     0.138837   0.00358600
      3.93824     0.140455   0.00357508
      3.93963     0.138898   0.00356462
      3.94103     0.139192   0.00353279
      3.94242     0.138735   0.00353361
      3.94382     0.139062   0.00358885
      3.94521     0.140877   0.00354210
      3.94661     0.140299   0.00351412
      3.94800     0.139677   0.00350782
      3.94940     0.143082   0.00349607
      3.95079     0.142785   0.00350077
      3.95219     0.141687   0.00350378
      3.95358     0.139667   0.00350738
      3.95498     0.139167   0.00350064
      3.95637     0.139929   0.00350069
      3.95777     0.141770   0.00349855
      3.95916     0.141095   0.00350257
      3.96055     0.141681   0.00349221
      3.96195     0.141110   0.00349156
      3.96334     0.142178   0.00349110
      3.96474     0.144437   0.00348281
      3.96613     0.143174   0.00349669
      3.96752     0.143072   0.00353853
      3.96892     0.142149   0.00354781
      3.97031     0.145282   0.00361968
      3.97171     0.143450   0.00363920
      3.97310     0.142125   0.00360780
      3.97449     0.142999   0.00360530
      3.97589     0.144368   0.00363806
      3.97728     0.142191   0.00362447
      3.97868     0.141643   0.00362632
      3.98007     0.141409   0.00364064
      3.98146     0.141706   0.00365100
      3.98286     0.140807   0.00363395
      3.98425     0.142575   0.00363393
      3.98564     0.142466   0.00364322
      3.98704     0.143704   0.00365336
      3.98843     0.145688   0.00365524
      3.98982     0.145344   0.00365094
      3.99122     0.146334   0.00366940
      3.99261     0.146237   0.00369046
      3.99400     0.146201   0.00370428
      3.99540     0.144737   0.00370837
      3.99679     0.144562   0.00371514
      3.99818     0.145023   0.00373077
      3.99958     0.145748   0.00375120
      4.00097     0.145196   0.00374823
      4.00236     0.147497   0.00377982
      4.00376     0.149568   0.00380593
      4.00515     0.148044   0.00384156
      4.00654     0.145872   0.00384050
      4.00794     0.148321   0.00386757
      4.00933     0.150335   0.00388548
      4.01072     0.148874   0.00391225
      4.01211     0.148930   0.00391103
      4.01351     0.147172   0.00392891
      4.01490     0.149080   0.00396972
      4.01629     0.148660   0.00400742
      4.01769     0.148034   0.00402459
      4.01908     0.152424   0.00404864
      4.02047     0.153361   0.00407525
      4.02186     0.148852   0.00409577
      4.02326     0.148301   0.00411559
      4.02465     0.147303   0.00412646
      4.02604     0.146406   0.00417865
      4.02744     0.147470   0.00417248
      4.02883     0.148630   0.00418476
      4.03022     0.147669   0.00421285
      4.03161     0.150674   0.00423742
      4.03301     0.149731   0.00426634
      4.03440     0.149820   0.00432264
      4.03579     0.147538   0.00433411
      4.03718     0.151083   0.00433880
      4.03858     0.149685   0.00435627
      4.03997     0.147331   0.00438102
      4.04136     0.152348   0.00441026
      4.04276     0.153182   0.00456107
      4.04415     0.154879   0.00450551
      4.04554     0.154895   0.00450701
      4.04693     0.158736   0.00455709
      4.04833     0.163386   0.00464108
      4.04972     0.168647   0.00476641
      4.05111     0.168510   0.00482799
      4.05250     0.169786   0.00483394
      4.05390     0.165721   0.00480553
      4.05529     0.156693   0.00469700
      4.05668     0.155022   0.00463063
      4.05807     0.153532   0.00458373
      4.05947     0.155000   0.00455434
      4.06086     0.155845   0.00452210
      4.06225     0.153862   0.00452879
      4.06364     0.151285   0.00456609
      4.06504     0.151439   0.00459472
      4.06643     0.150138   0.00462096
      4.06782     0.150374   0.00463330
      4.06921     0.148604   0.00466994
      4.07061     0.147326   0.00470386
      4.07200     0.150050   0.00473063
      4.07339     0.152638   0.00474364
      4.07478     0.153030   0.00479110
      4.07618     0.149250   0.00484233
      4.07757     0.148821   0.00486995
      4.07896     0.150987   0.00490299
      4.08036     0.150795   0.00495544
      4.08175     0.147424   0.00493503
      4.08314     0.151012   0.00496315
      4.08453     0.154258   0.00504719
      4.08593     0.155547   0.00511908
      4.08732     0.154480   0.00536250
      4.08871     0.148812   0.00540167
      4.09011     0.148504   0.00528904
      4.09150     0.150298   0.00519327
      4.09289     0.147830   0.00511699
      4.09428     0.149400   0.00513151
      4.09568     0.150409   0.00516691
      4.09707     0.150423   0.00519973
      4.09846     0.150223   0.00520543
      4.09986     0.148314   0.00522393
      4.10125     0.154171   0.00523812
      4.10264     0.156603   0.00525610
      4.10404     0.154457   0.00528319
      4.10543     0.155778   0.00530511
      4.10682     0.155026   0.00532773
      4.10821     0.155130   0.00534894
      4.10961     0.158348   0.00536709
      4.11100     0.159772   0.00538661
      4.11239     0.157197   0.00542275
      4.11379     0.158146   0.00545059
      4.11518     0.158123   0.00551022
      4.11657     0.160374   0.00552565
      4.11797     0.156604   0.00554006
      4.11936     0.154841   0.00556143
      4.12076     0.160737   0.00550044
      4.12215     0.168193   0.00559562
      4.12354     0.165251   0.00562720
      4.12494     0.165109   0.00565627
      4.12633     0.161364   0.00571381
      4.12772     0.158096   0.00574910
      4.12912     0.159396   0.00582666
      4.13051     0.160679   0.00581254
      4.13191     0.160850   0.00580881
      4.13330     0.163084   0.00582826
      4.13469     0.164715   0.00587182
      4.13609     0.168293   0.00593013
      4.13748     0.165163   0.00602026
      4.13888     0.162981   0.00607123
      4.14027     0.165074   0.00612982
      4.14166     0.165163   0.00618471
      4.14306     0.164086   0.00624676
      4.14445     0.163328   0.00627236
      4.14585     0.166628   0.00632021
      4.14724     0.177343   0.00642262
      4.14864     0.174875   0.00646202
      4.15003     0.176725   0.00653638
      4.15143     0.178708   0.00664460
      4.15282     0.174649   0.00671542
      4.15422     0.174374   0.00674621
      4.15561     0.180999   0.00683529
      4.15701     0.185123   0.00694701
      4.15840     0.179479   0.00702559
      4.15980     0.185816   0.00724687
      4.16119     0.189390   0.00741387
      4.16259     0.178368   0.00747377
      4.16398     0.187774   0.00759949
      4.16538     0.195966   0.00779102
      4.16677     0.194316   0.00796703
      4.16817     0.205101   0.00831037
      4.16957     0.210554   0.00854550
      4.17096     0.218343   0.00874049
      4.17236     0.211017   0.00911520
      4.17375     0.204714   0.00946990
      4.17515     0.213116   0.00990071
      4.17655     0.214226    0.0104656
      4.17794     0.212100    0.0112673
      4.17934     0.219641    0.0125411
      4.18073     0.244061    0.0144408
      4.18213     0.241989    0.0175493
      4.18353     0.216056    0.0224375
      4.18492     0.292218    0.0306565
      4.18632     0.310874    0.0453322
      4.18772     0.434268    0.0722842
      4.18911     0.300664     0.133874
      4.19051     0.983339     0.263061
      4.19191     0.259753     0.601525
      4.19331      8.05944      1.31341
      4.19470     -3.70591      6.68258
      4.19610      19.3408      4.81391
      4.19750      7.43954      4.47960
      4.19890  -0.00103680      13.7426
      4.20029      101.144      28.5696
      4.20169      1530.94      21.1113
      4.20309      41.7253      11.2880
      4.20449     -163.448      118.418
      4.20589      640858.      820.880
      4.20728      253274.      273.541
      4.20868      86484.1      9.75383
      4.21008      265198.      25.5537
      4.21148  2.31566e+06      15.3476
      4.21288 -2.86222e+06      35.1634
      4.21428 -4.00592e+06      717.168
      4.21568 -6.45729e+06      251.648
      4.21708 -1.35274e+06      26.4677
      4.21847  1.97768e+06      14.9222
      4.21987 -1.78807e+06      14.8344
      4.22127      0.00000      12.2747
