SOURCE  = Reipurth 50                   / Source name
STANDARD= BS 1735                       / Standard name
OBSDATE = 11-11-2001                    / Date of observation
SPOS    = 05:40:27.3  -07:27:49.1       / Source position RA,DEC,J2000
STPOS   = 05:17:36.2  -06:51:14.7       / Standard position RA,DEC,J2000
STSPT   = B5III                         / Standard spectral type
STTEFF  = 14300 (Gulati et al 1989, A&AS/ Standard effective temperature [K]
STMAG   = 4.2                           / Standard magnitude (adopted)
WAVEZP  = 3.45                          / Wavelength zero point [micron]
FLUXZP  = 290                           / Flux zero point [Jy]
SAIRM   = 1.11                          / Source mean airmass
STAIRM  = 1.16                          / Standard mean airmass
AIRMCORR= 1.04                          / Optimal (adopted) airmass correction
SPECRES = ~1200                         / Spectral resolution

Created by K. M. Pontoppidan             Mon May 19 15:51:24 2003

Wavelength [micron] Flux [Jy] Statistical Error [Jy]

      2.78752      0.00000      4.38715
      2.78883     -11.3351      2.23880
      2.79015     -23.0695      9.88342
      2.79147     -8.15868      3.77024
      2.79278     -29.4776      443.261
      2.79410      1.99305      210.010
      2.79542     -10.5121      2.95240
      2.79674      1.93313     0.570235
      2.79806     -2.17853     0.594149
      2.79938     -1.53197     0.360456
      2.80071    -0.975461     0.330686
      2.80203    0.0482100     0.370035
      2.80335     0.801201     0.279458
      2.80467    -0.648990     0.486461
      2.80600      6.96315     0.672021
      2.80732      45.1600      8.45735
      2.80865      3.78883      1.54934
      2.80997      3.91724     0.585418
      2.81130      1.65398     0.230104
      2.81263     0.228425    0.0925686
      2.81395     0.366822    0.0429828
      2.81528     0.349556    0.0371344
      2.81661     0.300435    0.0412405
      2.81794     0.269069    0.0601008
      2.81927     0.546254    0.0875521
      2.82060     0.340884     0.109977
      2.82193    -0.166780     0.133018
      2.82326    0.0422957    0.0800325
      2.82459     0.169359    0.0292987
      2.82593     0.297845    0.0128815
      2.82726     0.344796   0.00906402
      2.82859     0.333619   0.00738712
      2.82993     0.213280   0.00597938
      2.83126     0.298976   0.00489942
      2.83260     0.313146   0.00464928
      2.83393     0.336839   0.00575160
      2.83527     0.309328    0.0100157
      2.83660     0.144931    0.0231825
      2.83794     0.119399    0.0537036
      2.83928     0.149808    0.0461866
      2.84062     0.199868    0.0217422
      2.84196     0.320748    0.0106155
      2.84330     0.277380   0.00640501
      2.84464     0.246126   0.00405511
      2.84598     0.253528   0.00340283
      2.84732     0.264265   0.00356678
      2.84866     0.266707   0.00485877
      2.85000     0.239495   0.00744642
      2.85134     0.211714   0.00775144
      2.85269     0.222023   0.00718487
      2.85403     0.278792   0.00849914
      2.85537     0.265735    0.0109506
      2.85672     0.205379    0.0120503
      2.85806     0.149897   0.00720447
      2.85941     0.216246   0.00533371
      2.86076     0.201721   0.00443450
      2.86210     0.190623   0.00371532
      2.86345     0.189062   0.00302964
      2.86480     0.197103   0.00259323
      2.86614     0.190769   0.00253425
      2.86749     0.186148   0.00282375
      2.86884     0.182978   0.00340394
      2.87019     0.177390   0.00386961
      2.87154     0.183193   0.00462413
      2.87289     0.166554   0.00434696
      2.87424     0.158936   0.00357127
      2.87559     0.164066   0.00232868
      2.87695     0.165201   0.00200022
      2.87830     0.159489   0.00205574
      2.87965     0.161405   0.00207067
      2.88100     0.156960   0.00203553
      2.88236     0.137509   0.00197202
      2.88371     0.136881   0.00193624
      2.88507     0.134841   0.00204194
      2.88642     0.132716   0.00220919
      2.88778     0.130047   0.00229385
      2.88913     0.127147   0.00253452
      2.89049     0.123752   0.00251792
      2.89185     0.118124   0.00217483
      2.89320     0.116812   0.00184410
      2.89456     0.110541   0.00159864
      2.89592     0.108315   0.00139972
      2.89728     0.107906   0.00133862
      2.89864     0.108266   0.00139154
      2.90000     0.109970   0.00179245
      2.90136    0.0957610   0.00242047
      2.90272    0.0922958   0.00289157
      2.90408    0.0966213   0.00298393
      2.90544    0.0743058   0.00259378
      2.90680    0.0967228   0.00238733
      2.90816    0.0935733   0.00208491
      2.90953    0.0878067   0.00166838
      2.91089    0.0855690   0.00147343
      2.91225    0.0816626   0.00142148
      2.91362    0.0824731   0.00149916
      2.91498    0.0752048   0.00157341
      2.91634    0.0760041   0.00149092
      2.91771    0.0710961   0.00144279
      2.91908    0.0722389   0.00142934
      2.92044    0.0759043   0.00153308
      2.92181    0.0684555   0.00206248
      2.92317    0.0528840   0.00267115
      2.92454    0.0574264   0.00251891
      2.92591    0.0557083   0.00176966
      2.92728    0.0603933   0.00140742
      2.92865    0.0627468   0.00133359
      2.93001    0.0605484   0.00128967
      2.93138    0.0599610   0.00125587
      2.93275    0.0450043   0.00127877
      2.93412    0.0458740   0.00125483
      2.93549    0.0568714   0.00123950
      2.93686    0.0545998   0.00136127
      2.93823    0.0555544   0.00146338
      2.93961    0.0535270   0.00155026
      2.94098    0.0527492   0.00160290
      2.94235    0.0523147   0.00162560
      2.94372    0.0493710   0.00166174
      2.94510    0.0467434   0.00175040
      2.94647    0.0462162   0.00173640
      2.94784    0.0464701   0.00161239
      2.94922    0.0429915   0.00144872
      2.95059    0.0446464   0.00136443
      2.95197    0.0442807   0.00143373
      2.95334    0.0426557   0.00161127
      2.95472    0.0345110   0.00172697
      2.95609    0.0395559   0.00151269
      2.95747    0.0406215   0.00140607
      2.95885    0.0410831   0.00136653
      2.96022    0.0404318   0.00131220
      2.96160    0.0402546   0.00125191
      2.96298    0.0390423   0.00125615
      2.96436    0.0388569   0.00122843
      2.96573    0.0384917   0.00130099
      2.96711    0.0391214   0.00149783
      2.96849    0.0391797   0.00188970
      2.96987    0.0359466   0.00254675
      2.97125    0.0350602   0.00266879
      2.97263    0.0399268   0.00240279
      2.97401    0.0394206   0.00230454
      2.97539    0.0415514   0.00189782
      2.97677    0.0383374   0.00173357
      2.97816    0.0363227   0.00175974
      2.97954    0.0343863   0.00165871
      2.98092    0.0259967   0.00156070
      2.98230    0.0349316   0.00139454
      2.98368    0.0351035   0.00118703
      2.98507    0.0335900   0.00117255
      2.98645    0.0324118   0.00110065
      2.98784    0.0328072   0.00109237
      2.98922    0.0345326   0.00110143
      2.99060    0.0365201   0.00111945
      2.99199    0.0378093   0.00114214
      2.99337    0.0331693   0.00119362
      2.99476    0.0292736   0.00123738
      2.99614    0.0298943   0.00131362
      2.99753    0.0280506   0.00134305
      2.99892    0.0246062   0.00126103
      3.00030    0.0304016   0.00114045
      3.00169    0.0324383   0.00110031
      3.00308    0.0343422   0.00120872
      3.00447    0.0348723   0.00135542
      3.00585    0.0282071   0.00151044
      3.00724    0.0308948   0.00148012
      3.00863    0.0312407   0.00126888
      3.01002    0.0299720   0.00114958
      3.01141    0.0300343   0.00112053
      3.01280    0.0285236   0.00112531
      3.01419    0.0292153   0.00110375
      3.01558    0.0301419   0.00118395
      3.01697    0.0269056   0.00135687
      3.01836    0.0270709   0.00153980
      3.01975    0.0275405   0.00169681
      3.02114    0.0288754   0.00162019
      3.02253    0.0270744   0.00142914
      3.02392    0.0291260   0.00119031
      3.02531    0.0269022   0.00111672
      3.02671    0.0280345   0.00112759
      3.02810    0.0278545   0.00114399
      3.02949    0.0276461   0.00123588
      3.03088    0.0262915   0.00128310
      3.03228    0.0212587   0.00142115
      3.03367    0.0277714   0.00146468
      3.03506    0.0303592   0.00163847
      3.03646    0.0305170   0.00180484
      3.03785    0.0332783   0.00173362
      3.03925    0.0281751   0.00158213
      3.04064    0.0263725   0.00143416
      3.04204    0.0287050   0.00133699
      3.04343    0.0269155   0.00130887
      3.04483    0.0260563   0.00133041
      3.04622    0.0288629   0.00135628
      3.04762    0.0324653   0.00145133
      3.04902    0.0302131   0.00156177
      3.05041    0.0264546   0.00174513
      3.05181    0.0210948   0.00189533
      3.05321    0.0243343   0.00207300
      3.05460    0.0280358   0.00181210
      3.05600    0.0256943   0.00145074
      3.05740    0.0262318   0.00127039
      3.05880    0.0283409   0.00114590
      3.06020    0.0288172   0.00122798
      3.06160    0.0281561   0.00123053
      3.06299    0.0290252   0.00124148
      3.06439    0.0274827   0.00127986
      3.06579    0.0286174   0.00129057
      3.06719    0.0270596   0.00132887
      3.06859    0.0277598   0.00139061
      3.06999    0.0283555   0.00141951
      3.07139    0.0275389   0.00145081
      3.07279    0.0268925   0.00129820
      3.07419    0.0274106   0.00111684
      3.07559    0.0285779   0.00103125
      3.07700    0.0291041   0.00105978
      3.07840    0.0290403   0.00116665
      3.07980    0.0266019   0.00136641
      3.08120    0.0252559   0.00143865
      3.08260    0.0280928   0.00151088
      3.08400    0.0309754   0.00131954
      3.08541    0.0287138   0.00129144
      3.08681    0.0301805   0.00123653
      3.08821    0.0296735   0.00128189
      3.08961    0.0290332   0.00125445
      3.09102    0.0306001   0.00136513
      3.09242    0.0299204   0.00152115
      3.09383    0.0292599   0.00156051
      3.09523    0.0295226   0.00155202
      3.09663    0.0307949   0.00145310
      3.09804    0.0300323   0.00137543
      3.09944    0.0317095   0.00122681
      3.10085    0.0314891   0.00116983
      3.10225    0.0330542   0.00123239
      3.10366    0.0334005   0.00155098
      3.10506    0.0330165   0.00158416
      3.10647    0.0346605   0.00159668
      3.10787    0.0358194   0.00149365
      3.10928    0.0279478   0.00150351
      3.11068    0.0241573   0.00150507
      3.11209    0.0332070   0.00140830
      3.11350    0.0362434   0.00125690
      3.11490    0.0383811   0.00128606
      3.11631    0.0365260   0.00110460
      3.11772    0.0362712   0.00102648
      3.11912    0.0381592  0.000959554
      3.12053    0.0403844  0.000907554
      3.12194    0.0387167  0.000973452
      3.12335    0.0394121   0.00120491
      3.12475    0.0403607   0.00149438
      3.12616    0.0389386   0.00152870
      3.12757    0.0423013   0.00147300
      3.12898    0.0428464   0.00118793
      3.13039    0.0439329   0.00100919
      3.13180    0.0441267  0.000956190
      3.13321    0.0441486  0.000903966
      3.13461    0.0468379  0.000916714
      3.13602    0.0462739  0.000960440
      3.13743    0.0466720   0.00109138
      3.13884    0.0464624   0.00121145
      3.14025    0.0493355   0.00116636
      3.14166    0.0504859   0.00104523
      3.14307    0.0506579   0.00113166
      3.14448    0.0554731   0.00121295
      3.14589    0.0547551   0.00128920
      3.14730    0.0540833   0.00122664
      3.14871    0.0543062   0.00100975
      3.15012    0.0569898  0.000945226
      3.15153    0.0580906  0.000957371
      3.15295    0.0625073  0.000998396
      3.15436    0.0619870   0.00106570
      3.15577    0.0631469   0.00102297
      3.15718    0.0651251   0.00100069
      3.15859    0.0655306  0.000967399
      3.16000    0.0670097  0.000918602
      3.16141    0.0693181  0.000859690
      3.16283    0.0700109  0.000849950
      3.16424    0.0720813  0.000881279
      3.16565    0.0718630  0.000867232
      3.16706    0.0744631  0.000898537
      3.16848    0.0766520  0.000878799
      3.16989    0.0786763  0.000881583
      3.17130    0.0786988  0.000922153
      3.17271    0.0807371  0.000930977
      3.17413    0.0820491  0.000956196
      3.17554    0.0855832  0.000941655
      3.17695    0.0880255  0.000893416
      3.17837    0.0891017  0.000912867
      3.17978    0.0915390  0.000921472
      3.18120    0.0938872  0.000986708
      3.18261    0.0942900   0.00100688
      3.18402    0.0938689  0.000990108
      3.18544    0.0997047  0.000969063
      3.18685     0.102237  0.000942941
      3.18827     0.102539   0.00102316
      3.18968     0.104451   0.00113199
      3.19109     0.107158   0.00135116
      3.19251     0.109061   0.00143217
      3.19392     0.113995   0.00119563
      3.19534     0.119741   0.00125428
      3.19675     0.118419   0.00144734
      3.19817     0.118717   0.00174900
      3.19958     0.122967   0.00187457
      3.20100     0.132347   0.00179636
      3.20242     0.126541   0.00183313
      3.20383     0.127919   0.00159946
      3.20525     0.134344   0.00188868
      3.20666     0.134538   0.00205760
      3.20808     0.136350   0.00239439
      3.20949     0.142300   0.00269532
      3.21091     0.143424   0.00268659
      3.21233     0.148955   0.00229626
      3.21374     0.151681   0.00178735
      3.21516     0.148170   0.00163197
      3.21658     0.146200   0.00157534
      3.21799     0.159503   0.00150023
      3.21941     0.162348   0.00149823
      3.22083     0.168598   0.00184697
      3.22224     0.159104   0.00221043
      3.22366     0.164590   0.00278216
      3.22508     0.175294   0.00221432
      3.22649     0.171192   0.00193658
      3.22791     0.175220   0.00185743
      3.22933     0.174265   0.00225690
      3.23075     0.166451   0.00212046
      3.23216     0.177916   0.00145578
      3.23358     0.184634   0.00107680
      3.23500     0.185952  0.000947479
      3.23642     0.188748  0.000991779
      3.23783     0.188214   0.00108596
      3.23925     0.187378   0.00119859
      3.24067     0.194509   0.00128393
      3.24209     0.202806   0.00134106
      3.24351     0.205250   0.00156799
      3.24492     0.207610   0.00171979
      3.24634     0.215177   0.00202322
      3.24776     0.209185   0.00218268
      3.24918     0.210090   0.00165694
      3.25060     0.213680   0.00132721
      3.25202     0.220333   0.00104996
      3.25343     0.223927  0.000907385
      3.25485     0.225277  0.000860420
      3.25627     0.230925  0.000904973
      3.25769     0.238984   0.00109419
      3.25911     0.240697   0.00130363
      3.26053     0.237280   0.00171023
      3.26195     0.233300   0.00193987
      3.26337     0.243308   0.00146932
      3.26478     0.258493   0.00120819
      3.26620     0.262125   0.00112773
      3.26762     0.266441   0.00126454
      3.26904     0.265121   0.00142981
      3.27046     0.259992   0.00173804
      3.27188     0.260577   0.00159271
      3.27330     0.273712   0.00124146
      3.27472     0.283160   0.00106322
      3.27614     0.284861  0.000991010
      3.27756     0.285694   0.00103602
      3.27898     0.285136   0.00116762
      3.28040     0.286275   0.00120200
      3.28182     0.292926   0.00105899
      3.28324     0.303034  0.000911230
      3.28466     0.304496  0.000843222
      3.28608     0.305340  0.000817118
      3.28750     0.311198  0.000820705
      3.28892     0.318062  0.000848519
      3.29034     0.326261  0.000928266
      3.29176     0.331391  0.000997944
      3.29318     0.345358   0.00115335
      3.29460     0.360755   0.00140272
      3.29602     0.377254   0.00165447
      3.29744     0.383726   0.00183496
      3.29886     0.372651   0.00205622
      3.30028     0.374252   0.00172851
      3.30170     0.380644   0.00134023
      3.30312     0.386506   0.00115960
      3.30454     0.379322   0.00110746
      3.30596     0.376896   0.00110233
      3.30738     0.388430   0.00107876
      3.30880     0.394101   0.00107959
      3.31022     0.403059   0.00125881
      3.31164     0.421451   0.00162685
      3.31306     0.430831   0.00238887
      3.31448     0.419699   0.00463003
      3.31590     0.438797    0.0107906
      3.31732     0.480251    0.0108639
      3.31874     0.465400   0.00686579
      3.32017     0.446965   0.00441085
      3.32159     0.450189   0.00262545
      3.32301     0.445471   0.00190061
      3.32443     0.465222   0.00134279
      3.32585     0.466290   0.00130367
      3.32727     0.457059   0.00118063
      3.32869     0.449074   0.00121077
      3.33011     0.452961   0.00112461
      3.33153     0.470857  0.000966987
      3.33295     0.475114  0.000902404
      3.33437     0.474418  0.000880658
      3.33579     0.479749  0.000896772
      3.33722     0.491965  0.000977045
      3.33864     0.494586   0.00105020
      3.34006     0.487340   0.00111082
      3.34148     0.500252   0.00107479
      3.34290     0.518494   0.00102601
      3.34432     0.528765   0.00106200
      3.34574     0.517026   0.00112320
      3.34716     0.514535   0.00110850
      3.34858     0.531108   0.00106440
      3.35000     0.544861  0.000917019
      3.35143     0.547122  0.000920285
      3.35285     0.553031  0.000950202
      3.35427     0.562633   0.00101845
      3.35569     0.563528   0.00110878
      3.35711     0.556763   0.00122391
      3.35853     0.567434   0.00114932
      3.35995     0.584768   0.00104999
      3.36137     0.586912   0.00101295
      3.36279     0.581205   0.00101136
      3.36421     0.586787  0.000970423
      3.36564     0.600712  0.000932837
      3.36706     0.610553   0.00101090
      3.36848     0.609387   0.00111067
      3.36990     0.607549   0.00109998
      3.37132     0.614117   0.00104515
      3.37274     0.622452  0.000934406
      3.37416     0.628408  0.000902676
      3.37558     0.632318  0.000894402
      3.37700     0.635691  0.000889920
      3.37843     0.645258   0.00101939
      3.37985     0.652480   0.00103046
      3.38127     0.646743   0.00114241
      3.38269     0.652164   0.00106992
      3.38411     0.661058  0.000992424
      3.38553     0.661824  0.000931154
      3.38695     0.662449  0.000878042
      3.38837     0.670488  0.000856185
      3.38979     0.677983  0.000901604
      3.39121     0.679733   0.00101967
      3.39264     0.677939   0.00109328
      3.39406     0.677676   0.00108464
      3.39548     0.684678  0.000924512
      3.39690     0.687425  0.000851778
      3.39832     0.686744  0.000809400
      3.39974     0.684488  0.000809888
      3.40116     0.694377  0.000826759
      3.40258     0.707257  0.000954809
      3.40400     0.705593   0.00114582
      3.40542     0.695339   0.00120803
      3.40684     0.705996   0.00109810
      3.40827     0.716345   0.00105337
      3.40969     0.710155  0.000986951
      3.41111     0.711313  0.000966401
      3.41253     0.725501  0.000914327
      3.41395     0.737283  0.000958320
      3.41537     0.739383   0.00103793
      3.41679     0.727125   0.00109844
      3.41821     0.734239   0.00101130
      3.41963     0.747169  0.000909901
      3.42105     0.748854  0.000860691
      3.42247     0.749378  0.000814176
      3.42389     0.755963  0.000847832
      3.42531     0.766527  0.000893723
      3.42673     0.773118  0.000971542
      3.42815     0.770736   0.00115678
      3.42957     0.763999   0.00106736
      3.43099     0.767927  0.000922353
      3.43241     0.783465  0.000846304
      3.43384     0.787711  0.000811646
      3.43526     0.787471  0.000816052
      3.43668     0.792005  0.000824052
      3.43810     0.798054  0.000835886
      3.43952     0.806471  0.000874666
      3.44094     0.801426  0.000966086
      3.44236     0.802939  0.000961356
      3.44378     0.813773  0.000897493
      3.44520     0.822717  0.000782082
      3.44662     0.822793  0.000759445
      3.44804     0.819834  0.000799792
      3.44946     0.827737  0.000823528
      3.45088     0.837518  0.000828160
      3.45230     0.840108  0.000881098
      3.45372     0.839107  0.000939589
      3.45514     0.840825  0.000904933
      3.45656     0.843874  0.000824663
      3.45798     0.850269  0.000813884
      3.45939     0.853414  0.000779324
      3.46081     0.865668  0.000753263
      3.46223     0.869852  0.000743299
      3.46365     0.874514  0.000771873
      3.46507     0.880763  0.000772920
      3.46649     0.878353  0.000816073
      3.46791     0.882688  0.000829253
      3.46933     0.891950  0.000807241
      3.47075     0.894514  0.000724850
      3.47217     0.896146  0.000760546
      3.47359     0.899284  0.000790359
      3.47501     0.905746  0.000773653
      3.47643     0.908024  0.000773059
      3.47785     0.914285  0.000768074
      3.47927     0.923421  0.000815326
      3.48069     0.931055  0.000853160
      3.48210     0.934495  0.000741871
      3.48352     0.939587  0.000776697
      3.48494     0.949674  0.000774672
      3.48636     0.957143  0.000729098
      3.48778     0.961092  0.000715875
      3.48920     0.965609  0.000795262
      3.49062     0.972787  0.000785787
      3.49204     0.978584  0.000791712
      3.49345     0.987351  0.000799318
      3.49487     0.989882  0.000757728
      3.49629     0.995208  0.000729414
      3.49771      1.00089  0.000724265
      3.49913      1.01035  0.000708887
      3.50055      1.01481  0.000752928
      3.50197      1.02323  0.000759263
      3.50338      1.03004  0.000761450
      3.50480      1.03575  0.000748211
      3.50622      1.04249  0.000800597
      3.50764      1.05312  0.000717490
      3.50906      1.05922  0.000755561
      3.51047      1.06570  0.000750317
      3.51189      1.07231  0.000730751
      3.51331      1.07649  0.000725456
      3.51473      1.08384  0.000735659
      3.51615      1.09242  0.000739659
      3.51756      1.10073  0.000741145
      3.51898      1.10619  0.000741793
      3.52040      1.11212  0.000757416
      3.52182      1.12054  0.000703762
      3.52323      1.12844  0.000687961
      3.52465      1.13674  0.000750921
      3.52607      1.14392  0.000760822
      3.52749      1.14663  0.000746919
      3.52890      1.15550  0.000775474
      3.53032      1.16881  0.000779306
      3.53174      1.17834  0.000771769
      3.53315      1.18891  0.000749011
      3.53457      1.19673  0.000730672
      3.53599      1.20098  0.000751332
      3.53741      1.21136  0.000756596
      3.53882      1.22759  0.000813677
      3.54024      1.23911  0.000804678
      3.54166      1.23604  0.000814114
      3.54307      1.24527  0.000751994
      3.54449      1.25863  0.000798007
      3.54591      1.26662  0.000778075
      3.54732      1.27101  0.000809481
      3.54874      1.28205  0.000783339
      3.55016      1.29074  0.000793536
      3.55157      1.29231  0.000755230
      3.55299      1.30783  0.000739000
      3.55440      1.31317  0.000742225
      3.55582      1.32132  0.000812394
      3.55724      1.33239  0.000739011
      3.55865      1.34179  0.000756914
      3.56007      1.35649  0.000793952
      3.56148      1.36293  0.000737240
      3.56290      1.37357  0.000731353
      3.56432      1.38853  0.000731753
      3.56573      1.39619  0.000789650
      3.56715      1.40357  0.000758545
      3.56856      1.41290  0.000784021
      3.56998      1.42461  0.000815214
      3.57139      1.43562  0.000809667
      3.57281      1.44815  0.000783470
      3.57422      1.46262  0.000787443
      3.57564      1.46856  0.000763232
      3.57705      1.47361  0.000775092
      3.57847      1.48458  0.000785702
      3.57988      1.49166  0.000757064
      3.58130      1.49788  0.000781283
      3.58271      1.51148  0.000775330
      3.58413      1.52593  0.000760809
      3.58554      1.53151  0.000784321
      3.58696      1.53238  0.000772636
      3.58837      1.53801  0.000733546
      3.58979      1.55130  0.000788328
      3.59120      1.56432  0.000769558
      3.59262      1.56761  0.000769672
      3.59403      1.56490  0.000784582
      3.59545      1.57453  0.000782513
      3.59686      1.58650  0.000714953
      3.59827      1.58970  0.000706270
      3.59969      1.59319  0.000746143
      3.60110      1.60175  0.000741472
      3.60252      1.61212  0.000807465
      3.60393      1.62477  0.000834243
      3.60534      1.63705  0.000818263
      3.60676      1.64780  0.000810500
      3.60817      1.64842  0.000828534
      3.60959      1.65443  0.000780240
      3.61100      1.66410  0.000826215
      3.61241      1.67391  0.000794827
      3.61383      1.67715  0.000781533
      3.61524      1.67975  0.000808756
      3.61665      1.68967  0.000826403
      3.61807      1.69804  0.000793453
      3.61948      1.70632  0.000788915
      3.62089      1.71526  0.000768929
      3.62230      1.72298  0.000774787
      3.62372      1.73350  0.000773734
      3.62513      1.74612  0.000824222
      3.62654      1.75127  0.000789887
      3.62796      1.75274  0.000796475
      3.62937      1.76191  0.000812506
      3.63078      1.77879  0.000779648
      3.63219      1.79625  0.000768848
      3.63361      1.79245  0.000795626
      3.63502      1.79538  0.000805943
      3.63643      1.80204  0.000773230
      3.63784      1.81093  0.000779059
      3.63926      1.81954  0.000734315
      3.64067      1.82572  0.000731149
      3.64208      1.83248  0.000747413
      3.64349      1.85262  0.000753946
      3.64490      1.86183  0.000764041
      3.64632      1.85948  0.000752673
      3.64773      1.87011  0.000814083
      3.64914      1.88147  0.000801197
      3.65055      1.89095  0.000765307
      3.65196      1.89623  0.000767626
      3.65337      1.90144  0.000733895
      3.65478      1.90751  0.000736745
      3.65620      1.91476  0.000726598
      3.65761      1.91864  0.000748463
      3.65902      1.92959  0.000761124
      3.66043      1.93634  0.000750827
      3.66184      1.94490  0.000758052
      3.66325      1.96169  0.000763698
      3.66466      1.97148  0.000761213
      3.66607      1.97888  0.000774010
      3.66748      1.99393  0.000807335
      3.66889      1.99162  0.000783674
      3.67031      1.99488  0.000752917
      3.67172      2.00509  0.000841914
      3.67313      2.00504  0.000836250
      3.67454      2.01975  0.000794164
      3.67595      2.02395  0.000846094
      3.67736      2.03842  0.000854276
      3.67877      2.05247  0.000779441
      3.68018      2.05876  0.000762608
      3.68159      2.06395  0.000773047
      3.68300      2.07155  0.000802440
      3.68441      2.08039  0.000733673
      3.68582      2.08730  0.000788866
      3.68723      2.09667  0.000781332
      3.68864      2.11114  0.000775218
      3.69005      2.12643  0.000763000
      3.69146      2.13627  0.000814796
      3.69287      2.13888  0.000809962
      3.69428      2.14508  0.000802157
      3.69569      2.15220  0.000771298
      3.69709      2.16193  0.000792854
      3.69850      2.16956  0.000805431
      3.69991      2.17583  0.000792438
      3.70132      2.18874  0.000809509
      3.70273      2.19382  0.000775910
      3.70414      2.19997  0.000829800
      3.70555      2.19810  0.000820024
      3.70696      2.20428  0.000811461
      3.70837      2.21057  0.000785394
      3.70978      2.21753  0.000781254
      3.71118      2.22633  0.000847585
      3.71259      2.22884  0.000865221
      3.71400      2.23492  0.000806950
      3.71541      2.23582  0.000787141
      3.71682      2.24211  0.000808887
      3.71823      2.25736  0.000764529
      3.71964      2.26118  0.000844386
      3.72104      2.26563  0.000796122
      3.72245      2.27869  0.000807137
      3.72386      2.29131  0.000810765
      3.72527      2.30173  0.000777552
      3.72668      2.31123  0.000840595
      3.72808      2.32389  0.000834454
      3.72949      2.33760  0.000878060
      3.73090      2.35009  0.000864733
      3.73231      2.36513  0.000814885
      3.73372      2.38679  0.000873318
      3.73512      2.41922  0.000872789
      3.73653      2.45709  0.000883690
      3.73794      2.51707  0.000851699
      3.73935      2.57577  0.000859927
      3.74075      2.60307  0.000924127
      3.74216      2.58999  0.000855934
      3.74357      2.54265  0.000833084
      3.74497      2.50247  0.000818606
      3.74638      2.47997  0.000769839
      3.74779      2.47099  0.000840183
      3.74920      2.46476  0.000856273
      3.75060      2.46200  0.000797686
      3.75201      2.45871  0.000865266
      3.75342      2.46345  0.000910741
      3.75482      2.46689  0.000846896
      3.75623      2.47416  0.000812998
      3.75764      2.48018  0.000896149
      3.75904      2.48281  0.000808404
      3.76045      2.48755  0.000876541
      3.76186      2.49294  0.000834310
      3.76326      2.49927  0.000849418
      3.76467      2.50090  0.000849596
      3.76608      2.50716  0.000847596
      3.76748      2.51778  0.000816667
      3.76889      2.52218  0.000831975
      3.77029      2.52999  0.000882392
      3.77170      2.54286  0.000822323
      3.77311      2.54929  0.000862531
      3.77451      2.55890  0.000921710
      3.77592      2.56697  0.000804254
      3.77732      2.57372  0.000951839
      3.77873      2.58068  0.000847848
      3.78014      2.58781  0.000802062
      3.78154      2.59230  0.000830625
      3.78295      2.58988  0.000875643
      3.78435      2.59620  0.000893222
      3.78576      2.61314  0.000829274
      3.78716      2.62911  0.000879360
      3.78857      2.63377  0.000864238
      3.78998      2.64239  0.000912714
      3.79138      2.65284  0.000844718
      3.79279      2.65922  0.000880852
      3.79419      2.66589  0.000881912
      3.79560      2.67485  0.000916781
      3.79700      2.67950  0.000891559
      3.79841      2.68916  0.000849857
      3.79981      2.69757  0.000881393
      3.80122      2.70385  0.000888220
      3.80262      2.71456  0.000911378
      3.80403      2.71551  0.000965182
      3.80543      2.72445  0.000941803
      3.80684      2.73421  0.000910799
      3.80824      2.74085  0.000911157
      3.80965      2.75586  0.000925226
      3.81105      2.76695  0.000926876
      3.81246      2.77197  0.000973808
      3.81386      2.78342  0.000950524
      3.81527      2.79796  0.000952734
      3.81667      2.81551  0.000906776
      3.81807      2.83707  0.000946806
      3.81948      2.83343  0.000941249
      3.82088      2.83435  0.000911648
      3.82229      2.84409  0.000926525
      3.82369      2.83595  0.000973069
      3.82510      2.82516  0.000923994
      3.82650      2.82833  0.000950832
      3.82791      2.83221  0.000976406
      3.82931      2.83937  0.000980064
      3.83071      2.85496  0.000985882
      3.83212      2.85678  0.000914702
      3.83352      2.84989  0.000971352
      3.83493      2.85869  0.000952821
      3.83633      2.87330  0.000955809
      3.83773      2.88383  0.000957801
      3.83914      2.88272  0.000951598
      3.84054      2.87966  0.000969009
      3.84195      2.88361  0.000983804
      3.84335      2.89170  0.000944307
      3.84475      2.89576  0.000940090
      3.84616      2.89854  0.000924443
      3.84756      2.90820  0.000998670
      3.84897      2.91436  0.000991038
      3.85037      2.91932   0.00103121
      3.85177      2.91916  0.000997002
      3.85318      2.92684  0.000989409
      3.85458      2.93569  0.000952752
      3.85598      2.94008  0.000961005
      3.85739      2.95408  0.000920702
      3.85879      2.98697  0.000978602
      3.86020      2.97946   0.00104760
      3.86160      2.97595   0.00102468
      3.86300      2.98267  0.000999538
      3.86441      2.99149   0.00111821
      3.86581      3.00302   0.00108653
      3.86721      3.01762   0.00112668
      3.86862      3.01723   0.00110192
      3.87002      3.02234   0.00104119
      3.87142      3.03231   0.00107184
      3.87283      3.04329   0.00115709
      3.87423      3.05089   0.00106275
      3.87563      3.06380   0.00111153
      3.87704      3.07323   0.00120812
      3.87844      3.07693   0.00122615
      3.87984      3.08240   0.00118759
      3.88125      3.09079   0.00117837
      3.88265      3.09680   0.00114364
      3.88405      3.10479   0.00112801
      3.88546      3.10870   0.00108554
      3.88686      3.11790   0.00111948
      3.88826      3.12350   0.00113904
      3.88966      3.13182   0.00116552
      3.89107      3.13965   0.00110222
      3.89247      3.14985   0.00109139
      3.89387      3.16521   0.00109879
      3.89528      3.16900   0.00110754
      3.89668      3.17978   0.00106099
      3.89808      3.18807   0.00102883
      3.89949      3.20547   0.00106564
      3.90089      3.22215   0.00103671
      3.90229      3.23002   0.00109304
      3.90370      3.24874  0.000993353
      3.90510      3.26921   0.00100358
      3.90650      3.29168   0.00109343
      3.90791      3.29432   0.00114772
      3.90931      3.29494   0.00116383
      3.91071      3.29583   0.00120585
      3.91211      3.30198   0.00108170
      3.91352      3.30000   0.00117153
      3.91492      3.28630   0.00113980
      3.91632      3.28735   0.00113709
      3.91773      3.28327   0.00111361
      3.91913      3.29274   0.00114390
      3.92053      3.30953   0.00110693
      3.92194      3.31464   0.00108160
      3.92334      3.30840   0.00116438
      3.92474      3.30960   0.00122615
      3.92615      3.32379   0.00122209
      3.92755      3.33273   0.00114567
      3.92895      3.34297   0.00116090
      3.93035      3.36823   0.00113161
      3.93176      3.36179   0.00107250
      3.93316      3.34945   0.00110619
      3.93456      3.35151   0.00113777
      3.93597      3.35277   0.00121328
      3.93737      3.35561   0.00120196
      3.93877      3.36234   0.00122364
      3.94018      3.33543   0.00109440
      3.94158      3.35670   0.00111433
      3.94298      3.37638   0.00119757
      3.94439      3.37882   0.00109568
      3.94579      3.38359  0.000990457
      3.94719      3.38587   0.00111270
      3.94860      3.38296   0.00117308
      3.95000      3.39466   0.00116249
      3.95140      3.39890   0.00108941
      3.95281      3.39653   0.00107067
      3.95421      3.40616   0.00113057
      3.95561      3.41506   0.00109145
      3.95702      3.42384   0.00126320
      3.95842      3.42609   0.00118260
      3.95982      3.42949   0.00115732
      3.96123      3.44361   0.00116793
      3.96263      3.45596   0.00116027
      3.96403      3.44680   0.00109924
      3.96544      3.44566   0.00117847
      3.96684      3.45367   0.00121378
      3.96824      3.44911   0.00111975
      3.96965      3.46772   0.00116428
      3.97105      3.48318   0.00112682
      3.97245      3.49322   0.00113575
      3.97386      3.49857   0.00114663
      3.97526      3.50136   0.00118286
      3.97667      3.52771   0.00119479
      3.97807      3.50814   0.00119548
      3.97947      3.51776   0.00112039
      3.98088      3.52758   0.00113212
      3.98228      3.53684   0.00113416
      3.98369      3.53754   0.00109205
      3.98509      3.54578   0.00115637
      3.98649      3.54263   0.00111599
      3.98790      3.53612   0.00119589
      3.98930      3.56422   0.00112903
      3.99071      3.57264   0.00112140
      3.99211      3.58209   0.00125829
      3.99351      3.58503   0.00114967
      3.99492      3.58361   0.00121860
      3.99632      3.59537   0.00126085
      3.99773      3.60399   0.00123902
      3.99913      3.61960   0.00123788
      4.00054      3.63236   0.00127278
      4.00194      3.64311   0.00121501
      4.00335      3.65612   0.00128217
      4.00475      3.66978   0.00127715
      4.00615      3.66857   0.00130583
      4.00756      3.68058   0.00129821
      4.00896      3.69219   0.00130669
      4.01037      3.71239   0.00133909
      4.01177      3.72627   0.00125656
      4.01318      3.74452   0.00131139
      4.01458      3.76143   0.00130961
      4.01599      3.78500   0.00130356
      4.01739      3.80277   0.00129758
      4.01880      3.80136   0.00121469
      4.02020      3.82218   0.00134222
      4.02161      3.84107   0.00137990
      4.02302      3.83281   0.00143729
      4.02442      3.82722   0.00136247
      4.02583      3.82821   0.00134349
      4.02723      3.83296   0.00146532
      4.02864      3.82996   0.00146620
      4.03004      3.81150   0.00137000
      4.03145      3.80565   0.00156412
      4.03286      3.81349   0.00156171
      4.03426      3.80344   0.00152460
      4.03567      3.82410   0.00144476
      4.03707      3.83658   0.00147910
      4.03848      3.83480   0.00146457
      4.03989      3.84561   0.00138558
      4.04129      3.85519   0.00144796
      4.04270      3.86261   0.00151355
      4.04411      3.89913   0.00157159
      4.04551      3.95294   0.00155645
      4.04692      4.01581   0.00157254
      4.04833      4.13153   0.00167251
      4.04973      4.24930   0.00162550
      4.05114      4.38950   0.00178378
      4.05255      4.44208   0.00193874
      4.05395      4.39247   0.00178790
      4.05536      4.24238   0.00174536
      4.05677      4.10056   0.00155454
      4.05817      4.01209   0.00167199
      4.05958      3.97306   0.00162509
      4.06099      3.94791   0.00153961
      4.06240      3.93665   0.00167062
      4.06381      3.93545   0.00166536
      4.06521      3.93644   0.00164768
      4.06662      3.93734   0.00158036
      4.06803      3.93152   0.00164458
      4.06944      3.92361   0.00156260
      4.07085      3.94826   0.00177984
      4.07225      3.95622   0.00165606
      4.07366      3.95200   0.00165504
      4.07507      3.95353   0.00172566
      4.07648      3.96388   0.00160062
      4.07789      3.97362   0.00162358
      4.07930      4.00488   0.00194893
      4.08071      3.99609   0.00170773
      4.08212      3.95451   0.00173529
      4.08352      3.95177   0.00184968
      4.08493      4.10903   0.00195491
      4.08634      4.05841   0.00181401
      4.08775      4.05201   0.00180535
      4.08916      4.04165   0.00189696
      4.09057      4.05234   0.00186473
      4.09198      4.10153   0.00193974
      4.09339      4.09065   0.00187276
      4.09480      4.07702   0.00187180
      4.09621      4.08263   0.00183764
      4.09762      4.08841   0.00196114
      4.09903      4.08514   0.00186708
      4.10044      4.10618   0.00192875
      4.10185      4.12448   0.00193453
      4.10327      4.13212   0.00196054
      4.10468      4.12504   0.00186706
      4.10609      4.12886   0.00204606
      4.10750      4.15337   0.00191958
      4.10891      4.15724   0.00191886
      4.11032      4.15878   0.00205643
      4.11173      4.17020   0.00195632
      4.11315      4.19135   0.00202375
      4.11456      4.19875   0.00205788
      4.11597      4.21812   0.00215160
      4.11738      4.23317   0.00204836
      4.11879      4.24041   0.00202774
      4.12021      4.25567   0.00213452
      4.12162      4.26652   0.00197447
      4.12303      4.25926   0.00217949
      4.12444      4.27481   0.00202015
      4.12586      4.28136   0.00199959
      4.12727      4.28521   0.00206144
      4.12868      4.30102   0.00230864
      4.13010      4.33310   0.00232609
      4.13151      4.38819   0.00239852
      4.13293      4.40178   0.00237624
      4.13434      4.37590   0.00233803
      4.13575      4.35283   0.00236567
      4.13717      4.34932   0.00241443
      4.13858      4.35606   0.00226484
      4.14000      4.37317   0.00210027
      4.14141      4.40328   0.00209206
      4.14283      4.43405   0.00252440
      4.14424      4.43348   0.00245484
      4.14566      4.40721   0.00230800
      4.14707      4.41558   0.00244577
      4.14849      4.44813   0.00248672
      4.14990      4.46109   0.00249955
      4.15132      4.48854   0.00269875
      4.15274      4.49403   0.00249538
      4.15415      4.49907   0.00266755
      4.15557      4.50591   0.00255611
      4.15699      4.54242   0.00271853
      4.15840      4.52911   0.00288020
      4.15982      4.52669   0.00285663
      4.16124      4.57738   0.00276299
      4.16265      4.61415   0.00290477
      4.16407      4.66127   0.00319538
      4.16549      4.67345   0.00320953
      4.16691      4.69052   0.00322362
      4.16832      4.73721   0.00335636
      4.16974      4.76925   0.00380262
      4.17116      4.84536   0.00393710
      4.17258      4.85007   0.00392076
      4.17400      4.87459   0.00420464
      4.17542      4.87187   0.00400310
      4.17684      4.89002   0.00426969
      4.17826      4.87675   0.00439480
      4.17968      4.87964   0.00490818
      4.18110      4.89488   0.00590441
      4.18252      4.92032   0.00633265
      4.18394      4.91755   0.00801568
      4.18536      4.89753    0.0110152
      4.18678      4.90914    0.0126196
      4.18820      4.95085    0.0220300
      4.18962      5.01124    0.0371339
      4.19104      5.01276    0.0669699
      4.19246      4.99062     0.126970
      4.19388      4.73684     0.382565
      4.19531      3.54982     0.864782
      4.19673      5.10552      2.55275
      4.19815      14.7990      117.471
      4.19957      2.93802      1.09448
      4.20100      8.68766      10.1607
      4.20242      4.02220      2.77838
      4.20384     0.256895      1.39584
      4.20527     -7.48595      5.41996
      4.20669     -5.24663      1.69894
      4.20811      6.64186      5.13082
      4.20954      2.05138      1.23148
      4.21096      2.42858      1.28384
      4.21239    -0.178859      2.85927
      4.21381    -0.127200      2.06688
      4.21524      4.08343      5.06984
      4.21666    -0.247592      5.23275
      4.21809    0.0593953     0.302891
      4.21951     0.608727      1.32267
      4.22094      2.21373      7.50924
      4.22236      0.00000    0.0942215
