SOURCE  = SVS 4-12                      / Source name
STANDARD= BS 6629                       / Standard name
OBSDATE = 08-07-2003                    / Date of observation
SPOS    =                               / Source position RA,DEC,J2000
STPOS   =                               / Standard position RA,DEC,J2000
STSPT   = A0V                           / Standard spectral type
STTEFF  = 10800                         / Standard effective temperature [K]
STMAG   = 3.45                          / Standard magnitude (adopted)
WAVEZP  = 3.45                          / Wavelength zero point [micron]
FLUXZP  = 290                           / Flux zero point [Jy]
SAIRM   =                               / Source mean airmass
STAIRM  =                               / Standard mean airmass
AIRMCORR=                               / Optimal (adopted) airmass correction
SPECRES = ~1200                         / Spectral resolution

Created by K. M. Pontoppidan             Tue Oct  7 02:19:19 2003

Wavelength [micron] Flux [Jy] Statistical Error [Jy]

      2.79761      0.00000      3.16919
      2.79903    -0.646087      3.10587
      2.80045    -0.553574      3.09090
      2.80187    -0.464835      3.09069
      2.80328     0.140068      2.95802
      2.80470     0.330240      2.49831
      2.80612     0.446575      1.07047
      2.80754     0.447526     0.395385
      2.80895   -0.0260657     0.162357
      2.81037   -0.0328310    0.0793358
      2.81179   -0.0238162    0.0415643
      2.81321    0.0140308    0.0302622
      2.81463    0.0212301    0.0387272
      2.81605   -0.0681509    0.0646671
      2.81747   -0.0433731    0.0787510
      2.81889   0.00590310     0.132551
      2.82031   -0.0844836    0.0840061
      2.82173   -0.0596988    0.0561800
      2.82315  -0.00239670    0.0203693
      2.82458   0.00769553    0.0112682
      2.82600  -0.00166322   0.00839087
      2.82742  -0.00697915   0.00772830
      2.82884  0.000569371   0.00629085
      2.83026 -0.000967629   0.00493705
      2.83169   0.00566155   0.00560367
      2.83311    0.0234317   0.00853537
      2.83453  -0.00807581    0.0215540
      2.83595   -0.0322255    0.0417068
      2.83738   -0.0215959    0.0463666
      2.83880  -0.00155542    0.0267832
      2.84023    0.0184165    0.0130173
      2.84165    0.0136914   0.00807066
      2.84307 -0.000946864   0.00516179
      2.84450  -0.00792024   0.00395518
      2.84592   0.00913121   0.00391669
      2.84735    0.0163406   0.00592696
      2.84877    0.0139899   0.00845298
      2.85020    0.0206395   0.00921273
      2.85163   0.00758346   0.00743848
      2.85305   -0.0185893   0.00867079
      2.85448  -0.00845204    0.0154771
      2.85590    0.0101529    0.0132783
      2.85733  0.000200297   0.00699888
      2.85876  -0.00419402   0.00502044
      2.86019  5.55787e-05   0.00485088
      2.86161  0.000508509   0.00418100
      2.86304   0.00781736   0.00346093
      2.86447   0.00586262   0.00309082
      2.86590   0.00165082   0.00323341
      2.86732   0.00111382   0.00349373
      2.86875  -0.00148374   0.00433385
      2.87018   0.00291668   0.00493089
      2.87161    0.0373250   0.00516922
      2.87304    0.0178389   0.00482240
      2.87447   0.00168979   0.00361700
      2.87590  -0.00196143   0.00271702
      2.87733  -0.00145561   0.00257281
      2.87876  0.000521211   0.00271244
      2.88019   0.00162541   0.00260201
      2.88162  0.000679830   0.00255405
      2.88305   0.00109885   0.00248772
      2.88448  0.000501376   0.00272865
      2.88591   0.00177297   0.00274591
      2.88734  0.000323211   0.00293056
      2.88877   0.00147627   0.00336854
      2.89020   0.00342348   0.00301420
      2.89163   0.00358689   0.00270851
      2.89307 -0.000756785   0.00231650
      2.89450  -0.00265066   0.00200115
      2.89593 -0.000426217   0.00177220
      2.89736 -0.000151644   0.00184608
      2.89879   0.00134795   0.00199714
      2.90023  -0.00169515   0.00270468
      2.90166  -0.00268798   0.00362539
      2.90309  0.000737704   0.00381385
      2.90453   0.00267383   0.00348505
      2.90596   0.00142500   0.00327490
      2.90739  9.77214e-05   0.00269399
      2.90883 -0.000200687   0.00237483
      2.91026   0.00382721   0.00194341
      2.91169   0.00206025   0.00182246
      2.91313  -0.00125088   0.00193319
      2.91456  -0.00169202   0.00207810
      2.91600  -0.00200195   0.00203418
      2.91743 -0.000764465   0.00197866
      2.91887 -0.000839099   0.00187354
      2.92030   0.00157553   0.00188919
      2.92174  1.27381e-05   0.00244597
      2.92317  0.000541448   0.00310163
      2.92461 -0.000248557   0.00337354
      2.92604  9.20985e-05   0.00234833
      2.92748   0.00192182   0.00191445
      2.92891  1.80255e-05   0.00171652
      2.93035  0.000132915   0.00163406
      2.93179   0.00268698   0.00168938
      2.93322  0.000559635   0.00167778
      2.93466 -0.000971966   0.00167708
      2.93609 -0.000147153   0.00157738
      2.93753 -0.000282660   0.00171152
      2.93897  -0.00286654   0.00189692
      2.94041   0.00600658   0.00195209
      2.94184   0.00334617   0.00191998
      2.94328  0.000339952   0.00209545
      2.94472  0.000545155   0.00210696
      2.94616 -0.000585265   0.00210603
      2.94759  -0.00217472   0.00214089
      2.94903 -0.000858456   0.00188115
      2.95047  0.000849721   0.00175906
      2.95191   0.00228819   0.00167299
      2.95335   0.00220474   0.00180955
      2.95478  0.000240455   0.00197993
      2.95622 -0.000850498   0.00196932
      2.95766   0.00109887   0.00179324
      2.95910   0.00149706   0.00166927
      2.96054 -0.000361719   0.00164952
      2.96198 -0.000676936   0.00161335
      2.96342 -0.000333127   0.00157612
      2.96486  5.66824e-05   0.00159304
      2.96630 -0.000778338   0.00157740
      2.96773 -0.000755648   0.00174214
      2.96917  -0.00336397   0.00228692
      2.97061   0.00288522   0.00300376
      2.97205   0.00116524   0.00327348
      2.97349  0.000381473   0.00311070
      2.97493   0.00266246   0.00266212
      2.97637  0.000817912   0.00243233
      2.97781  0.000628101   0.00216983
      2.97926  0.000101601   0.00207400
      2.98070  9.86326e-05   0.00224145
      2.98214 -0.000222758   0.00187634
      2.98358  0.000341399   0.00161852
      2.98502 -0.000652443   0.00152505
      2.98646  -0.00182224   0.00141902
      2.98790 -0.000798195   0.00142714
      2.98934  0.000996952   0.00138875
      2.99078   0.00196779   0.00137512
      2.99222   0.00149362   0.00143892
      2.99367  0.000277601   0.00152261
      2.99511 -0.000103312   0.00158818
      2.99655 -0.000511113   0.00170121
      2.99799  -0.00144640   0.00168142
      2.99943 -0.000949623   0.00164380
      3.00087  0.000517068   0.00151894
      3.00232 -0.000748006   0.00148590
      3.00376  -0.00102223   0.00152324
      3.00520 -0.000362979   0.00168674
      3.00664  0.000935940   0.00194374
      3.00809   0.00231181   0.00199302
      3.00953   0.00116424   0.00172917
      3.01097   0.00151563   0.00153099
      3.01241  0.000922895   0.00147152
      3.01386  0.000492560   0.00139229
      3.01530 -0.000797488   0.00151996
      3.01674 -0.000277673   0.00152159
      3.01819 -0.000127420   0.00168670
      3.01963  0.000790326   0.00194011
      3.02107   0.00134733   0.00203098
      3.02252  7.49071e-05   0.00193859
      3.02396 -0.000198503   0.00178199
      3.02540 -0.000485792   0.00154949
      3.02685   0.00157408   0.00145986
      3.02829   0.00151137   0.00134344
      3.02973  0.000433471   0.00147619
      3.03118 -0.000349400   0.00149165
      3.03262 -0.000779781   0.00167381
      3.03407 -0.000980537   0.00180722
      3.03551   0.00299049   0.00191295
      3.03695   0.00186125   0.00223160
      3.03840  -0.00114526   0.00228002
      3.03984 -0.000466455   0.00221564
      3.04129  0.000403955   0.00188064
      3.04273   0.00113280   0.00175366
      3.04418   0.00164279   0.00168835
      3.04562  0.000883821   0.00164773
      3.04706  -0.00103564   0.00178309
      3.04851  1.33492e-05   0.00178894
      3.04995   0.00225026   0.00189445
      3.05140   0.00282151   0.00213137
      3.05284   0.00146163   0.00250394
      3.05429   0.00226047   0.00270764
      3.05573 -0.000535178   0.00244024
      3.05718   0.00155161   0.00196476
      3.05862  0.000486296   0.00165824
      3.06007  -0.00229608   0.00146686
      3.06151  -0.00318709   0.00154764
      3.06296  -0.00113898   0.00160166
      3.06440 -0.000950774   0.00168794
      3.06585 -0.000205886   0.00166391
      3.06729   0.00126888   0.00170431
      3.06874  3.89103e-05   0.00168937
      3.07019  0.000101798   0.00177636
      3.07163  0.000832287   0.00175333
      3.07308  0.000858058   0.00182030
      3.07452  -0.00143107   0.00159354
      3.07597 -0.000474229   0.00147717
      3.07741   0.00133872   0.00139071
      3.07886  0.000187195   0.00142423
      3.08031  1.88412e-05   0.00158236
      3.08175   0.00179018   0.00180843
      3.08320   0.00111703   0.00194512
      3.08464  0.000598613   0.00181824
      3.08609  0.000944265   0.00170567
      3.08753  0.000256287   0.00167286
      3.08898  0.000749198   0.00163361
      3.09043  0.000392585   0.00170993
      3.09187  0.000209589   0.00175227
      3.09332 -0.000188069   0.00185557
      3.09477 -0.000214745   0.00194514
      3.09621   0.00173580   0.00192971
      3.09766   0.00205425   0.00193715
      3.09910   0.00178254   0.00169242
      3.10055  0.000774523   0.00157833
      3.10200 -0.000877787   0.00143087
      3.10344 -0.000491553   0.00155651
      3.10489  0.000800730   0.00187286
      3.10634  -0.00196459   0.00214194
      3.10778  -0.00116260   0.00202024
      3.10923 -4.03649e-05   0.00196163
      3.11068   0.00102579   0.00205513
      3.11212  5.48774e-05   0.00191731
      3.11357  0.000169758   0.00187735
      3.11502  0.000847226   0.00174286
      3.11646   0.00114713   0.00163300
      3.11791   0.00124547   0.00155720
      3.11936  0.000310376   0.00128168
      3.12080 -0.000204519   0.00127992
      3.12225 -0.000244296   0.00119574
      3.12370 -0.000544364   0.00142393
      3.12514  0.000399969   0.00162354
      3.12659 -0.000277322   0.00189775
      3.12804   0.00153958   0.00203031
      3.12948   0.00301219   0.00174119
      3.13093  0.000697432   0.00141024
      3.13238  0.000304205   0.00129773
      3.13382 -0.000175612   0.00117879
      3.13527 -2.04893e-05   0.00114419
      3.13672  0.000148888   0.00120314
      3.13816 -0.000249399   0.00131065
      3.13961 -0.000935750   0.00150629
      3.14106 -0.000676964   0.00150690
      3.14251  7.42229e-05   0.00150626
      3.14395   0.00187499   0.00139009
      3.14540   0.00134755   0.00151409
      3.14685  0.000440358   0.00164912
      3.14829 -0.000383281   0.00150692
      3.14974  2.47926e-05   0.00143898
      3.15119  0.000580401   0.00130473
      3.15263  1.17179e-05   0.00121895
      3.15408 -0.000282279   0.00119976
      3.15553   0.00103809   0.00128306
      3.15698   0.00184872   0.00131704
      3.15842   0.00122323   0.00139637
      3.15987  0.000686014   0.00120081
      3.16132  0.000861593   0.00120456
      3.16276  0.000661726   0.00114935
      3.16421  0.000215256   0.00108842
      3.16566   0.00141918   0.00116806
      3.16710 -0.000241135   0.00113184
      3.16855 -0.000538396   0.00119422
      3.17000  0.000121775   0.00121423
      3.17145  -0.00169994   0.00116065
      3.17289 -0.000643310   0.00120279
      3.17434   0.00390337   0.00119263
      3.17579   0.00294942   0.00122324
      3.17723  0.000929479   0.00120023
      3.17868 -0.000163991   0.00123602
      3.18013  0.000437411   0.00121291
      3.18158 -0.000259879   0.00119942
      3.18302  0.000923132   0.00122226
      3.18447   0.00138525   0.00130967
      3.18592   0.00134276   0.00119697
      3.18736  0.000331666   0.00119174
      3.18881   0.00108062   0.00120603
      3.19026  0.000795090   0.00134569
      3.19170  0.000215755   0.00160098
      3.19315 -8.12289e-05   0.00182653
      3.19460   0.00104697   0.00172181
      3.19604   0.00120102   0.00170086
      3.19749  0.000440647   0.00176897
      3.19894 -0.000246745   0.00194186
      3.20039   0.00218297   0.00225323
      3.20183  0.000819029   0.00226462
      3.20328  -0.00125367   0.00237149
      3.20473  -0.00120848   0.00215880
      3.20617  0.000100991   0.00225665
      3.20762   0.00333873   0.00279036
      3.20907  0.000365456   0.00296317
      3.21051  -0.00209114   0.00333465
      3.21196  0.000940760   0.00333709
      3.21341  0.000977693   0.00250982
      3.21485   0.00168220   0.00229887
      3.21630 -0.000635654   0.00197411
      3.21775  0.000733952   0.00189423
      3.21919 -0.000486170   0.00189438
      3.22064  0.000929550   0.00199573
      3.22209   0.00404854   0.00243092
      3.22353  0.000859711   0.00292983
      3.22498  0.000125830   0.00305282
      3.22643  0.000368411   0.00262599
      3.22787 -0.000793542   0.00244410
      3.22932  3.87271e-05   0.00254218
      3.23077 -0.000373339   0.00270231
      3.23221   0.00284040   0.00236454
      3.23366   0.00190767   0.00182090
      3.23510  0.000768033   0.00134069
      3.23655  5.47359e-05   0.00140454
      3.23800  -0.00158803   0.00133832
      3.23944  -0.00103733   0.00148798
      3.24089  0.000552501   0.00162798
      3.24234  0.000358960   0.00174236
      3.24378  0.000689050   0.00182166
      3.24523  0.000615634   0.00209741
      3.24668  -0.00106490   0.00253953
      3.24812   0.00134545   0.00257546
      3.24957 -0.000335960   0.00246436
      3.25101 -0.000205142   0.00191199
      3.25246 -0.000300498   0.00146655
      3.25391 -0.000756557   0.00123519
      3.25535  0.000171960   0.00119465
      3.25680  0.000822779   0.00117857
      3.25824  0.000423747   0.00151514
      3.25969  0.000939987   0.00157592
      3.26113  0.000121982   0.00201514
      3.26258 -0.000651569   0.00246873
      3.26403  -0.00182953   0.00208283
      3.26547  -0.00220758   0.00169381
      3.26692  -0.00155904   0.00154602
      3.26836 -0.000155073   0.00163613
      3.26981   0.00284917   0.00195454
      3.27125   0.00302491   0.00206158
      3.27270   0.00206813   0.00205964
      3.27415  0.000785800   0.00152449
      3.27559 -0.000556795   0.00131207
      3.27704  -0.00103993   0.00124728
      3.27848  0.000190660   0.00133691
      3.27993   0.00110613   0.00150806
      3.28137   0.00106637   0.00155074
      3.28282  0.000191114   0.00131135
      3.28426  0.000692845   0.00115489
      3.28571  0.000508324   0.00110989
      3.28715   0.00140036   0.00100542
      3.28860   0.00136024   0.00110844
      3.29004  0.000711572   0.00114012
      3.29149  0.000555513   0.00125142
      3.29293   0.00109805   0.00135054
      3.29438  0.000687011   0.00162838
      3.29582  0.000552039   0.00196895
      3.29727  0.000376397   0.00216137
      3.29871   0.00261980   0.00238763
      3.30016   0.00235446   0.00229980
      3.30160   0.00164321   0.00187085
      3.30305   0.00115629   0.00151999
      3.30449  0.000438550   0.00143076
      3.30594   0.00140455   0.00146579
      3.30738   0.00125261   0.00135428
      3.30883  0.000167839   0.00148277
      3.31027  0.000972520   0.00153461
      3.31171  0.000568547   0.00198641
      3.31316   0.00574475   0.00273644
      3.31460   0.00838807   0.00565693
      3.31605   0.00658142    0.0113457
      3.31749    0.0100568    0.0128192
      3.31894   0.00356607   0.00878488
      3.32038   0.00137326   0.00475335
      3.32182  -0.00157890   0.00362756
      3.32327 -0.000630814   0.00247034
      3.32471   0.00153528   0.00184514
      3.32616   0.00194966   0.00172499
      3.32760  0.000833169   0.00158531
      3.32904 -0.000232677   0.00156468
      3.33049   0.00112310   0.00137560
      3.33193  0.000306570   0.00119355
      3.33337  0.000124564   0.00110621
      3.33482 -0.000594700   0.00115628
      3.33626   0.00110752   0.00116695
      3.33770  0.000854437   0.00119680
      3.33915   0.00132599   0.00128692
      3.34059  0.000398397   0.00130840
      3.34203 -0.000241521   0.00141091
      3.34348  0.000947806   0.00134294
      3.34492  0.000976786   0.00143285
      3.34636   0.00132555   0.00150280
      3.34781 -0.000113232   0.00143750
      3.34925  0.000735419   0.00126012
      3.35069  0.000536902   0.00125643
      3.35214 -0.000467084   0.00120306
      3.35358  0.000221846   0.00126460
      3.35502  0.000541771   0.00140782
      3.35647   0.00118099   0.00152667
      3.35791   0.00250923   0.00161042
      3.35935   0.00143566   0.00143388
      3.36079   0.00110051   0.00142540
      3.36224 -8.34610e-05   0.00141636
      3.36368  0.000393767   0.00141560
      3.36512  0.000973293   0.00131944
      3.36656   0.00122917   0.00128948
      3.36801   0.00108760   0.00142519
      3.36945 -0.000724500   0.00146032
      3.37089 -0.000123826   0.00141048
      3.37233  0.000476531   0.00129874
      3.37377   0.00104880   0.00123835
      3.37522  0.000995381   0.00117516
      3.37666   0.00101270   0.00121458
      3.37810   0.00321103   0.00130090
      3.37954   0.00284308   0.00143513
      3.38098   0.00206441   0.00152874
      3.38243   0.00190079   0.00153488
      3.38387   0.00201635   0.00130909
      3.38531   0.00206112   0.00127515
      3.38675   0.00117093   0.00116074
      3.38819  0.000656560   0.00120035
      3.38963  0.000389641   0.00122847
      3.39108  0.000558804   0.00130196
      3.39252 -0.000115606   0.00153929
      3.39396  0.000440097   0.00136703
      3.39540  0.000620959   0.00130938
      3.39684 -0.000308035   0.00112333
      3.39828  0.000629724   0.00104589
      3.39972   0.00110924   0.00110985
      3.40116   0.00181530   0.00112801
      3.40261   0.00101621   0.00130643
      3.40405  0.000553882   0.00150721
      3.40549  0.000467085   0.00165148
      3.40693  0.000213722   0.00144700
      3.40837   0.00211638   0.00142759
      3.40981   0.00205700   0.00134355
      3.41125  0.000886842   0.00124983
      3.41269   0.00211450   0.00125844
      3.41413   0.00135041   0.00134314
      3.41557   0.00209027   0.00138265
      3.41701   0.00110635   0.00140407
      3.41845   0.00175220   0.00127984
      3.41989  0.000787146   0.00118238
      3.42133  0.000199542   0.00114175
      3.42277  0.000601213   0.00112106
      3.42421   0.00153770   0.00116413
      3.42565   0.00177834   0.00120446
      3.42709  0.000509955   0.00136571
      3.42853  8.57540e-05   0.00147442
      3.42997  0.000991739   0.00129974
      3.43141   0.00125944   0.00116200
      3.43285  0.000359777   0.00109876
      3.43429  0.000425637   0.00101274
      3.43573   0.00174271   0.00110228
      3.43717   0.00288972   0.00111845
      3.43861   0.00185825   0.00113040
      3.44005   0.00240090   0.00121575
      3.44149   0.00184974   0.00123248
      3.44293  0.000923503   0.00116958
      3.44437   0.00116802   0.00107551
      3.44581   0.00110564   0.00107700
      3.44725   0.00234307   0.00107752
      3.44869   0.00217801   0.00107354
      3.45013   0.00168281   0.00108901
      3.45157   0.00108216   0.00111965
      3.45300   0.00156317   0.00120982
      3.45444   0.00248246   0.00116598
      3.45588   0.00317883   0.00109113
      3.45732   0.00295457   0.00104746
      3.45876   0.00175101   0.00102230
      3.46020   0.00192641  0.000974834
      3.46164   0.00437511  0.000998165
      3.46308   0.00268720   0.00105650
      3.46451  0.000234029   0.00103714
      3.46595   0.00112112   0.00107857
      3.46739   0.00104124   0.00110219
      3.46883   0.00168568   0.00108698
      3.47027   0.00278642   0.00100449
      3.47171   0.00250456   0.00103422
      3.47314   0.00218812  0.000994053
      3.47458   0.00174192   0.00102899
      3.47602   0.00243121   0.00110104
      3.47746   0.00299074   0.00114244
      3.47890   0.00291785   0.00118918
      3.48033   0.00261876   0.00107770
      3.48177   0.00201983   0.00101342
      3.48321   0.00209792   0.00103371
      3.48465   0.00254537   0.00106165
      3.48608   0.00245835   0.00101168
      3.48752   0.00284455   0.00101568
      3.48896   0.00430315   0.00106917
      3.49040   0.00316804   0.00106760
      3.49183   0.00386998   0.00105961
      3.49327   0.00362540   0.00103006
      3.49471   0.00262728   0.00100827
      3.49615   0.00230875   0.00101807
      3.49758   0.00191956   0.00104307
      3.49902   0.00191416   0.00109605
      3.50046  0.000549889   0.00105594
      3.50189   0.00255099   0.00105549
      3.50333   0.00249853   0.00103445
      3.50477   0.00372193   0.00100083
      3.50621   0.00365451   0.00105295
      3.50764   0.00126731   0.00103169
      3.50908   0.00151459   0.00101006
      3.51052   0.00188466   0.00106766
      3.51195   0.00315286   0.00102058
      3.51339   0.00374575  0.000991725
      3.51483   0.00425842  0.000980042
      3.51626   0.00457174  0.000955100
      3.51770   0.00347552  0.000986685
      3.51913   0.00245089  0.000967477
      3.52057   0.00296579   0.00102873
      3.52201   0.00299004   0.00100432
      3.52344   0.00376225   0.00101378
      3.52488   0.00496869  0.000998495
      3.52632   0.00385550   0.00104658
      3.52775   0.00296861  0.000938281
      3.52919   0.00288554  0.000979784
      3.53062   0.00201024  0.000994904
      3.53206   0.00261184   0.00107503
      3.53350   0.00273704   0.00101879
      3.53493 -0.000194762   0.00110705
      3.53637   0.00140353   0.00108991
      3.53780   0.00479227   0.00107315
      3.53924   0.00387660   0.00108186
      3.54067   0.00224583   0.00108193
      3.54211   0.00228089   0.00111722
      3.54355   0.00356424   0.00104952
      3.54498   0.00412511   0.00108805
      3.54642   0.00486817   0.00109987
      3.54785   0.00561488   0.00101211
      3.54929   0.00388392   0.00103173
      3.55072   0.00394686   0.00102663
      3.55216   0.00426256   0.00105089
      3.55359   0.00464667   0.00103583
      3.55503   0.00470096   0.00104036
      3.55646   0.00491889   0.00100740
      3.55790   0.00505078   0.00102263
      3.55933   0.00571473   0.00102345
      3.56077   0.00653100   0.00104011
      3.56220   0.00557368   0.00104399
      3.56364   0.00467688   0.00100158
      3.56507   0.00603745   0.00108367
      3.56651   0.00547877   0.00111105
      3.56794   0.00572873   0.00112710
      3.56938   0.00648284   0.00108738
      3.57081   0.00632224   0.00108329
      3.57225   0.00590183   0.00106272
      3.57368   0.00492419   0.00106683
      3.57512   0.00577392   0.00114585
      3.57655   0.00637134   0.00102989
      3.57798   0.00447698   0.00107114
      3.57942   0.00529808  0.000991769
      3.58085   0.00672241   0.00107756
      3.58229   0.00454178   0.00107073
      3.58372   0.00601016   0.00109571
      3.58516   0.00676055   0.00107238
      3.58659   0.00591133   0.00113458
      3.58803   0.00596770   0.00107059
      3.58946   0.00733748   0.00101083
      3.59089   0.00732174   0.00105689
      3.59233   0.00718719   0.00106838
      3.59376   0.00741512   0.00104959
      3.59520   0.00769770   0.00101543
      3.59663   0.00850366  0.000997775
      3.59806   0.00803834   0.00104822
      3.59950   0.00783743   0.00108987
      3.60093   0.00841639   0.00110107
      3.60237   0.00920294   0.00102516
      3.60380   0.00880186   0.00109694
      3.60523   0.00847718   0.00110627
      3.60667   0.00818906   0.00111500
      3.60810   0.00806843   0.00109365
      3.60953   0.00998707   0.00109649
      3.61097   0.00949428   0.00108951
      3.61240   0.00799159   0.00101535
      3.61383   0.00876600   0.00104906
      3.61527   0.00958616   0.00105361
      3.61670   0.00920439   0.00108671
      3.61813   0.00970630   0.00115381
      3.61957    0.0105652   0.00103882
      3.62100    0.0100817   0.00108350
      3.62244    0.0100042   0.00105562
      3.62387   0.00828618   0.00102523
      3.62530   0.00941622   0.00106437
      3.62674    0.0100529   0.00104562
      3.62817   0.00986191   0.00105701
      3.62960    0.0103364   0.00103423
      3.63104    0.0116087   0.00101599
      3.63247    0.0113800   0.00106944
      3.63390   0.00692612   0.00108481
      3.63533   0.00537728   0.00109307
      3.63677   0.00810967  0.000995684
      3.63820    0.0116107   0.00106156
      3.63963    0.0107724   0.00102956
      3.64107    0.0112273  0.000978454
      3.64250    0.0105343   0.00106805
      3.64393    0.0102356   0.00105110
      3.64537   0.00700799   0.00108358
      3.64680   0.00945842   0.00111795
      3.64823    0.0109441   0.00109288
      3.64967    0.0104429   0.00109722
      3.65110    0.0108403   0.00108129
      3.65253    0.0105286   0.00105157
      3.65396    0.0114313   0.00104442
      3.65540   0.00800975   0.00103729
      3.65683   0.00887307   0.00105766
      3.65826    0.0102927   0.00109304
      3.65970   0.00991188  0.000981358
      3.66113   0.00990747   0.00101503
      3.66256    0.0106461   0.00106473
      3.66399    0.0121634   0.00109655
      3.66543    0.0115460   0.00110758
      3.66686    0.0116860  0.000999828
      3.66829    0.0115805   0.00112042
      3.66972    0.0119227   0.00113402
      3.67116    0.0119880   0.00114578
      3.67259    0.0114366   0.00116696
      3.67402    0.0124875   0.00122656
      3.67546    0.0123390   0.00112068
      3.67689    0.0124624   0.00112226
      3.67832    0.0129230   0.00114081
      3.67975    0.0130633   0.00106339
      3.68119    0.0129126   0.00109748
      3.68262    0.0127222   0.00111244
      3.68405    0.0117471   0.00116969
      3.68548    0.0122361   0.00106182
      3.68692    0.0119367   0.00109647
      3.68835    0.0118927   0.00114991
      3.68978    0.0125982   0.00120774
      3.69122    0.0126523   0.00113785
      3.69265    0.0116712   0.00117713
      3.69408    0.0120834   0.00106712
      3.69551    0.0131406   0.00106329
      3.69695    0.0135326   0.00105791
      3.69838    0.0141384   0.00108962
      3.69981    0.0140642   0.00113861
      3.70124    0.0129108   0.00109694
      3.70268    0.0135583   0.00106733
      3.70411    0.0133302  0.000978467
      3.70554    0.0126537   0.00108446
      3.70697    0.0126210   0.00105041
      3.70841   0.00959654   0.00104948
      3.70984    0.0133480   0.00115359
      3.71127    0.0151440   0.00115766
      3.71271    0.0145086   0.00116867
      3.71414    0.0135089   0.00121901
      3.71557    0.0148583   0.00106866
      3.71700    0.0145923   0.00101330
      3.71844    0.0133323   0.00116108
      3.71987    0.0134884   0.00105149
      3.72130    0.0127282   0.00103748
      3.72273    0.0141130   0.00116140
      3.72417    0.0143538   0.00104540
      3.72560    0.0145516   0.00122299
      3.72703    0.0149319   0.00110961
      3.72847    0.0151996   0.00111095
      3.72990    0.0133626   0.00121355
      3.73133    0.0135356   0.00126408
      3.73276    0.0156498   0.00123710
      3.73420    0.0155237   0.00123028
      3.73563    0.0161979   0.00133680
      3.73706    0.0172294   0.00122712
      3.73850    0.0169094   0.00128276
      3.73993    0.0184278   0.00116934
      3.74136    0.0168418   0.00128968
      3.74280    0.0143984   0.00124986
      3.74423    0.0153294   0.00112475
      3.74566    0.0160892   0.00111427
      3.74710    0.0159878   0.00118767
      3.74853    0.0154888   0.00117580
      3.74996    0.0152458   0.00118334
      3.75139    0.0156767   0.00123398
      3.75283    0.0157982   0.00124976
      3.75426    0.0173709   0.00125185
      3.75569    0.0168214   0.00116130
      3.75713    0.0165732   0.00111391
      3.75856    0.0165034   0.00127147
      3.75999    0.0165623   0.00126657
      3.76143    0.0155394   0.00117675
      3.76286    0.0156581   0.00130148
      3.76429    0.0150634   0.00122911
      3.76573    0.0159595   0.00123172
      3.76716    0.0178732   0.00126488
      3.76860    0.0179201   0.00126669
      3.77003    0.0163050   0.00133745
      3.77146    0.0164039   0.00127767
      3.77290    0.0157910   0.00126930
      3.77433    0.0166007   0.00121776
      3.77576    0.0173326   0.00119645
      3.77720    0.0167523   0.00117723
      3.77863    0.0149813   0.00122868
      3.78007    0.0164391   0.00126130
      3.78150    0.0161878   0.00126350
      3.78293    0.0169785   0.00127797
      3.78437    0.0178538   0.00117154
      3.78580    0.0174789   0.00117060
      3.78724    0.0168693   0.00116880
      3.78867    0.0173907   0.00138846
      3.79010    0.0165236   0.00125618
      3.79154    0.0164773   0.00123135
      3.79297    0.0183359   0.00132935
      3.79441    0.0178570   0.00129748
      3.79584    0.0171576   0.00119990
      3.79728    0.0171342   0.00118437
      3.79871    0.0168753   0.00109616
      3.80015    0.0167537   0.00112542
      3.80158    0.0162689   0.00122576
      3.80302    0.0191779   0.00128146
      3.80445    0.0182095   0.00134892
      3.80589    0.0182711   0.00117092
      3.80732    0.0190082   0.00123846
      3.80875    0.0172043   0.00123662
      3.81019    0.0169119   0.00126135
      3.81163    0.0174657   0.00113636
      3.81306    0.0163449   0.00122893
      3.81450    0.0162853   0.00118846
      3.81593    0.0181761   0.00112870
      3.81737    0.0183780   0.00119304
      3.81880    0.0165709   0.00120632
      3.82024    0.0176508   0.00115577
      3.82167    0.0184786   0.00128233
      3.82311    0.0191482   0.00133124
      3.82454    0.0174610   0.00126836
      3.82598    0.0183588   0.00114834
      3.82742    0.0177344   0.00118315
      3.82885    0.0172153   0.00132903
      3.83029    0.0187349   0.00117704
      3.83172    0.0182077   0.00124991
      3.83316    0.0187453   0.00136859
      3.83460    0.0193583   0.00121483
      3.83603    0.0198573   0.00125278
      3.83747    0.0180892   0.00126108
      3.83891    0.0186941   0.00120723
      3.84034    0.0192867   0.00118055
      3.84178    0.0171296   0.00133989
      3.84322    0.0139073   0.00122880
      3.84465    0.0130151   0.00127387
      3.84609    0.0159128   0.00131067
      3.84753    0.0185607   0.00126902
      3.84896    0.0195136   0.00128650
      3.85040    0.0184799   0.00125514
      3.85184    0.0173352   0.00127850
      3.85328    0.0173536   0.00126953
      3.85471    0.0180047   0.00125864
      3.85615    0.0198455   0.00131940
      3.85759    0.0182186   0.00132122
      3.85903    0.0183787   0.00133021
      3.86046    0.0196985   0.00157061
      3.86190    0.0206933   0.00142156
      3.86334    0.0187628   0.00137433
      3.86478    0.0162396   0.00138318
      3.86622    0.0161106   0.00111100
      3.86765    0.0178489   0.00132037
      3.86909    0.0177016   0.00146075
      3.87053    0.0164838   0.00137355
      3.87197    0.0162866   0.00144021
      3.87341    0.0169056   0.00148056
      3.87485    0.0150261   0.00151071
      3.87629    0.0142395   0.00143545
      3.87773    0.0155662   0.00137921
      3.87916    0.0180138   0.00142145
      3.88060    0.0190462   0.00140029
      3.88204    0.0192231   0.00151344
      3.88348    0.0183864   0.00136111
      3.88492    0.0184720   0.00158742
      3.88636    0.0183903   0.00152218
      3.88780    0.0176655   0.00139910
      3.88924    0.0181805   0.00148980
      3.89068    0.0177225   0.00150023
      3.89212    0.0176895   0.00150332
      3.89356    0.0188475   0.00145295
      3.89500    0.0186209   0.00141298
      3.89644    0.0183552   0.00150044
      3.89789    0.0202968   0.00150282
      3.89933    0.0196724   0.00158871
      3.90077    0.0187129   0.00146095
      3.90221    0.0187053   0.00142716
      3.90365    0.0188696   0.00139688
      3.90509    0.0205697   0.00138143
      3.90653    0.0191650   0.00154745
      3.90797    0.0187225   0.00145784
      3.90942    0.0189727   0.00138715
      3.91086    0.0192410   0.00149501
      3.91230    0.0196274   0.00140541
      3.91374    0.0211647   0.00175903
      3.91518    0.0215904   0.00155415
      3.91663    0.0199502   0.00160060
      3.91807    0.0201756   0.00150998
      3.91951    0.0200514   0.00158748
      3.92095    0.0201396   0.00150132
      3.92240    0.0198052   0.00151194
      3.92384    0.0181183   0.00145902
      3.92528    0.0183722   0.00150295
      3.92673    0.0185682   0.00147597
      3.92817    0.0175460   0.00151225
      3.92962    0.0191531   0.00145768
      3.93106    0.0200855   0.00152535
      3.93250    0.0197819   0.00138294
      3.93395    0.0202544   0.00149142
      3.93539    0.0195426   0.00154346
      3.93684    0.0187503   0.00139330
      3.93828    0.0184418   0.00148528
      3.93973    0.0182263   0.00150985
      3.94117    0.0184181   0.00148695
      3.94262    0.0192098   0.00149578
      3.94406    0.0194529   0.00133772
      3.94551    0.0195897   0.00151561
      3.94695    0.0196532   0.00144073
      3.94840    0.0202283   0.00138545
      3.94985    0.0212401   0.00145323
      3.95129    0.0191764   0.00129403
      3.95274    0.0192466   0.00142223
      3.95418    0.0196069   0.00146988
      3.95563    0.0166287   0.00142028
      3.95708    0.0200340   0.00147391
      3.95852    0.0215512   0.00141453
      3.95997    0.0209389   0.00136466
      3.96142    0.0216179   0.00149633
      3.96287    0.0222926   0.00126062
      3.96431    0.0229458   0.00141106
      3.96576    0.0224973   0.00125135
      3.96721    0.0218117   0.00140043
      3.96866    0.0214988   0.00134342
      3.97011    0.0195983   0.00141462
      3.97156    0.0188788   0.00130717
      3.97301    0.0184506   0.00139432
      3.97445    0.0200155   0.00150652
      3.97590    0.0205539   0.00133950
      3.97735    0.0219541   0.00137922
      3.97880    0.0223661   0.00159723
      3.98025    0.0208211   0.00171368
      3.98170    0.0202259   0.00152425
      3.98315    0.0190077   0.00144186
      3.98460    0.0186699   0.00122075
      3.98605    0.0217794   0.00139915
      3.98750    0.0211594   0.00139233
      3.98896    0.0199619   0.00144808
      3.99041    0.0197608   0.00145308
      3.99186    0.0202088   0.00146698
      3.99331    0.0226029   0.00151719
      3.99476    0.0217355   0.00144172
      3.99621    0.0193566   0.00147482
      3.99767    0.0204860   0.00153926
      3.99912    0.0218643   0.00156019
      4.00057    0.0219295   0.00147858
      4.00202    0.0217971   0.00157573
      4.00348    0.0224423   0.00167084
      4.00493    0.0210895   0.00162871
      4.00638    0.0217785   0.00148346
      4.00784    0.0192701   0.00156378
      4.00929    0.0192369   0.00164227
      4.01075    0.0210019   0.00144570
      4.01220    0.0198847   0.00141088
      4.01366    0.0185068   0.00168507
      4.01511    0.0178336   0.00147769
      4.01657    0.0188806   0.00163063
      4.01802    0.0221029   0.00150424
      4.01948    0.0227593   0.00157181
      4.02093    0.0227926   0.00165741
      4.02239    0.0238680   0.00139337
      4.02385    0.0260689   0.00154798
      4.02530    0.0232428   0.00177209
      4.02676    0.0213582   0.00164276
      4.02822    0.0214925   0.00169244
      4.02967    0.0230143   0.00149725
      4.03113    0.0230429   0.00160181
      4.03259    0.0242922   0.00158754
      4.03405    0.0234674   0.00184302
      4.03551    0.0221446   0.00163176
      4.03696    0.0231322   0.00156633
      4.03842    0.0219406   0.00169852
      4.03988    0.0230565   0.00158834
      4.04134    0.0230162   0.00168446
      4.04280    0.0232209   0.00175959
      4.04426    0.0236588   0.00180967
      4.04572    0.0234014   0.00172943
      4.04718    0.0231935   0.00200925
      4.04864    0.0244391   0.00190979
      4.05010    0.0244517   0.00178536
      4.05156    0.0206713   0.00179318
      4.05302    0.0214472   0.00181410
      4.05449    0.0235370   0.00208451
      4.05595    0.0227824   0.00185155
      4.05741    0.0236568   0.00189605
      4.05887    0.0266992   0.00194563
      4.06034    0.0253950   0.00178213
      4.06180    0.0223861   0.00202878
      4.06326    0.0244039   0.00188501
      4.06473    0.0245947   0.00171753
      4.06619    0.0236249   0.00187163
      4.06765    0.0235703   0.00148509
      4.06912    0.0264356   0.00180780
      4.07058    0.0257143   0.00209810
      4.07205    0.0255228   0.00208231
      4.07351    0.0245501   0.00174118
      4.07498    0.0239606   0.00205238
      4.07644    0.0218844   0.00219135
      4.07791    0.0215111   0.00185715
      4.07938    0.0226261   0.00205261
      4.08084    0.0230744   0.00206367
      4.08231    0.0244396   0.00191575
      4.08378    0.0210638   0.00196128
      4.08525    0.0189557   0.00211627
      4.08671    0.0190851   0.00199211
      4.08818    0.0213937   0.00228232
      4.08965    0.0199158   0.00218442
      4.09112    0.0217595   0.00203073
      4.09259    0.0224917   0.00199831
      4.09406    0.0169235   0.00207004
      4.09553    0.0211890   0.00193734
      4.09700    0.0230408   0.00222227
      4.09847    0.0225885   0.00204591
      4.09994    0.0233661   0.00238410
      4.10141    0.0221530   0.00218179
      4.10288    0.0237414   0.00221716
      4.10435    0.0220879   0.00218763
      4.10583    0.0238071   0.00219597
      4.10730    0.0234962   0.00219586
      4.10877    0.0243243   0.00213533
      4.11024    0.0249069   0.00209300
      4.11172    0.0230499   0.00211417
      4.11319    0.0234936   0.00203782
      4.11466    0.0219186   0.00222802
      4.11614    0.0212704   0.00211886
      4.11761    0.0221996   0.00222538
      4.11909    0.0232202   0.00236101
      4.12056    0.0228380   0.00229325
      4.12204    0.0266438   0.00216806
      4.12352    0.0280495   0.00235500
      4.12499    0.0237447   0.00231454
      4.12647    0.0247365   0.00225245
      4.12794    0.0265233   0.00214995
      4.12942    0.0253573   0.00228831
      4.13090    0.0245834   0.00226416
      4.13238    0.0244301   0.00249031
      4.13386    0.0244919   0.00231163
      4.13534    0.0245135   0.00238064
      4.13681    0.0234348   0.00212696
      4.13829    0.0214994   0.00235059
      4.13977    0.0235484   0.00224102
      4.14125    0.0287122   0.00242108
      4.14274    0.0300338   0.00278171
      4.14422    0.0368970   0.00351056
      4.14570    0.0390405   0.00351666
      4.14718    0.0401182   0.00364307
      4.14866    0.0360337   0.00397654
      4.15014    0.0372808   0.00392729
      4.15163    0.0347238   0.00349634
      4.15311    0.0346892   0.00403462
      4.15459    0.0378760   0.00415609
      4.15608    0.0374075   0.00348315
      4.15756    0.0378654   0.00381326
      4.15905    0.0403800   0.00366475
      4.16053    0.0346681   0.00315453
      4.16202    0.0316738   0.00305532
      4.16350    0.0314249   0.00293640
      4.16499    0.0303137   0.00289260
      4.16648    0.0288134   0.00296253
      4.16796    0.0293577   0.00285185
      4.16945    0.0291154   0.00275208
      4.17094    0.0236770   0.00277957
      4.17243    0.0267296   0.00328725
      4.17391    0.0255712   0.00328064
      4.17540    0.0269169   0.00299672
      4.17689    0.0175928   0.00377763
      4.17838    0.0102467   0.00384568
      4.17987    0.0110109   0.00340399
      4.18136    0.0155630   0.00374840
      4.18286    0.0240549   0.00452527
      4.18435    0.0300077   0.00474063
      4.18584    0.0269799   0.00494237
      4.18733    0.0266781   0.00474307
      4.18882    0.0210646   0.00577232
      4.19032    0.0180090   0.00654107
      4.19181    0.0177399   0.00790771
      4.19331   0.00557099    0.0104780
      4.19480   0.00572437    0.0126224
      4.19629   0.00851858    0.0233210
      4.19779    0.0816008    0.0347492
      4.19929    0.0646936    0.0554276
      4.20078     0.174915     0.115081
      4.20228     0.920486     0.320044
      4.20378     0.358202     0.753187
      4.20527      10.2039      6.87585
      4.20677      4.55450      1.25014
      4.20827      3.64203      2.27072
      4.20977      1.86824      1.37753
      4.21127     -7.11717      3.71508
      4.21277    -0.532307      2.71642
      4.21427      5.19773      3.13833
      4.21577      3.12808      1.37949
      4.21727      1.94152      4.28713
      4.21877     0.212607     0.405127
      4.22027      3.73346      1.91000
      4.22178     0.925594      1.11367
      4.22328     -2.19047      2.85435
      4.22478    -0.974404      2.44050
      4.22629      4.02912      18.4820
      4.22779      6.53221      1.99125
      4.22929      2.74454      1.18234
      4.23080     -24.8364      5.99441
      4.23231     -9.05097      2.75707
      4.23381    0.0579516      2.00587
      4.23532     -2.97246      19.8515
      4.23683      1.02434      1.79771
      4.23833     -3.33310      3.46196
      4.23984     -1.98992     0.798862
      4.24135    -0.855801     0.548842
      4.24286      9.72569      13.6037
      4.24437      3.78868      28.1008
      4.24588      1.35890      3.51217
      4.24739      1.38781      9.50100
      4.24890     0.512238      1.00919
      4.25041    -0.751689      1.40581
      4.25192    -0.831278     0.775377
      4.25344    -0.978183      1.31216
      4.25495    -0.526937      1.81443
      4.25646      2.31507      3.11151
      4.25798    -0.403717     0.836823
      4.25949      11.8308      2.20448
      4.26101      4.95509     0.561831
      4.26252    -0.557005     0.812696
      4.26404    -0.248638      1.79615
      4.26556    -0.127996     0.368650
      4.26707    -0.217954     0.422678
      4.26859     0.253043     0.865094
      4.27011     0.844257      1.60208
      4.27163     0.571611      1.18391
      4.27315    -0.479390      5.15452
      4.27467    -0.226501      1.89463
      4.27619     -14.1077      12.9563
      4.27771      0.00000      8.59847
