SOURCE  = SVS 4-7                       / Source name
STANDARD= BS 7236                       / Standard name
OBSDATE = 08-07-2002                    / Date of observation
SPOS    =                               / Source position RA,DEC,J2000
STPOS   =                               / Standard position RA,DEC,J2000
STSPT   = B9V                           / Standard spectral type
STTEFF  = 12800                         / Standard effective temperature [K]
STMAG   = 3.8                           / Standard magnitude (adopted)
WAVEZP  = 3.5                           / Wavelength zero point [micron]
FLUXZP  = 290                           / Flux zero point [Jy]
SAIRM   =                               / Source mean airmass
STAIRM  =                               / Standard mean airmass
AIRMCORR= 1.08                          / Optimal (adopted) airmass correction
SPECRES = ~1200                         / Spectral resolution

Created by K. M. Pontoppidan             Tue Oct  7 23:51:15 2003

Wavelength [micron] Flux [Jy] Statistical Error [Jy]

      2.79539      0.00000  2.49475e+07
      2.79680      18.0789      150923.
      2.79822      17.8479      37590.3
      2.79963      18.2493      22827.8
      2.80105      18.5072      56.4134
      2.80247     -8.77035      1181.93
      2.80388     -28.1570      14.8015
      2.80530      246.192      147.347
      2.80672      21.8399      2.98159
      2.80813     -34.1133      7.10364
      2.80955      43.9990      6.42346
      2.81097     -4.65640      1.86723
      2.81239    -0.309482     0.699338
      2.81380     -1.57104     0.430735
      2.81522     0.283958     0.412429
      2.81664     0.484246     0.469155
      2.81806      5.70230     0.931174
      2.81947      6.06661      1.18575
      2.82089      4.93807      2.28760
      2.82231      1.05596     0.627515
      2.82373    -0.490306     0.248594
      2.82515   -0.0707802     0.122564
      2.82657    0.0799130    0.0624039
      2.82799    0.0600725    0.0483838
      2.82940    0.0269880    0.0373790
      2.83082    0.0569836    0.0267104
      2.83224  -0.00468971    0.0239172
      2.83366  -0.00175967    0.0287262
      2.83508   -0.0497405    0.0538805
      2.83650   -0.0672280     0.125167
      2.83792      1.79090     0.310362
      2.83934    -0.550781     0.272330
      2.84076    -0.152117    0.0924042
      2.84218   -0.0319455    0.0529393
      2.84360   -0.0237484    0.0293631
      2.84502 -0.000923296    0.0180485
      2.84644    0.0288251    0.0158635
      2.84786   0.00709114    0.0185655
      2.84928    0.0815192    0.0262282
      2.85070   0.00496356    0.0390546
      2.85212  -0.00943932    0.0379507
      2.85354   -0.0243123    0.0375163
      2.85497   0.00466532    0.0523290
      2.85639   -0.0230837    0.0645440
      2.85781   -0.0515822    0.0445628
      2.85923    0.0187860    0.0264734
      2.86065   0.00684796    0.0226339
      2.86207    0.0216946    0.0196164
      2.86349    0.0113798    0.0152723
      2.86492  5.49348e-05    0.0118918
      2.86634 -0.000516110    0.0114587
      2.86776    0.0195797    0.0125961
      2.86918   -0.0132325    0.0158993
      2.87061   -0.0329879    0.0181765
      2.87203    0.0317785    0.0216153
      2.87345    0.0342435    0.0204696
      2.87487  -0.00609864    0.0146140
      2.87630    0.0223379    0.0103099
      2.87772    0.0104157   0.00909266
      2.87914   0.00820099   0.00930582
      2.88057    0.0110863   0.00922410
      2.88199  -0.00835651   0.00927391
      2.88341    0.0120481   0.00861815
      2.88484    0.0151529   0.00907655
      2.88626  -0.00246914   0.00965564
      2.88768 -0.000813735    0.0103902
      2.88911   0.00811287    0.0109726
      2.89053   0.00525653    0.0110982
      2.89196   0.00395997    0.0103001
      2.89338  0.000111860   0.00880545
      2.89481   0.00134493   0.00738031
      2.89623   0.00742118   0.00615669
      2.89766  0.000526370   0.00566770
      2.89908   0.00204941   0.00578527
      2.90050   0.00628575   0.00689652
      2.90193    0.0123673   0.00933519
      2.90335 -0.000373339    0.0119963
      2.90478  -0.00920289    0.0128780
      2.90621    0.0240716    0.0119391
      2.90763    0.0136156    0.0107964
      2.90906   0.00146912   0.00882630
      2.91048   0.00393810   0.00717583
      2.91191   0.00130467   0.00619193
      2.91333   -0.0101295   0.00580794
      2.91476 -0.000364119   0.00614931
      2.91619   0.00278341   0.00649792
      2.91761   0.00352949   0.00636337
      2.91904    0.0112937   0.00595700
      2.92047    0.0193684   0.00596283
      2.92189   0.00196867   0.00668355
      2.92332   0.00271909   0.00884517
      2.92475    0.0162456    0.0111080
      2.92617  -0.00528624   0.00911883
      2.92760  -0.00676434   0.00681107
      2.92903   0.00360726   0.00556684
      2.93045   0.00294188   0.00514754
      2.93188   0.00982574   0.00498416
      2.93331   0.00541911   0.00498233
      2.93474   0.00262861   0.00484695
      2.93616  0.000557486   0.00501295
      2.93759  0.000979541   0.00511646
      2.93902  -0.00116538   0.00570660
      2.94045   0.00188911   0.00596088
      2.94188   0.00231305   0.00629970
      2.94330  -0.00136062   0.00636698
      2.94473   0.00313320   0.00666808
      2.94616   0.00970170   0.00684152
      2.94759  0.000283153   0.00660598
      2.94902   0.00156070   0.00631726
      2.95045   0.00298380   0.00590979
      2.95188  0.000110766   0.00521391
      2.95331   0.00781698   0.00550536
      2.95473   0.00867165   0.00617220
      2.95616  -0.00181990   0.00669669
      2.95759  -0.00202720   0.00614617
      2.95902  0.000135716   0.00559857
      2.96045   0.00153085   0.00510042
      2.96188   0.00457948   0.00499784
      2.96331   0.00287322   0.00497942
      2.96474  7.76848e-05   0.00465556
      2.96617   0.00290939   0.00481867
      2.96760   0.00155414   0.00517776
      2.96903   0.00592260   0.00607276
      2.97046  0.000211430   0.00816964
      2.97189    0.0373223    0.0102568
      2.97332    0.0135066    0.0116210
      2.97475   0.00736840    0.0103049
      2.97618  -0.00944563   0.00866290
      2.97761   0.00658908   0.00756629
      2.97904   0.00954876   0.00717260
      2.98048   0.00286252   0.00704973
      2.98191   0.00445559   0.00684919
      2.98334   0.00266031   0.00583083
      2.98477    0.0113453   0.00506569
      2.98620  0.000685127   0.00473279
      2.98763   0.00151326   0.00439013
      2.98906   0.00133387   0.00434092
      2.99050   0.00507267   0.00438485
      2.99193   0.00331549   0.00441659
      2.99336  0.000345133   0.00456672
      2.99479   0.00222589   0.00488531
      2.99622   0.00440051   0.00491544
      2.99765   0.00225852   0.00527261
      2.99909   0.00561948   0.00523964
      3.00052   0.00609785   0.00483887
      3.00195   0.00374266   0.00449154
      3.00338   0.00109099   0.00448538
      3.00482   0.00657026   0.00505284
      3.00625    0.0134709   0.00560735
      3.00768   0.00283079   0.00594381
      3.00912   0.00711245   0.00563920
      3.01055   0.00116073   0.00519217
      3.01198   0.00416637   0.00451886
      3.01341   0.00179549   0.00438768
      3.01485   0.00268803   0.00442103
      3.01628   0.00492047   0.00462908
      3.01771   0.00508298   0.00501505
      3.01915   0.00299685   0.00581784
      3.02058   0.00220272   0.00644489
      3.02202   0.00621749   0.00678271
      3.02345  0.000898856   0.00611844
      3.02488  0.000215104   0.00527292
      3.02632   0.00134081   0.00462526
      3.02775   0.00432125   0.00430918
      3.02919   0.00600622   0.00438703
      3.03062  0.000714221   0.00453688
      3.03205  -0.00250083   0.00499960
      3.03349 -0.000170747   0.00562826
      3.03492   0.00389722   0.00594557
      3.03636   0.00526674   0.00673887
      3.03779   0.00967746   0.00712269
      3.03923    0.0110373   0.00727591
      3.04066   0.00442924   0.00654772
      3.04210   0.00740288   0.00570297
      3.04353  0.000412259   0.00519924
      3.04497   0.00209894   0.00521655
      3.04640  -0.00190338   0.00536182
      3.04784  -0.00141800   0.00563851
      3.04927   0.00284857   0.00610420
      3.05071   0.00247569   0.00658963
      3.05214   0.00557968   0.00773013
      3.05358  0.000831440   0.00873361
      3.05502  -0.00436926   0.00875239
      3.05645  -0.00359518   0.00734870
      3.05789  0.000699741   0.00594364
      3.05932   0.00185677   0.00516288
      3.06076   0.00239585   0.00478950
      3.06220   0.00948044   0.00500717
      3.06363   0.00513627   0.00526281
      3.06507   0.00926328   0.00534525
      3.06650  -0.00300100   0.00531921
      3.06794   0.00130617   0.00516733
      3.06938 -0.000252419   0.00549505
      3.07081   0.00571509   0.00628636
      3.07225   0.00143095   0.00605272
      3.07369   0.00785379   0.00555971
      3.07512   0.00423397   0.00495799
      3.07656   0.00120012   0.00439749
      3.07800   0.00279094   0.00439442
      3.07944   0.00181410   0.00462550
      3.08087    0.0106788   0.00554788
      3.08231   0.00455192   0.00614063
      3.08375   0.00429880   0.00643168
      3.08518   0.00316492   0.00571400
      3.08662   0.00140086   0.00518537
      3.08806   0.00456077   0.00544148
      3.08950   0.00564156   0.00538295
      3.09093   0.00701551   0.00536080
      3.09237  0.000263347   0.00562098
      3.09381  -0.00160659   0.00639873
      3.09525   0.00385787   0.00649571
      3.09669   0.00112730   0.00659881
      3.09812   0.00351192   0.00627985
      3.09956   0.00215871   0.00526441
      3.10100   0.00169127   0.00479013
      3.10244  -0.00154032   0.00469200
      3.10388   0.00521425   0.00532048
      3.10532   0.00689456   0.00649815
      3.10676    0.0246471   0.00693567
      3.10819   0.00857112   0.00682083
      3.10963  -0.00281875   0.00671052
      3.11107   0.00571751   0.00648397
      3.11251  -0.00739803   0.00622269
      3.11395   0.00594847   0.00581729
      3.11539   0.00374894   0.00561784
      3.11683   0.00443195   0.00496670
      3.11827  -0.00127812   0.00421592
      3.11971   0.00209123   0.00393773
      3.12115   0.00512656   0.00368219
      3.12258   0.00280912   0.00388810
      3.12402   0.00387959   0.00432412
      3.12546    0.0118023   0.00519833
      3.12690    0.0143862   0.00619611
      3.12834 -0.000105372   0.00636820
      3.12978   0.00650034   0.00530218
      3.13122   0.00506000   0.00434341
      3.13266   0.00396575   0.00375280
      3.13410   0.00448898   0.00372900
      3.13554   0.00545118   0.00357654
      3.13698   0.00426312   0.00378527
      3.13842   0.00679596   0.00436214
      3.13986   0.00328347   0.00462213
      3.14130   0.00844402   0.00456855
      3.14274   0.00706637   0.00434926
      3.14418   0.00774857   0.00444797
      3.14562    0.0114342   0.00505527
      3.14706    0.0106699   0.00541611
      3.14850   0.00531586   0.00495745
      3.14995   0.00857304   0.00430679
      3.15139   0.00961592   0.00397066
      3.15283   0.00646527   0.00397700
      3.15427   0.00661908   0.00390686
      3.15571   0.00381452   0.00424593
      3.15715   0.00312143   0.00424312
      3.15859   0.00545040   0.00413693
      3.16003   0.00389330   0.00373957
      3.16147   0.00191521   0.00365209
      3.16291   0.00425794   0.00334420
      3.16435   0.00528051   0.00347046
      3.16580   0.00262452   0.00344473
      3.16724   0.00349886   0.00347381
      3.16868    0.0110272   0.00345095
      3.17012   0.00378804   0.00347709
      3.17156   0.00460756   0.00365083
      3.17300   0.00852723   0.00384221
      3.17445   0.00775739   0.00387169
      3.17589   0.00698473   0.00392168
      3.17733   0.00353407   0.00363643
      3.17877   0.00654657   0.00360751
      3.18021   0.00632867   0.00367782
      3.18165    0.0114513   0.00386969
      3.18310   0.00824176   0.00398342
      3.18454   0.00454915   0.00404985
      3.18598   0.00360433   0.00382316
      3.18742   0.00775161   0.00372511
      3.18887   0.00981400   0.00397698
      3.19031   0.00823492   0.00477195
      3.19175    0.0152523   0.00555929
      3.19319   0.00558642   0.00585688
      3.19463   0.00868352   0.00539359
      3.19608   0.00949708   0.00532583
      3.19752    0.0105196   0.00573364
      3.19896    0.0210365   0.00737880
      3.20041    0.0136636   0.00755842
      3.20185   0.00127408   0.00756065
      3.20329  -0.00114821   0.00771802
      3.20473    0.0324809   0.00791448
      3.20618   0.00828061   0.00874302
      3.20762    0.0276894   0.00987979
      3.20906    0.0316910    0.0122282
      3.21051 -0.000240336    0.0127048
      3.21195    0.0197602    0.0117752
      3.21339    0.0329323   0.00924945
      3.21483    0.0143655   0.00745935
      3.21628   0.00885324   0.00691758
      3.21772   0.00988107   0.00624038
      3.21916    0.0144727   0.00632322
      3.22061   0.00650903   0.00712657
      3.22205    0.0247978   0.00953778
      3.22349    0.0193149    0.0122002
      3.22494   0.00674947    0.0115946
      3.22638    0.0370703   0.00973273
      3.22783   0.00534607   0.00856382
      3.22927    0.0152301   0.00860347
      3.23071    0.0266029   0.00907822
      3.23216    0.0113936   0.00701084
      3.23360   0.00603478   0.00488352
      3.23504    0.0130541   0.00426744
      3.23649   0.00899050   0.00414175
      3.23793    0.0148739   0.00445571
      3.23938   0.00505406   0.00494293
      3.24082    0.0155809   0.00549584
      3.24226   0.00995760   0.00562517
      3.24371    0.0158871   0.00621686
      3.24515   0.00534523   0.00754823
      3.24660    0.0201354   0.00918974
      3.24804   0.00108447   0.00912918
      3.24948  -0.00128470   0.00748780
      3.25093   0.00174746   0.00544512
      3.25237    0.0116904   0.00417615
      3.25382   0.00665369   0.00383333
      3.25526    0.0173007   0.00364872
      3.25671   0.00991294   0.00387321
      3.25815    0.0149581   0.00445417
      3.25960   0.00507091   0.00539540
      3.26104  -0.00312776   0.00694644
      3.26248  -0.00219413   0.00767016
      3.26393  -0.00103206   0.00603429
      3.26537    0.0132277   0.00528107
      3.26682    0.0173414   0.00500082
      3.26826   0.00765926   0.00575165
      3.26971   0.00917916   0.00656390
      3.27115   0.00770218   0.00753665
      3.27260    0.0148247   0.00631882
      3.27404    0.0126079   0.00483558
      3.27549   0.00925203   0.00408197
      3.27693   0.00756034   0.00409248
      3.27838    0.0138915   0.00428965
      3.27982   0.00864720   0.00486272
      3.28127   0.00882518   0.00444826
      3.28271   0.00975950   0.00405485
      3.28416   0.00943909   0.00345678
      3.28560    0.0119856   0.00341188
      3.28705    0.0152216   0.00321903
      3.28849    0.0136234   0.00334593
      3.28994   0.00413564   0.00358134
      3.29138   0.00666679   0.00396849
      3.29283   0.00504948   0.00485026
      3.29427    0.0207487   0.00553768
      3.29572    0.0132811   0.00689012
      3.29717   0.00785310   0.00830416
      3.29861   0.00584408   0.00849057
      3.30006    0.0114159   0.00726775
      3.30150   0.00641732   0.00575542
      3.30295   0.00552679   0.00483230
      3.30439   0.00467816   0.00468340
      3.30584    0.0105869   0.00458148
      3.30728    0.0116482   0.00475983
      3.30873   0.00927034   0.00464696
      3.31018    0.0142080   0.00596950
      3.31162    0.0177502   0.00754174
      3.31307    0.0213008    0.0128604
      3.31451    0.0592854    0.0261736
      3.31596    0.0723526    0.0601164
      3.31740    0.0856240    0.0682209
      3.31885    -0.131598    0.0369494
      3.32030  -0.00353942    0.0204876
      3.32174   -0.0143995    0.0119637
      3.32319   0.00811386   0.00782230
      3.32463    0.0300378   0.00651221
      3.32608    0.0101831   0.00596394
      3.32753   0.00554047   0.00521987
      3.32897   0.00697237   0.00484788
      3.33042   0.00812083   0.00426125
      3.33186   0.00641931   0.00371535
      3.33331   0.00999085   0.00356663
      3.33476   0.00595325   0.00373185
      3.33620    0.0115536   0.00367184
      3.33765    0.0218330   0.00381546
      3.33909    0.0224349   0.00399399
      3.34054   0.00253675   0.00419383
      3.34199    0.0102382   0.00439817
      3.34343   0.00803986   0.00451676
      3.34488    0.0165944   0.00475662
      3.34632    0.0185223   0.00465470
      3.34777    0.0127454   0.00430796
      3.34922   0.00575985   0.00377811
      3.35066   0.00516014   0.00358265
      3.35211   0.00869514   0.00371266
      3.35356    0.0140850   0.00383692
      3.35500    0.0211773   0.00481865
      3.35645   0.00746975   0.00525997
      3.35789   0.00851045   0.00497367
      3.35934    0.0129501   0.00434102
      3.36079    0.0155868   0.00415404
      3.36223   0.00869852   0.00388845
      3.36368    0.0120664   0.00419171
      3.36513    0.0140044   0.00400746
      3.36657    0.0203157   0.00440876
      3.36802    0.0168847   0.00472264
      3.36946   0.00742136   0.00455209
      3.37091    0.0138515   0.00450457
      3.37236    0.0115775   0.00395488
      3.37380   0.00657642   0.00359535
      3.37525    0.0116617   0.00380857
      3.37670   0.00499347   0.00389641
      3.37814   0.00481405   0.00428696
      3.37959    0.0187871   0.00478344
      3.38104    0.0135354   0.00504271
      3.38248    0.0116518   0.00463417
      3.38393    0.0132879   0.00451552
      3.38538   0.00852334   0.00393720
      3.38682    0.0125139   0.00385972
      3.38827   0.00914192   0.00386758
      3.38971    0.0147170   0.00426556
      3.39116    0.0102035   0.00419970
      3.39261    0.0128171   0.00466738
      3.39405   0.00958996   0.00434520
      3.39550   0.00897630   0.00393319
      3.39695    0.0106123   0.00353104
      3.39839   0.00981572   0.00338695
      3.39984   0.00898045   0.00352216
      3.40129    0.0125272   0.00386863
      3.40273    0.0145090   0.00471440
      3.40418    0.0141854   0.00506713
      3.40563   0.00794809   0.00503370
      3.40707   0.00762613   0.00495039
      3.40852    0.0136796   0.00448540
      3.40997    0.0239563   0.00410920
      3.41141    0.0244768   0.00378141
      3.41286    0.0154511   0.00391664
      3.41431    0.0135437   0.00423978
      3.41575    0.0136366   0.00480082
      3.41720    0.0175725   0.00405170
      3.41865    0.0135985   0.00374150
      3.42009    0.0149700   0.00344850
      3.42154   0.00959393   0.00321855
      3.42298    0.0165095   0.00355744
      3.42443    0.0168807   0.00364283
      3.42588    0.0131500   0.00422788
      3.42732   0.00675819   0.00465677
      3.42877    0.0194484   0.00442197
      3.43022    0.0162949   0.00396301
      3.43166   0.00948000   0.00357330
      3.43311    0.0118534   0.00328695
      3.43456    0.0142437   0.00317076
      3.43600    0.0224491   0.00333478
      3.43745    0.0192240   0.00345942
      3.43890    0.0154909   0.00395883
      3.44034    0.0152829   0.00394325
      3.44179   0.00993825   0.00370598
      3.44323   0.00748829   0.00350537
      3.44468   0.00796354   0.00340435
      3.44613    0.0117875   0.00334014
      3.44757    0.0141841   0.00334045
      3.44902    0.0188365   0.00340809
      3.45047    0.0157000   0.00352258
      3.45191    0.0117494   0.00382302
      3.45336    0.0114187   0.00409181
      3.45481   0.00768498   0.00360944
      3.45625    0.0128360   0.00326670
      3.45770   0.00948926   0.00312513
      3.45914    0.0105211   0.00314294
      3.46059    0.0172667   0.00321246
      3.46204    0.0152638   0.00325964
      3.46348    0.0123604   0.00332597
      3.46493    0.0197002   0.00375074
      3.46638    0.0195765   0.00355570
      3.46782    0.0152271   0.00345824
      3.46927    0.0183270   0.00314385
      3.47071    0.0149310   0.00313686
      3.47216    0.0159646   0.00299989
      3.47361    0.0210658   0.00318124
      3.47505    0.0146893   0.00335638
      3.47650    0.0114452   0.00319581
      3.47794    0.0121865   0.00341289
      3.47939    0.0104361   0.00336994
      3.48084    0.0168419   0.00306503
      3.48228    0.0146674   0.00319545
      3.48373    0.0187230   0.00308962
      3.48517    0.0158648   0.00311171
      3.48662    0.0127389   0.00306744
      3.48807    0.0143005   0.00328276
      3.48951    0.0177608   0.00335406
      3.49096    0.0152118   0.00322585
      3.49240    0.0158915   0.00312415
      3.49385    0.0218118   0.00313060
      3.49530    0.0203329   0.00322537
      3.49674    0.0128837   0.00311853
      3.49819    0.0171315   0.00313068
      3.49963    0.0116135   0.00310750
      3.50108    0.0210886   0.00318148
      3.50252    0.0205516   0.00309514
      3.50397    0.0190983   0.00316434
      3.50542    0.0115769   0.00325668
      3.50686    0.0214257   0.00324780
      3.50831    0.0215267   0.00317040
      3.50975    0.0186048   0.00318733
      3.51120    0.0194175   0.00312313
      3.51264    0.0177651   0.00302673
      3.51409    0.0173444   0.00303388
      3.51553    0.0137214   0.00302984
      3.51698    0.0173635   0.00310117
      3.51842    0.0181608   0.00295104
      3.51987    0.0214677   0.00300273
      3.52132    0.0182080   0.00298091
      3.52276    0.0188179   0.00319845
      3.52421    0.0232452   0.00297478
      3.52565    0.0250376   0.00312852
      3.52710    0.0173294   0.00296451
      3.52854    0.0209373   0.00313112
      3.52999    0.0188278   0.00315826
      3.53143    0.0134635   0.00325407
      3.53288    0.0216248   0.00341849
      3.53432    0.0244361   0.00312946
      3.53577    0.0158354   0.00341818
      3.53721    0.0190384   0.00358111
      3.53866    0.0222411   0.00332641
      3.54010    0.0214805   0.00334614
      3.54155    0.0200203   0.00349455
      3.54299    0.0200533   0.00340022
      3.54443    0.0187704   0.00338586
      3.54588    0.0261480   0.00337825
      3.54732    0.0216849   0.00326073
      3.54877    0.0231799   0.00328098
      3.55021    0.0215598   0.00328581
      3.55166    0.0230260   0.00319711
      3.55310    0.0166235   0.00310655
      3.55455    0.0174711   0.00330585
      3.55599    0.0168487   0.00321558
      3.55744    0.0160383   0.00318096
      3.55888    0.0195380   0.00313462
      3.56032    0.0182386   0.00331542
      3.56177    0.0182407   0.00306017
      3.56321    0.0184578   0.00328255
      3.56466    0.0192048   0.00325659
      3.56610    0.0189973   0.00329409
      3.56754    0.0168200   0.00345799
      3.56899    0.0165007   0.00325893
      3.57043    0.0168059   0.00362093
      3.57188    0.0210344   0.00330645
      3.57332    0.0190593   0.00335078
      3.57476    0.0187696   0.00341873
      3.57621    0.0181871   0.00314464
      3.57765    0.0211586   0.00332831
      3.57910    0.0179033   0.00340956
      3.58054    0.0169208   0.00342499
      3.58198    0.0233214   0.00343760
      3.58343    0.0167355   0.00342904
      3.58487    0.0268963   0.00343312
      3.58631    0.0266236   0.00347469
      3.58776    0.0220487   0.00364411
      3.58920    0.0201593   0.00341253
      3.59064    0.0226331   0.00325485
      3.59209    0.0295843   0.00339533
      3.59353    0.0296733   0.00338679
      3.59497    0.0183645   0.00335740
      3.59642    0.0209858   0.00339932
      3.59786    0.0228872   0.00331662
      3.59930    0.0218750   0.00317030
      3.60074    0.0208157   0.00318952
      3.60219    0.0222702   0.00317947
      3.60363    0.0228846   0.00330805
      3.60507    0.0223201   0.00352338
      3.60652    0.0172039   0.00350785
      3.60796    0.0195825   0.00358036
      3.60940    0.0174069   0.00348333
      3.61084    0.0189339   0.00331730
      3.61229    0.0244580   0.00347936
      3.61373    0.0222066   0.00347154
      3.61517    0.0148475   0.00331815
      3.61661    0.0220998   0.00325422
      3.61805    0.0204449   0.00333409
      3.61950    0.0227345   0.00336616
      3.62094    0.0197002   0.00315543
      3.62238    0.0232970   0.00318793
      3.62382    0.0188745   0.00332480
      3.62526    0.0193018   0.00356429
      3.62671    0.0144175   0.00352889
      3.62815    0.0195953   0.00333086
      3.62959    0.0186192   0.00342503
      3.63103    0.0258595   0.00338238
      3.63247    0.0240402   0.00345352
      3.63391    0.0186645   0.00332073
      3.63536    0.0249286   0.00348812
      3.63680    0.0246927   0.00341574
      3.63824    0.0261680   0.00331799
      3.63968    0.0227047   0.00339148
      3.64112    0.0236529   0.00340312
      3.64256    0.0175040   0.00342224
      3.64400    0.0199940   0.00356657
      3.64544    0.0184854   0.00355939
      3.64688    0.0183418   0.00348434
      3.64833    0.0210005   0.00350545
      3.64977    0.0146977   0.00349307
      3.65121    0.0135691   0.00363813
      3.65265    0.0187382   0.00332596
      3.65409    0.0216416   0.00337107
      3.65553    0.0236045   0.00339035
      3.65697    0.0177123   0.00336041
      3.65841    0.0252396   0.00342020
      3.65985    0.0226190   0.00320811
      3.66129    0.0205686   0.00335199
      3.66273    0.0213173   0.00340192
      3.66417    0.0250334   0.00354132
      3.66561    0.0221576   0.00361702
      3.66705    0.0235124   0.00378364
      3.66849    0.0213083   0.00370960
      3.66993    0.0221917   0.00365433
      3.67137    0.0228255   0.00372806
      3.67281    0.0243969   0.00368504
      3.67425    0.0229165   0.00393934
      3.67569    0.0219462   0.00383511
      3.67713    0.0220398   0.00352749
      3.67857    0.0220925   0.00381270
      3.68000    0.0207182   0.00365374
      3.68144    0.0194255   0.00368483
      3.68288    0.0203504   0.00350285
      3.68432    0.0227228   0.00363418
      3.68576    0.0304155   0.00380401
      3.68720    0.0254637   0.00371948
      3.68864    0.0186730   0.00356788
      3.69008    0.0231866   0.00377599
      3.69151    0.0186893   0.00352356
      3.69295    0.0237283   0.00375109
      3.69439    0.0146856   0.00392692
      3.69583    0.0138231   0.00362658
      3.69727    0.0170872   0.00369461
      3.69871    0.0219754   0.00342231
      3.70014    0.0217229   0.00398385
      3.70158    0.0202909   0.00356826
      3.70302    0.0200342   0.00352004
      3.70446    0.0188273   0.00359808
      3.70589    0.0229609   0.00353779
      3.70733    0.0274116   0.00378268
      3.70877    0.0154106   0.00356275
      3.71021    0.0217068   0.00354498
      3.71164    0.0252828   0.00376603
      3.71308    0.0262613   0.00367983
      3.71452    0.0209576   0.00379181
      3.71596    0.0212853   0.00368620
      3.71739    0.0294906   0.00381233
      3.71883    0.0233370   0.00375829
      3.72027    0.0290907   0.00381696
      3.72170    0.0237232   0.00373262
      3.72314    0.0231064   0.00342118
      3.72458    0.0263883   0.00384305
      3.72601    0.0215507   0.00408915
      3.72745    0.0255967   0.00381570
      3.72888    0.0242205   0.00385407
      3.73032    0.0294712   0.00378701
      3.73176    0.0302930   0.00408677
      3.73319    0.0256018   0.00410858
      3.73463    0.0252234   0.00398067
      3.73606    0.0249380   0.00395077
      3.73750    0.0312981   0.00389458
      3.73893    0.0331831   0.00420561
      3.74037    0.0282343   0.00391890
      3.74181    0.0266761   0.00392961
      3.74324    0.0320770   0.00413832
      3.74468    0.0287321   0.00371529
      3.74611    0.0292933   0.00400534
      3.74755    0.0225895   0.00396131
      3.74898    0.0191432   0.00374596
      3.75041    0.0261814   0.00394015
      3.75185    0.0220777   0.00402283
      3.75328    0.0208252   0.00394248
      3.75472    0.0255890   0.00401615
      3.75615    0.0271550   0.00364782
      3.75759    0.0324458   0.00368363
      3.75902    0.0210961   0.00395680
      3.76045    0.0216638   0.00403340
      3.76189    0.0259758   0.00379955
      3.76332    0.0320139   0.00395823
      3.76476    0.0241890   0.00392196
      3.76619    0.0233879   0.00394632
      3.76762    0.0209581   0.00403725
      3.76906    0.0145752   0.00408347
      3.77049    0.0201615   0.00402218
      3.77192    0.0227752   0.00401077
      3.77335    0.0264103   0.00401759
      3.77479    0.0215030   0.00427147
      3.77622    0.0172337   0.00392156
      3.77765    0.0201060   0.00388538
      3.77908    0.0214507   0.00404816
      3.78052    0.0237523   0.00401096
      3.78195    0.0210531   0.00394227
      3.78338    0.0217921   0.00388980
      3.78481    0.0250563   0.00407730
      3.78625    0.0218920   0.00384185
      3.78768    0.0234692   0.00372599
      3.78911    0.0195025   0.00390306
      3.79054    0.0211288   0.00404692
      3.79197    0.0230479   0.00415458
      3.79340    0.0254923   0.00416003
      3.79483    0.0130398   0.00386742
      3.79627    0.0218740   0.00359315
      3.79770    0.0217000   0.00385976
      3.79913    0.0201663   0.00404721
      3.80056    0.0256333   0.00370640
      3.80199    0.0252314   0.00378900
      3.80342    0.0212861   0.00381504
      3.80485    0.0238830   0.00393238
      3.80628    0.0239412   0.00396266
      3.80771    0.0169125   0.00393361
      3.80914    0.0160216   0.00388442
      3.81057    0.0207739   0.00380919
      3.81200    0.0227509   0.00380549
      3.81343    0.0236052   0.00410360
      3.81486    0.0225569   0.00394829
      3.81629    0.0314708   0.00393410
      3.81772    0.0226343   0.00374632
      3.81915    0.0345943   0.00364032
      3.82057    0.0296726   0.00386295
      3.82200    0.0307922   0.00396232
      3.82343    0.0243187   0.00381333
      3.82486    0.0175311   0.00381761
      3.82629    0.0279540   0.00389592
      3.82772    0.0282860   0.00383882
      3.82915    0.0270940   0.00371709
      3.83057    0.0266620   0.00392062
      3.83200    0.0245863   0.00392237
      3.83343    0.0258480   0.00394032
      3.83486    0.0232377   0.00394363
      3.83629    0.0236481   0.00391784
      3.83771    0.0250781   0.00395275
      3.83914    0.0229604   0.00419681
      3.84057    0.0235086   0.00386561
      3.84199    0.0252772   0.00395416
      3.84342    0.0288053   0.00392792
      3.84485    0.0232235   0.00411751
      3.84627    0.0263437   0.00428916
      3.84770    0.0219593   0.00437283
      3.84913    0.0225842   0.00393035
      3.85055    0.0209718   0.00415750
      3.85198    0.0212167   0.00388754
      3.85341    0.0371449   0.00414357
      3.85483    0.0277329   0.00411010
      3.85626    0.0298431   0.00397794
      3.85768    0.0290106   0.00433245
      3.85911    0.0306561   0.00431467
      3.86053    0.0208151   0.00437476
      3.86196    0.0247936   0.00441134
      3.86338    0.0215284   0.00456022
      3.86481    0.0241650   0.00434332
      3.86623    0.0202655   0.00430249
      3.86766    0.0201334   0.00459940
      3.86908    0.0250484   0.00495631
      3.87051    0.0312185   0.00456368
      3.87193    0.0239166   0.00458945
      3.87335    0.0333766   0.00482544
      3.87478    0.0272346   0.00497026
      3.87620    0.0236764   0.00485245
      3.87762    0.0218790   0.00466260
      3.87905    0.0266534   0.00500192
      3.88047    0.0319586   0.00483784
      3.88189    0.0273300   0.00455678
      3.88332    0.0218819   0.00485605
      3.88474    0.0217035   0.00490795
      3.88616    0.0249975   0.00484405
      3.88758    0.0248805   0.00492331
      3.88901    0.0183779   0.00484521
      3.89043    0.0211141   0.00487108
      3.89185    0.0286901   0.00515236
      3.89327    0.0220036   0.00471966
      3.89469    0.0293190   0.00470780
      3.89612    0.0188757   0.00472596
      3.89754    0.0185284   0.00479627
      3.89896    0.0282757   0.00425359
      3.90038    0.0247265   0.00463814
      3.90180    0.0295445   0.00456784
      3.90322    0.0263247   0.00500763
      3.90464    0.0169053   0.00430884
      3.90606    0.0288337   0.00448283
      3.90748    0.0298834   0.00462034
      3.90890    0.0209984   0.00493656
      3.91032    0.0283247   0.00466594
      3.91174    0.0304770   0.00497900
      3.91316    0.0435209   0.00489577
      3.91458    0.0293864   0.00505569
      3.91600    0.0278542   0.00486493
      3.91742    0.0320556   0.00497436
      3.91884    0.0274461   0.00457854
      3.92026    0.0199153   0.00483272
      3.92168    0.0128185   0.00483117
      3.92309    0.0255936   0.00499074
      3.92451    0.0258374   0.00436828
      3.92593    0.0242096   0.00471257
      3.92735    0.0198056   0.00472583
      3.92877    0.0156090   0.00474741
      3.93018   0.00896085   0.00479364
      3.93160    0.0361732   0.00453489
      3.93302    0.0181552   0.00468708
      3.93444    0.0192538   0.00430907
      3.93585    0.0259693   0.00454038
      3.93727    0.0241320   0.00448770
      3.93869    0.0257833   0.00461356
      3.94010    0.0162225   0.00440672
      3.94152    0.0205143   0.00460803
      3.94294    0.0273399   0.00461356
      3.94435    0.0277897   0.00444569
      3.94577    0.0245073   0.00451379
      3.94718    0.0266285   0.00447795
      3.94860    0.0227833   0.00441565
      3.95001    0.0281116   0.00431374
      3.95143    0.0265804   0.00433449
      3.95284    0.0217524   0.00415926
      3.95426    0.0232554   0.00425794
      3.95567    0.0275970   0.00398010
      3.95709    0.0302214   0.00439759
      3.95850    0.0201571   0.00440830
      3.95992    0.0210288   0.00426769
      3.96133    0.0182398   0.00422474
      3.96274    0.0283159   0.00404016
      3.96416    0.0280753   0.00451968
      3.96557    0.0234517   0.00437644
      3.96698    0.0157305   0.00440078
      3.96840    0.0268484   0.00466977
      3.96981    0.0277812   0.00467505
      3.97122    0.0268530   0.00476237
      3.97263    0.0202147   0.00457397
      3.97405    0.0369205   0.00459631
      3.97546    0.0239276   0.00426777
      3.97687    0.0192470   0.00484726
      3.97828    0.0248912   0.00435602
      3.97969    0.0209327   0.00437092
      3.98110    0.0228808   0.00478790
      3.98252    0.0316635   0.00437313
      3.98393    0.0319594   0.00438613
      3.98534    0.0254955   0.00431733
      3.98675    0.0244379   0.00428325
      3.98816    0.0281215   0.00474761
      3.98957    0.0204806   0.00471234
      3.99098    0.0153717   0.00455153
      3.99239    0.0152603   0.00490113
      3.99380    0.0166388   0.00455580
      3.99521    0.0357540   0.00426776
      3.99662    0.0255207   0.00466694
      3.99803    0.0166882   0.00447143
      3.99943    0.0196111   0.00459938
      4.00084    0.0104032   0.00447080
      4.00225    0.0255910   0.00470832
      4.00366    0.0164873   0.00463310
      4.00507    0.0163958   0.00490320
      4.00647    0.0196632   0.00467566
      4.00788    0.0196044   0.00499179
      4.00929    0.0270854   0.00499870
      4.01070    0.0300360   0.00497721
      4.01210    0.0314732   0.00485385
      4.01351    0.0206486   0.00547997
      4.01492    0.0138068   0.00481118
      4.01632    0.0166838   0.00472798
      4.01773    0.0195571   0.00529567
      4.01914    0.0179620   0.00513786
      4.02054    0.0150003   0.00522284
      4.02195    0.0127497   0.00496639
      4.02335    0.0229454   0.00487106
      4.02476    0.0229576   0.00585726
      4.02616    0.0127471   0.00547101
      4.02757    0.0424108   0.00496811
      4.02897    0.0208562   0.00506905
      4.03038    0.0188138   0.00507723
      4.03178    0.0110236   0.00523902
      4.03319    0.0200652   0.00479641
      4.03459    0.0209622   0.00541050
      4.03599    0.0300308   0.00515920
      4.03740    0.0209361   0.00484785
      4.03880    0.0242955   0.00507659
      4.04020    0.0359066   0.00566682
      4.04161    0.0183227   0.00577010
      4.04301    0.0238162   0.00611664
      4.04441    0.0224390   0.00581685
      4.04581    0.0445525   0.00578032
      4.04721    0.0255671   0.00563233
      4.04862    0.0137833   0.00577989
      4.05002    0.0290362   0.00579566
      4.05142    0.0156978   0.00648095
      4.05282    0.0290998   0.00582964
      4.05422    0.0254636   0.00597266
      4.05562    0.0250350   0.00575076
      4.05702    0.0188352   0.00566695
      4.05842    0.0116276   0.00559220
      4.05982    0.0184752   0.00580007
      4.06122    0.0210710   0.00550984
      4.06262    0.0183088   0.00526293
      4.06402    0.0202971   0.00567947
      4.06542    0.0209161   0.00510996
      4.06682    0.0200724   0.00590268
      4.06822    0.0310745   0.00618926
      4.06962    0.0326260   0.00545672
      4.07101    0.0186206   0.00555214
      4.07241    0.0281314   0.00618540
      4.07381    0.0113331   0.00579038
      4.07521    0.0389755   0.00565415
      4.07661    0.0116579   0.00526439
      4.07800    0.0223279   0.00607103
      4.07940    0.0161466   0.00602507
      4.08080    0.0182466   0.00639225
      4.08219    0.0104712   0.00654100
      4.08359    0.0152387   0.00568752
      4.08499    0.0177724   0.00626388
      4.08638    0.0385799   0.00606401
      4.08778    0.0157590   0.00588892
      4.08917    0.0244637   0.00665187
      4.09057    0.0199484   0.00694497
      4.09196    0.0222576   0.00651109
      4.09336    0.0238364   0.00681613
      4.09475    0.0263239   0.00667510
      4.09615    0.0254481   0.00611799
      4.09754    0.0136901   0.00598711
      4.09893    0.0163917   0.00639153
      4.10033    0.0255611   0.00610397
      4.10172    0.0170321   0.00660559
      4.10311    0.0268532   0.00644880
      4.10451    0.0392563   0.00644048
      4.10590    0.0171634   0.00606842
      4.10729    0.0195971   0.00664351
      4.10868    0.0145442   0.00654539
      4.11007    0.0388519   0.00661689
      4.11147    0.0208746   0.00669606
      4.11286    0.0191756   0.00661468
      4.11425    0.0264311   0.00652334
      4.11564    0.0252519   0.00681649
      4.11703    0.0220425   0.00788011
      4.11842    0.0143758   0.00710697
      4.11981    0.0204246   0.00730954
      4.12120    0.0211016   0.00738648
      4.12259    0.0132103   0.00714566
      4.12398    0.0270413   0.00658806
      4.12537    0.0122053   0.00727876
      4.12676    0.0141406   0.00722110
      4.12815    0.0150510   0.00704826
      4.12953    0.0149001   0.00700599
      4.13092    0.0115266   0.00716281
      4.13231    0.0129041   0.00778972
      4.13370    0.0123025   0.00772623
      4.13509   0.00965865   0.00701741
      4.13647    0.0236434   0.00865587
      4.13786    0.0519795   0.00948146
      4.13925   0.00991662   0.00926899
      4.14063    0.0253563    0.0116056
      4.14202   0.00964377    0.0114927
      4.14340    0.0398954    0.0117215
      4.14479    0.0556990    0.0128410
      4.14618    0.0162343    0.0133190
      4.14756    0.0410053    0.0132277
      4.14895   0.00999144    0.0115925
      4.15033    0.0312459    0.0116127
      4.15171    0.0127688   0.00896270
      4.15310    0.0113191   0.00904880
      4.15448   0.00775384   0.00899704
      4.15587    0.0161654   0.00850150
      4.15725    0.0151147    0.0107508
      4.15863    0.0133278    0.0105059
      4.16002   0.00960759   0.00989136
      4.16140    0.0102771   0.00989791
      4.16278   0.00478309    0.0119572
      4.16416    0.0123880    0.0112480
      4.16554    0.0271828    0.0126822
      4.16693    0.0276430    0.0128833
      4.16831    0.0125607    0.0155041
      4.16969    0.0280194    0.0151242
      4.17107    0.0211117    0.0148200
      4.17245    0.0188000    0.0160283
      4.17383    0.0320858    0.0194356
      4.17521    0.0279112    0.0207074
      4.17659    0.0200346    0.0243844
      4.17797    0.0104352    0.0309600
      4.17935   0.00528642    0.0402452
      4.18073   -0.0199096    0.0614166
      4.18211   -0.0305070    0.0847940
      4.18349     0.161420     0.154809
      4.18486    0.0640749     0.365612
      4.18624   -0.0974685     0.872931
      4.18762    -0.479329      1.49136
      4.18900   -0.0414620      2.04662
      4.19037     -2.91042      4.33310
      4.19175   -0.0223728      2.82554
      4.19313      51.4277      1.74503
      4.19450     -16.4644      32.5533
      4.19588      6.49064      11.6950
      4.19725      125.112      3.54754
      4.19863      7.79481      9.72909
      4.20000     -2.49182      3.27140
      4.20138      13.3429      2.63741
      4.20275      9.58786      13.0143
      4.20413      2.66118      5.44784
      4.20550      58.8404      189.573
      4.20688     -14.1785      1.77304
      4.20825      65.6179      12.9764
      4.20962     -209.243      14808.6
      4.21100     -11.0299      4.08083
      4.21237      1.39569      3.12152
      4.21374      40.7613      6.53687
      4.21511      32.9045      54.1843
      4.21648      3.49441      4.17796
      4.21786      38.3538      389.281
      4.21923      2.43372      1.23150
      4.22060     -8.94991      3.31285
      4.22197      24.2187      2.60142
      4.22334      8.02582      4.56625
      4.22471      17.2807      7.62412
      4.22608     0.797051      1.93277
      4.22745      92.6761      9.17698
      4.22882     -50.7117      60.2137
      4.23019      15.3121      19.1834
      4.23155     -18.0199      1.59743
      4.23292     -1.48929      8.51489
      4.23429      17.5855      18.2103
      4.23566      7.38553      24.9592
      4.23703     -6.77180      3.47913
      4.23839     -2.37667      2.73832
      4.23976     -42.7965      3.68203
      4.24113      297.526      4556.09
      4.24249      50.2838      7.09592
      4.24386      54.9247      483.679
      4.24523     0.617171      2.85555
      4.24659      2.65949      3.06190
      4.24796     -10.8118      3.65970
      4.24932     -30.7979      111.685
      4.25069      11.7303      10.9682
      4.25205    -0.366949      2.16014
      4.25341     -4.80667      4.19052
      4.25478      0.00000      32.8434
