SOURCE  = SVS 4-2                       / Source name
STANDARD= BS 6629                       / Standard name
OBSDATE = 08-07-2003                    / Date of observation
SPOS    = 18:29:56.3   01:12:58.2       / Source position RA,DEC,J2000
STPOS   = 17:47:53.5   02:41:50.5       / Standard position RA,DEC,J2000
STSPT   = A0V                           / Standard spectral type
STTEFF  = 10800 (Blackwell & Lynas-Gray,/ Standard effective temperature [K]
STMAG   = 3.75                          / Standard magnitude (adopted)
WAVEZP  = 3.45                          / Wavelength zero point [micron]
FLUXZP  = 290                           / Flux zero point [Jy]
SAIRM   = 1.111                         / Source mean airmass
STAIRM  = 1.125                         / Standard mean airmass
AIRMCORR= 1.0                           / Optimal (adopted) airmass correction
SPECRES = ~1200                         / Spectral resolution

Created by K. M. Pontoppidan             Mon Oct  6 16:47:51 2003

Wavelength [micron] Flux [Jy] Statistical Error [Jy]

      2.79111      0.00000     0.289403
      2.79255     0.274006     0.288354
      2.79399     0.205430     0.282341
      2.79543     0.208985     0.285755
      2.79688     0.208827     0.283287
      2.79832    0.0516712     0.250706
      2.79976     0.375050     0.278871
      2.80120     -1.34325     0.588395
      2.80264     -5.92379      2.87315
      2.80408    0.0789445      4.88795
      2.80552      2.14612     0.711451
      2.80696     0.197737     0.253994
      2.80840    0.0697849    0.0898457
      2.80985    0.0529625    0.0451705
      2.81129    0.0934068    0.0366970
      2.81273    0.0269932    0.0377066
      2.81417   0.00949161    0.0562929
      2.81561   0.00584428    0.0776296
      2.81705    0.0796420    0.0845571
      2.81849   -0.0365630    0.0995655
      2.81994   -0.0541150    0.0623385
      2.82138   0.00884802    0.0255861
      2.82282    0.0208038    0.0139709
      2.82426    0.0167638    0.0100981
      2.82570    0.0114681   0.00859962
      2.82715    0.0143926   0.00763426
      2.82859    0.0104268   0.00652924
      2.83003    0.0140730   0.00642181
      2.83147    0.0146852   0.00853852
      2.83291   -0.0222397    0.0181143
      2.83436  -0.00960745    0.0375797
      2.83580  -0.00381118    0.0486051
      2.83724   0.00101245    0.0292102
      2.83868   0.00799562    0.0153368
      2.84012   0.00902513   0.00939771
      2.84157   0.00744687   0.00653822
      2.84301   0.00663509   0.00516119
      2.84445   0.00961708   0.00498560
      2.84589    0.0107311   0.00600299
      2.84734   0.00297773   0.00846304
      2.84878   0.00126248   0.00975465
      2.85022    0.0139927   0.00899962
      2.85166    0.0114699   0.00935649
      2.85311    0.0153463    0.0131464
      2.85455    0.0137289    0.0128850
      2.85599    0.0102230   0.00885950
      2.85743   0.00802545   0.00649837
      2.85888   0.00439341   0.00571762
      2.86032   0.00847357   0.00529681
      2.86176    0.0119189   0.00441158
      2.86320   0.00847527   0.00396350
      2.86465   0.00762720   0.00415892
      2.86609   0.00909798   0.00449625
      2.86753    0.0112183   0.00506417
      2.86898    0.0117695   0.00568225
      2.87042   0.00407183   0.00627539
      2.87186   0.00341447   0.00627803
      2.87331    0.0101482   0.00460916
      2.87475    0.0118155   0.00365264
      2.87619   0.00877661   0.00336811
      2.87763   0.00951401   0.00350095
      2.87908    0.0110139   0.00347021
      2.88052    0.0103220   0.00327899
      2.88196    0.0101441   0.00332749
      2.88341   0.00900987   0.00342050
      2.88485    0.0104074   0.00362660
      2.88629   0.00949354   0.00365890
      2.88774    0.0107853   0.00405268
      2.88918    0.0105313   0.00400955
      2.89062    0.0120489   0.00360477
      2.89207    0.0109950   0.00318298
      2.89351    0.0101442   0.00288351
      2.89495    0.0105507   0.00257290
      2.89640    0.0100518   0.00247310
      2.89784   0.00886843   0.00263492
      2.89929   0.00798681   0.00317025
      2.90073   0.00879549   0.00403239
      2.90217    0.0122449   0.00466621
      2.90362    0.0117967   0.00419064
      2.90506    0.0113230   0.00399372
      2.90650   0.00855784   0.00371774
      2.90795   0.00875347   0.00320843
      2.90939    0.0101438   0.00280529
      2.91084    0.0100468   0.00259658
      2.91228    0.0100568   0.00260153
      2.91372    0.0105167   0.00276243
      2.91517   0.00986591   0.00281763
      2.91661   0.00926973   0.00266738
      2.91806   0.00811855   0.00256843
      2.91950   0.00834204   0.00260449
      2.92094    0.0109171   0.00297257
      2.92239    0.0105925   0.00394863
      2.92383    0.0100273   0.00426239
      2.92528   0.00850829   0.00339006
      2.92672   0.00694024   0.00264109
      2.92816   0.00846170   0.00235458
      2.92961   0.00903737   0.00228723
      2.93105   0.00938198   0.00224347
      2.93250   0.00952325   0.00230296
      2.93394   0.00900194   0.00224732
      2.93539   0.00818523   0.00226507
      2.93683   0.00756932   0.00241114
      2.93827   0.00806193   0.00256685
      2.93972   0.00682493   0.00268526
      2.94116   0.00855740   0.00265277
      2.94261   0.00973377   0.00274432
      2.94405   0.00864251   0.00284178
      2.94550   0.00798882   0.00284706
      2.94694   0.00789191   0.00285504
      2.94839   0.00846089   0.00271179
      2.94983    0.0106743   0.00246496
      2.95127   0.00603173   0.00233733
      2.95272   0.00656430   0.00257513
      2.95416   0.00906912   0.00280910
      2.95561   0.00844474   0.00282503
      2.95705   0.00791881   0.00258380
      2.95850   0.00798423   0.00236597
      2.95994   0.00788123   0.00232773
      2.96139   0.00758237   0.00225172
      2.96283   0.00705477   0.00219511
      2.96428   0.00823701   0.00220439
      2.96572   0.00836342   0.00221890
      2.96717   0.00691986   0.00239147
      2.96861   0.00683836   0.00284417
      2.97006   0.00745157   0.00353126
      2.97150   0.00598404   0.00407931
      2.97295   0.00601178   0.00393172
      2.97439   0.00650978   0.00361325
      2.97584   0.00834817   0.00314566
      2.97728   0.00918873   0.00296836
      2.97873   0.00813113   0.00291294
      2.98017   0.00749394   0.00293539
      2.98162   0.00741973   0.00268103
      2.98306   0.00876286   0.00245919
      2.98451   0.00835515   0.00222638
      2.98595   0.00729872   0.00214282
      2.98740   0.00678927   0.00203054
      2.98884   0.00693902   0.00204197
      2.99029   0.00752867   0.00202874
      2.99173   0.00785515   0.00211410
      2.99318   0.00816354   0.00213952
      2.99462   0.00779501   0.00226952
      2.99607   0.00803082   0.00235773
      2.99751   0.00920451   0.00244578
      2.99896   0.00945284   0.00240617
      3.00040   0.00843494   0.00222752
      3.00185   0.00754181   0.00208563
      3.00329   0.00794041   0.00213793
      3.00474   0.00811230   0.00234084
      3.00618   0.00721528   0.00259963
      3.00763   0.00734462   0.00254955
      3.00907   0.00763950   0.00244597
      3.01052   0.00755382   0.00218376
      3.01196   0.00820527   0.00207277
      3.01341   0.00793891   0.00206063
      3.01485   0.00765367   0.00218114
      3.01630   0.00837954   0.00221043
      3.01774   0.00885255   0.00234789
      3.01919   0.00753252   0.00261055
      3.02064   0.00687662   0.00279778
      3.02208   0.00827094   0.00266006
      3.02353   0.00831409   0.00250886
      3.02497   0.00693882   0.00219458
      3.02642   0.00665769   0.00204356
      3.02786   0.00746480   0.00205641
      3.02931   0.00775361   0.00210236
      3.03075   0.00758991   0.00215773
      3.03220   0.00651537   0.00230711
      3.03364   0.00799947   0.00253885
      3.03509    0.0100975   0.00260128
      3.03653   0.00948772   0.00288255
      3.03798   0.00896714   0.00299420
      3.03943    0.0115008   0.00287731
      3.04087    0.0100343   0.00273144
      3.04232   0.00849308   0.00242418
      3.04376   0.00773379   0.00228248
      3.04521   0.00860714   0.00231282
      3.04665   0.00876244   0.00237637
      3.04810   0.00869638   0.00242210
      3.04954   0.00753121   0.00255128
      3.05099   0.00727879   0.00281522
      3.05244   0.00652933   0.00310434
      3.05388   0.00692696   0.00343761
      3.05533   0.00759739   0.00335395
      3.05677   0.00749438   0.00288070
      3.05822   0.00766172   0.00240597
      3.05966   0.00797489   0.00215126
      3.06111   0.00779386   0.00214698
      3.06255   0.00889975   0.00219619
      3.06400   0.00871714   0.00233223
      3.06545   0.00785795   0.00231545
      3.06689   0.00710290   0.00228152
      3.06834   0.00713119   0.00234003
      3.06978   0.00720480   0.00246737
      3.07123   0.00852814   0.00260553
      3.07267   0.00880142   0.00250810
      3.07412   0.00876475   0.00236993
      3.07557   0.00939938   0.00214138
      3.07701   0.00882223   0.00202776
      3.07846   0.00785946   0.00200024
      3.07990   0.00649666   0.00229673
      3.08135   0.00571781   0.00249858
      3.08279   0.00530498   0.00273148
      3.08424   0.00691959   0.00256569
      3.08568   0.00665612   0.00231412
      3.08713   0.00590895   0.00233973
      3.08858   0.00749074   0.00229049
      3.09002   0.00883218   0.00230482
      3.09147   0.00859070   0.00238237
      3.09291   0.00770291   0.00243950
      3.09436   0.00669713   0.00255684
      3.09580   0.00710041   0.00263617
      3.09725   0.00719174   0.00259898
      3.09870   0.00563593   0.00244216
      3.10014   0.00815304   0.00226321
      3.10159   0.00818721   0.00210598
      3.10303   0.00734419   0.00216959
      3.10448   0.00673696   0.00245904
      3.10592   0.00742428   0.00269498
      3.10737   0.00986880   0.00270883
      3.10882   0.00851566   0.00262388
      3.11026   0.00771138   0.00253530
      3.11171   0.00806728   0.00256661
      3.11315   0.00847530   0.00245991
      3.11460   0.00764286   0.00233989
      3.11604   0.00798412   0.00223075
      3.11749   0.00817865   0.00203904
      3.11894   0.00759260   0.00184250
      3.12038   0.00720471   0.00170028
      3.12183   0.00754214   0.00172930
      3.12327   0.00854463   0.00178945
      3.12472   0.00853283   0.00199026
      3.12616   0.00771456   0.00238398
      3.12761   0.00632514   0.00268037
      3.12906   0.00701010   0.00241171
      3.13050   0.00703435   0.00210120
      3.13195   0.00530310   0.00178512
      3.13339   0.00763403   0.00169234
      3.13484   0.00792163   0.00167593
      3.13628   0.00798000   0.00167599
      3.13773   0.00930392   0.00177287
      3.13917   0.00872018   0.00195024
      3.14062   0.00840330   0.00201045
      3.14207   0.00818037   0.00200443
      3.14351   0.00784070   0.00192799
      3.14496   0.00815000   0.00199227
      3.14640   0.00891478   0.00211076
      3.14785   0.00881078   0.00214208
      3.14929   0.00851164   0.00195913
      3.15074   0.00850867   0.00179476
      3.15219   0.00885050   0.00174088
      3.15363   0.00866266   0.00174060
      3.15508   0.00924740   0.00178499
      3.15652   0.00945210   0.00184809
      3.15797   0.00911245   0.00179523
      3.15941   0.00900003   0.00178615
      3.16086   0.00901903   0.00167692
      3.16230   0.00836158   0.00163194
      3.16375   0.00816395   0.00161909
      3.16520   0.00793180   0.00161823
      3.16664   0.00825052   0.00163058
      3.16809   0.00894138   0.00163235
      3.16953   0.00899004   0.00162435
      3.17098   0.00878263   0.00164538
      3.17242   0.00877368   0.00170110
      3.17387   0.00894193   0.00171836
      3.17531   0.00890465   0.00172343
      3.17676   0.00878419   0.00168778
      3.17821   0.00903541   0.00164655
      3.17965   0.00757497   0.00166116
      3.18110   0.00840775   0.00171620
      3.18254   0.00894603   0.00174804
      3.18399   0.00877908   0.00183572
      3.18543   0.00851060   0.00175743
      3.18688   0.00839951   0.00174166
      3.18832   0.00886445   0.00176344
      3.18977   0.00946035   0.00184879
      3.19121    0.0102401   0.00211772
      3.19266   0.00877949   0.00239336
      3.19411   0.00897092   0.00227182
      3.19555   0.00908299   0.00209658
      3.19700   0.00990944   0.00211195
      3.19844    0.0121139   0.00243446
      3.19989    0.0111926   0.00272320
      3.20133    0.0107184   0.00279007
      3.20278    0.0104938   0.00276954
      3.20422    0.0135065   0.00278770
      3.20567    0.0148927   0.00302885
      3.20711    0.0137052   0.00338500
      3.20856    0.0116663   0.00355801
      3.21000    0.0168883   0.00369473
      3.21145    0.0121962   0.00381073
      3.21289   0.00997936   0.00340657
      3.21434    0.0102657   0.00276514
      3.21579   0.00961130   0.00261888
      3.21723    0.0107838   0.00249208
      3.21868    0.0115018   0.00242402
      3.22012   0.00996731   0.00246169
      3.22157   0.00962030   0.00287977
      3.22301    0.0105560   0.00342616
      3.22446    0.0134343   0.00379374
      3.22590    0.0111913   0.00348912
      3.22735    0.0118037   0.00306416
      3.22879    0.0115409   0.00298711
      3.23024   0.00762602   0.00318469
      3.23168   0.00671356   0.00294354
      3.23313   0.00907156   0.00235911
      3.23457    0.0113426   0.00194074
      3.23602    0.0114519   0.00177968
      3.23746    0.0108255   0.00178367
      3.23891    0.0107310   0.00193735
      3.24035    0.0120679   0.00211379
      3.24180    0.0120501   0.00225039
      3.24324    0.0111006   0.00228517
      3.24469   0.00985404   0.00252383
      3.24613   0.00741266   0.00292268
      3.24758    0.0111222   0.00319387
      3.24902    0.0142021   0.00285988
      3.25047    0.0135830   0.00240974
      3.25191    0.0119234   0.00202184
      3.25336    0.0108338   0.00174473
      3.25480    0.0109550   0.00162569
      3.25625    0.0116253   0.00167129
      3.25769    0.0119396   0.00173607
      3.25914    0.0121566   0.00201842
      3.26058    0.0121002   0.00261197
      3.26203    0.0114977   0.00291039
      3.26347    0.0116001   0.00247976
      3.26492    0.0119757   0.00220442
      3.26636    0.0115911   0.00196780
      3.26780    0.0126499   0.00208272
      3.26925    0.0124839   0.00239399
      3.27069    0.0120147   0.00253871
      3.27214    0.0114067   0.00253840
      3.27358    0.0106469   0.00221542
      3.27503   0.00997729   0.00182954
      3.27647    0.0100484   0.00174068
      3.27792    0.0101291   0.00179277
      3.27936    0.0106731   0.00197958
      3.28081    0.0105154   0.00197787
      3.28225    0.0100770   0.00185487
      3.28370    0.0116079   0.00166072
      3.28514    0.0118160   0.00153069
      3.28658    0.0112380   0.00154346
      3.28803    0.0114533   0.00152194
      3.28947    0.0112453   0.00159733
      3.29092    0.0110056   0.00164450
      3.29236    0.0119617   0.00181651
      3.29381    0.0132249   0.00204993
      3.29525    0.0137869   0.00238437
      3.29669    0.0138092   0.00265213
      3.29814    0.0120627   0.00290824
      3.29958    0.0115879   0.00297793
      3.30103    0.0107214   0.00255696
      3.30247    0.0116121   0.00208957
      3.30392    0.0118503   0.00199029
      3.30536    0.0105161   0.00195922
      3.30680    0.0107501   0.00194357
      3.30825    0.0124684   0.00191154
      3.30969    0.0116824   0.00205997
      3.31114    0.0115657   0.00227327
      3.31258    0.0112684   0.00294228
      3.31403   0.00804878   0.00497661
      3.31547   0.00309281    0.0109993
      3.31691   0.00727488    0.0151193
      3.31836   0.00977116   0.00982968
      3.31980   0.00846689   0.00615963
      3.32125   0.00905625   0.00385604
      3.32269    0.0104557   0.00301978
      3.32413    0.0108897   0.00241419
      3.32558    0.0110627   0.00217058
      3.32702    0.0117283   0.00209471
      3.32846    0.0122840   0.00200104
      3.32991    0.0124808   0.00187831
      3.33135    0.0123623   0.00171310
      3.33280    0.0124027   0.00160310
      3.33424    0.0126078   0.00159390
      3.33568    0.0119347   0.00157480
      3.33713    0.0115594   0.00159432
      3.33857    0.0116596   0.00168162
      3.34002    0.0110493   0.00173717
      3.34146    0.0108403   0.00186776
      3.34290    0.0116212   0.00176039
      3.34435    0.0125012   0.00187226
      3.34579    0.0126688   0.00184569
      3.34723    0.0120884   0.00186536
      3.34868    0.0116215   0.00172904
      3.35012    0.0114740   0.00162059
      3.35156    0.0115946   0.00158752
      3.35301    0.0117490   0.00161348
      3.35445    0.0121730   0.00176717
      3.35589    0.0120697   0.00195335
      3.35734    0.0115434   0.00204314
      3.35878    0.0125449   0.00191477
      3.36022    0.0132515   0.00184539
      3.36167    0.0130970   0.00169607
      3.36311    0.0132593   0.00175011
      3.36455    0.0129163   0.00166441
      3.36600    0.0131305   0.00168317
      3.36744    0.0126478   0.00174524
      3.36888    0.0115750   0.00193239
      3.37033    0.0121285   0.00188669
      3.37177    0.0125488   0.00169966
      3.37321    0.0135330   0.00160560
      3.37466    0.0134371   0.00160763
      3.37610    0.0128815   0.00167140
      3.37754    0.0133936   0.00173479
      3.37899    0.0136798   0.00183955
      3.38043    0.0137036   0.00197962
      3.38187    0.0138038   0.00196487
      3.38331    0.0134408   0.00191751
      3.38476    0.0123342   0.00168759
      3.38620    0.0119300   0.00163830
      3.38764    0.0120534   0.00156111
      3.38909    0.0126219   0.00156234
      3.39053    0.0131637   0.00175848
      3.39197    0.0134855   0.00183704
      3.39341    0.0130899   0.00180313
      3.39486    0.0128237   0.00167775
      3.39630    0.0126814   0.00152789
      3.39774    0.0126244   0.00151379
      3.39919    0.0126726   0.00154636
      3.40063    0.0123635   0.00157395
      3.40207    0.0118364   0.00170698
      3.40351    0.0112145   0.00190212
      3.40496    0.0110973   0.00208584
      3.40640    0.0121012   0.00201802
      3.40784    0.0133544   0.00177910
      3.40928    0.0128168   0.00172527
      3.41073    0.0133576   0.00164536
      3.41217    0.0144989   0.00166988
      3.41361    0.0136153   0.00175940
      3.41505    0.0125906   0.00181820
      3.41649    0.0122321   0.00187905
      3.41794    0.0128172   0.00174830
      3.41938    0.0128290   0.00160215
      3.42082    0.0127057   0.00156569
      3.42226    0.0129914   0.00156629
      3.42371    0.0134185   0.00153745
      3.42515    0.0130181   0.00163807
      3.42659    0.0135090   0.00181541
      3.42803    0.0136416   0.00186207
      3.42947    0.0129511   0.00179505
      3.43092    0.0130638   0.00163922
      3.43236    0.0133660   0.00155853
      3.43380    0.0132518   0.00149258
      3.43524    0.0134417   0.00148826
      3.43668    0.0142666   0.00153140
      3.43813    0.0134235   0.00153892
      3.43957    0.0131185   0.00163205
      3.44101    0.0126916   0.00165278
      3.44245    0.0130732   0.00161973
      3.44389    0.0131069   0.00151521
      3.44533    0.0123438   0.00145722
      3.44678    0.0125299   0.00151674
      3.44822    0.0132692   0.00152436
      3.44966    0.0133618   0.00150027
      3.45110    0.0127966   0.00161227
      3.45254    0.0125193   0.00156014
      3.45398    0.0124521   0.00158751
      3.45543    0.0134306   0.00157319
      3.45687    0.0131343   0.00144208
      3.45831    0.0125167   0.00144595
      3.45975    0.0123770   0.00137549
      3.46119    0.0131937   0.00141415
      3.46263    0.0133570   0.00141852
      3.46407    0.0138384   0.00147963
      3.46551    0.0136006   0.00149900
      3.46696    0.0132814   0.00152137
      3.46840    0.0130148   0.00146719
      3.46984    0.0134606   0.00144631
      3.47128    0.0133629   0.00141672
      3.47272    0.0128206   0.00142043
      3.47416    0.0135147   0.00143252
      3.47560    0.0133368   0.00147495
      3.47704    0.0133562   0.00146163
      3.47849    0.0161033   0.00149654
      3.47993    0.0186930   0.00239117
      3.48137    0.0159521   0.00146267
      3.48281    0.0134703   0.00143990
      3.48425    0.0132480   0.00140918
      3.48569    0.0131959   0.00137939
      3.48713    0.0130330   0.00142514
      3.48857    0.0130738   0.00146210
      3.49001    0.0131555   0.00147363
      3.49145    0.0131561   0.00143389
      3.49289    0.0132681   0.00142851
      3.49433    0.0132967   0.00138983
      3.49577    0.0135353   0.00141298
      3.49721    0.0132393   0.00141672
      3.49866    0.0128108   0.00139686
      3.50010    0.0129634   0.00138815
      3.50154    0.0137962   0.00138793
      3.50298    0.0147508   0.00139775
      3.50442    0.0144138   0.00140523
      3.50586    0.0141096   0.00144924
      3.50730    0.0137060   0.00139903
      3.50874    0.0135243   0.00139975
      3.51018    0.0137801   0.00140244
      3.51162    0.0133164   0.00139285
      3.51306    0.0132803   0.00135325
      3.51450    0.0132703   0.00138758
      3.51594    0.0127982   0.00133520
      3.51738    0.0131696   0.00135000
      3.51882    0.0134659   0.00134718
      3.52026    0.0137100   0.00134188
      3.52170    0.0139617   0.00139483
      3.52314    0.0133235   0.00135607
      3.52458    0.0132763   0.00136918
      3.52602    0.0133510   0.00137562
      3.52746    0.0136693   0.00135887
      3.52890    0.0143333   0.00134774
      3.53034    0.0146776   0.00136705
      3.53178    0.0143407   0.00146474
      3.53322    0.0139325   0.00142675
      3.53466    0.0138167   0.00141676
      3.53610    0.0130727   0.00141231
      3.53754    0.0138990   0.00144983
      3.53898    0.0152974   0.00144528
      3.54042    0.0156337   0.00145172
      3.54185    0.0141741   0.00141819
      3.54329    0.0138368   0.00144512
      3.54473    0.0139278   0.00143222
      3.54617    0.0141007   0.00144953
      3.54761    0.0141698   0.00137531
      3.54905    0.0135492   0.00142219
      3.55049    0.0131988   0.00139006
      3.55193    0.0136674   0.00138244
      3.55337    0.0143579   0.00137856
      3.55481    0.0141691   0.00137555
      3.55625    0.0137305   0.00142568
      3.55769    0.0137213   0.00141922
      3.55913    0.0145846   0.00133685
      3.56056    0.0149111   0.00136712
      3.56200    0.0143866   0.00141256
      3.56344    0.0144660   0.00139281
      3.56488    0.0143403   0.00139933
      3.56632    0.0142499   0.00137954
      3.56776    0.0147848   0.00139868
      3.56920    0.0142107   0.00140672
      3.57064    0.0141773   0.00136912
      3.57208    0.0149335   0.00141417
      3.57351    0.0150887   0.00142578
      3.57495    0.0149460   0.00145366
      3.57639    0.0146506   0.00138768
      3.57783    0.0146836   0.00142780
      3.57927    0.0142178   0.00142345
      3.58071    0.0140166   0.00144170
      3.58215    0.0139395   0.00143519
      3.58358    0.0142055   0.00143003
      3.58502    0.0141725   0.00142564
      3.58646    0.0138589   0.00140808
      3.58790    0.0135056   0.00139070
      3.58934    0.0138540   0.00141855
      3.59078    0.0148237   0.00140764
      3.59221    0.0146118   0.00140243
      3.59365    0.0144940   0.00142746
      3.59509    0.0147277   0.00138419
      3.59653    0.0142150   0.00141534
      3.59797    0.0145471   0.00134038
      3.59940    0.0145538   0.00140281
      3.60084    0.0144500   0.00137221
      3.60228    0.0149128   0.00135445
      3.60372    0.0139618   0.00142138
      3.60516    0.0140808   0.00145621
      3.60659    0.0147083   0.00142678
      3.60803    0.0146980   0.00140595
      3.60947    0.0149871   0.00140702
      3.61091    0.0146451   0.00141081
      3.61234    0.0140303   0.00143671
      3.61378    0.0140238   0.00138885
      3.61522    0.0147949   0.00133928
      3.61666    0.0145460   0.00134364
      3.61809    0.0148698   0.00142834
      3.61953    0.0147968   0.00137635
      3.62097    0.0151393   0.00134036
      3.62241    0.0151941   0.00139424
      3.62384    0.0151311   0.00139757
      3.62528    0.0149393   0.00138223
      3.62672    0.0156441   0.00138297
      3.62816    0.0156345   0.00137867
      3.62959    0.0152229   0.00141986
      3.63103    0.0149882   0.00138361
      3.63247    0.0142427   0.00139312
      3.63390    0.0141420   0.00136560
      3.63534    0.0139874   0.00141612
      3.63678    0.0137872   0.00137253
      3.63822    0.0139429   0.00136366
      3.63965    0.0141602   0.00134303
      3.64109    0.0143193   0.00135428
      3.64253    0.0144830   0.00136875
      3.64396    0.0151851   0.00131948
      3.64540    0.0153668   0.00141086
      3.64684    0.0144310   0.00142706
      3.64827    0.0142296   0.00139074
      3.64971    0.0139299   0.00136951
      3.65115    0.0135711   0.00135823
      3.65258    0.0149422   0.00137294
      3.65402    0.0157890   0.00137580
      3.65546    0.0147382   0.00134138
      3.65689    0.0141196   0.00139563
      3.65833    0.0146684   0.00135545
      3.65977    0.0148747   0.00137275
      3.66120    0.0148776   0.00138214
      3.66264    0.0149162   0.00136691
      3.66407    0.0142068   0.00136691
      3.66551    0.0149044   0.00140030
      3.66695    0.0154477   0.00144810
      3.66838    0.0152587   0.00140309
      3.66982    0.0148666   0.00145558
      3.67126    0.0150690   0.00146570
      3.67269    0.0148199   0.00144659
      3.67413    0.0157550   0.00146858
      3.67556    0.0154745   0.00144058
      3.67700    0.0143127   0.00144713
      3.67844    0.0135861   0.00142502
      3.67987    0.0141561   0.00140413
      3.68131    0.0151680   0.00140029
      3.68274    0.0154784   0.00143808
      3.68418    0.0153486   0.00137291
      3.68561    0.0152122   0.00142345
      3.68705    0.0148486   0.00137046
      3.68849    0.0150214   0.00139734
      3.68992    0.0158362   0.00139380
      3.69136    0.0153172   0.00141804
      3.69279    0.0151679   0.00141483
      3.69423    0.0155892   0.00140734
      3.69566    0.0155003   0.00140272
      3.69710    0.0147656   0.00131380
      3.69853    0.0147378   0.00139148
      3.69997    0.0153136   0.00140341
      3.70140    0.0157262   0.00139934
      3.70284    0.0158702   0.00133695
      3.70427    0.0160174   0.00134459
      3.70571    0.0150825   0.00137827
      3.70714    0.0148102   0.00135713
      3.70858    0.0150413   0.00133736
      3.71002    0.0155904   0.00140085
      3.71145    0.0152194   0.00141044
      3.71288    0.0152232   0.00143727
      3.71432    0.0149712   0.00142444
      3.71575    0.0155268   0.00135454
      3.71719    0.0155231   0.00135032
      3.71862    0.0155879   0.00141013
      3.72006    0.0155796   0.00135416
      3.72149    0.0150523   0.00139737
      3.72293    0.0153425   0.00135149
      3.72436    0.0161465   0.00137047
      3.72580    0.0161966   0.00136604
      3.72723    0.0157963   0.00140889
      3.72867    0.0156617   0.00146002
      3.73010    0.0154222   0.00146725
      3.73154    0.0155403   0.00146646
      3.73297    0.0154428   0.00146793
      3.73440    0.0150810   0.00145732
      3.73584    0.0165547   0.00149206
      3.73727    0.0176673   0.00146273
      3.73871    0.0173838   0.00154278
      3.74014    0.0172550   0.00151394
      3.74158    0.0158816   0.00147492
      3.74301    0.0155059   0.00144934
      3.74444    0.0156785   0.00151302
      3.74588    0.0161342   0.00146719
      3.74731    0.0153269   0.00144440
      3.74875    0.0155424   0.00146325
      3.75018    0.0158009   0.00145833
      3.75161    0.0155875   0.00155967
      3.75305    0.0157232   0.00148976
      3.75448    0.0155890   0.00148197
      3.75591    0.0156508   0.00147427
      3.75735    0.0149109   0.00141224
      3.75878    0.0140830   0.00145080
      3.76022    0.0145686   0.00141354
      3.76165    0.0147635   0.00138946
      3.76308    0.0150521   0.00141679
      3.76452    0.0154022   0.00144821
      3.76595    0.0149125   0.00147336
      3.76738    0.0153603   0.00145463
      3.76882    0.0155655   0.00148385
      3.77025    0.0153374   0.00146916
      3.77168    0.0157030   0.00151006
      3.77312    0.0150865   0.00145575
      3.77455    0.0154388   0.00145868
      3.77598    0.0156223   0.00147587
      3.77742    0.0148448   0.00148284
      3.77885    0.0150874   0.00143348
      3.78028    0.0161247   0.00145282
      3.78171    0.0160184   0.00143837
      3.78315    0.0155989   0.00147629
      3.78458    0.0159556   0.00145086
      3.78601    0.0166296   0.00147324
      3.78745    0.0160795   0.00154468
      3.78888    0.0164991   0.00146697
      3.79031    0.0163875   0.00146938
      3.79174    0.0159719   0.00143235
      3.79318    0.0153255   0.00138797
      3.79461    0.0158278   0.00146907
      3.79604    0.0161078   0.00139458
      3.79748    0.0156581   0.00146679
      3.79891    0.0158344   0.00146413
      3.80034    0.0159769   0.00148246
      3.80177    0.0168412   0.00148480
      3.80321    0.0171239   0.00144366
      3.80464    0.0167453   0.00144143
      3.80607    0.0162319   0.00146991
      3.80750    0.0161028   0.00147678
      3.80893    0.0161443   0.00147914
      3.81037    0.0155610   0.00143316
      3.81180    0.0157227   0.00145436
      3.81323    0.0164783   0.00149267
      3.81466    0.0165947   0.00148793
      3.81610    0.0170109   0.00154576
      3.81753    0.0172443   0.00148628
      3.81896    0.0170771   0.00144407
      3.82039    0.0156382   0.00147994
      3.82182    0.0155097   0.00154853
      3.82325    0.0163552   0.00144195
      3.82469    0.0160027   0.00149097
      3.82612    0.0153620   0.00142911
      3.82755    0.0155688   0.00146956
      3.82898    0.0158471   0.00137252
      3.83041    0.0158966   0.00153275
      3.83185    0.0155410   0.00148330
      3.83328    0.0157619   0.00147460
      3.83471    0.0155285   0.00148981
      3.83614    0.0157993   0.00150177
      3.83757    0.0157631   0.00143725
      3.83900    0.0162436   0.00150667
      3.84043    0.0160003   0.00147268
      3.84187    0.0158110   0.00143726
      3.84330    0.0161472   0.00149164
      3.84473    0.0167907   0.00148920
      3.84616    0.0163967   0.00145947
      3.84759    0.0155173   0.00146722
      3.84902    0.0152542   0.00155509
      3.85045    0.0155980   0.00146803
      3.85188    0.0156066   0.00151769
      3.85331    0.0157898   0.00142147
      3.85475    0.0169066   0.00155335
      3.85618    0.0167696   0.00147883
      3.85761    0.0162365   0.00149355
      3.85904    0.0164407   0.00160379
      3.86047    0.0161850   0.00155223
      3.86190    0.0156938   0.00154514
      3.86333    0.0154784   0.00157576
      3.86476    0.0163995   0.00150456
      3.86619    0.0164263   0.00163537
      3.86762    0.0171938   0.00165855
      3.86905    0.0168768   0.00159129
      3.87048    0.0154131   0.00162931
      3.87191    0.0152160   0.00162533
      3.87334    0.0148426   0.00163420
      3.87478    0.0157608   0.00157878
      3.87621    0.0165104   0.00167265
      3.87764    0.0157892   0.00165443
      3.87907    0.0156117   0.00180273
      3.88050    0.0149665   0.00164764
      3.88193    0.0148319   0.00166064
      3.88336    0.0148878   0.00167621
      3.88479    0.0153265   0.00166793
      3.88622    0.0158650   0.00167518
      3.88765    0.0157386   0.00158225
      3.88908    0.0161521   0.00165056
      3.89051    0.0160573   0.00173983
      3.89194    0.0160461   0.00170806
      3.89337    0.0163631   0.00169916
      3.89480    0.0161457   0.00163748
      3.89623    0.0163199   0.00165157
      3.89766    0.0153370   0.00159617
      3.89909    0.0153364   0.00159801
      3.90052    0.0165692   0.00161128
      3.90195    0.0164152   0.00160835
      3.90338    0.0154269   0.00153016
      3.90481    0.0152880   0.00169003
      3.90624    0.0161916   0.00168805
      3.90766    0.0162963   0.00168356
      3.90909    0.0164406   0.00171460
      3.91052    0.0163042   0.00177668
      3.91195    0.0163811   0.00171787
      3.91338    0.0167949   0.00168973
      3.91481    0.0167066   0.00175919
      3.91624    0.0170372   0.00163115
      3.91767    0.0173390   0.00168522
      3.91910    0.0177030   0.00169298
      3.92053    0.0179242   0.00166688
      3.92196    0.0174005   0.00164447
      3.92339    0.0167457   0.00168195
      3.92482    0.0158320   0.00173897
      3.92625    0.0166332   0.00161852
      3.92767    0.0166964   0.00176587
      3.92910    0.0159583   0.00167347
      3.93053    0.0165638   0.00176334
      3.93196    0.0167502   0.00168482
      3.93339    0.0164654   0.00166537
      3.93482    0.0157485   0.00164874
      3.93625    0.0158951   0.00157409
      3.93768    0.0167075   0.00160989
      3.93911    0.0164317   0.00161865
      3.94053    0.0170935   0.00151065
      3.94196    0.0174939   0.00164550
      3.94339    0.0161156   0.00164950
      3.94482    0.0153613   0.00163843
      3.94625    0.0159975   0.00159727
      3.94768    0.0163894   0.00155873
      3.94911    0.0160593   0.00160971
      3.95053    0.0161081   0.00152933
      3.95196    0.0162348   0.00146198
      3.95339    0.0150488   0.00152510
      3.95482    0.0155139   0.00161658
      3.95625    0.0171397   0.00162892
      3.95768    0.0167666   0.00153523
      3.95910    0.0156524   0.00158279
      3.96053    0.0165401   0.00162455
      3.96196    0.0165634   0.00152282
      3.96339    0.0159956   0.00162838
      3.96482    0.0155834   0.00172509
      3.96624    0.0159124   0.00157260
      3.96767    0.0156483   0.00147287
      3.96910    0.0154128   0.00153355
      3.97053    0.0157805   0.00162504
      3.97196    0.0154944   0.00174117
      3.97338    0.0152159   0.00164489
      3.97481    0.0155850   0.00159629
      3.97624    0.0159839   0.00160050
      3.97767    0.0166630   0.00161677
      3.97910    0.0162211   0.00160493
      3.98052    0.0154425   0.00166396
      3.98195    0.0161826   0.00170230
      3.98338    0.0162735   0.00161028
      3.98481    0.0161482   0.00166852
      3.98623    0.0163461   0.00161797
      3.98766    0.0152904   0.00150042
      3.98909    0.0153937   0.00155777
      3.99052    0.0163310   0.00164319
      3.99194    0.0159129   0.00159980
      3.99337    0.0163680   0.00159890
      3.99480    0.0162776   0.00167430
      3.99623    0.0151096   0.00162543
      3.99765    0.0152462   0.00167659
      3.99908    0.0166396   0.00164741
      4.00051    0.0171970   0.00171770
      4.00193    0.0158056   0.00171383
      4.00336    0.0153641   0.00177819
      4.00479    0.0167270   0.00173052
      4.00622    0.0172842   0.00173921
      4.00764    0.0171602   0.00164897
      4.00907    0.0173444   0.00172899
      4.01050    0.0167232   0.00183909
      4.01192    0.0164312   0.00182082
      4.01335    0.0165414   0.00173972
      4.01478    0.0170463   0.00171904
      4.01620    0.0163414   0.00185383
      4.01763    0.0164663   0.00177416
      4.01906    0.0164547   0.00182155
      4.02048    0.0155870   0.00175659
      4.02191    0.0149999   0.00192016
      4.02334    0.0148679   0.00173982
      4.02476    0.0166767   0.00176469
      4.02619    0.0182705   0.00185009
      4.02762    0.0180265   0.00175716
      4.02904    0.0175267   0.00181474
      4.03047    0.0169619   0.00181638
      4.03190    0.0174179   0.00187721
      4.03332    0.0172348   0.00186724
      4.03475    0.0166447   0.00185431
      4.03618    0.0160644   0.00190124
      4.03760    0.0160515   0.00170583
      4.03903    0.0159765   0.00191615
      4.04045    0.0167137   0.00194088
      4.04188    0.0172590   0.00183774
      4.04331    0.0170824   0.00194968
      4.04473    0.0177184   0.00188417
      4.04616    0.0175147   0.00186949
      4.04759    0.0152577   0.00189832
      4.04901    0.0151075   0.00192160
      4.05044    0.0161900   0.00188767
      4.05186    0.0168901   0.00203234
      4.05329    0.0166481   0.00211810
      4.05472    0.0156058   0.00190169
      4.05614    0.0160662   0.00191184
      4.05757    0.0162351   0.00188010
      4.05899    0.0158449   0.00192290
      4.06042    0.0158768   0.00215189
      4.06184    0.0156573   0.00205582
      4.06327    0.0151713   0.00194873
      4.06470    0.0151689   0.00180841
      4.06612    0.0154131   0.00187211
      4.06755    0.0158181   0.00206023
      4.06897    0.0155244   0.00193231
      4.07040    0.0167844   0.00191432
      4.07182    0.0178358   0.00186437
      4.07325    0.0165085   0.00196783
      4.07467    0.0157635   0.00201502
      4.07610    0.0158947   0.00200172
      4.07753    0.0163592   0.00183321
      4.07895    0.0157902   0.00194509
      4.08038    0.0149176   0.00186794
      4.08180    0.0148545   0.00183531
      4.08323    0.0137938   0.00199834
      4.08465    0.0140709   0.00200993
      4.08608    0.0148357   0.00191451
      4.08750    0.0157280   0.00197750
      4.08893    0.0172156   0.00203026
      4.09035    0.0167837   0.00213441
      4.09178    0.0155033   0.00206797
      4.09320    0.0154993   0.00208604
      4.09463    0.0147011   0.00204719
      4.09605    0.0163979   0.00217703
      4.09748    0.0171035   0.00181001
      4.09890    0.0151319   0.00206726
      4.10033    0.0144990   0.00220571
      4.10175    0.0158386   0.00215644
      4.10318    0.0179045   0.00217142
      4.10460    0.0154634   0.00200794
      4.10603    0.0152596   0.00227853
      4.10745    0.0142233   0.00209352
      4.10888    0.0143003   0.00237017
      4.11030    0.0169694   0.00225183
      4.11173    0.0162121   0.00219849
      4.11315    0.0145713   0.00220443
      4.11458    0.0160937   0.00227305
      4.11600    0.0173193   0.00235091
      4.11743    0.0173231   0.00219913
      4.11885    0.0153497   0.00220861
      4.12027    0.0147809   0.00224955
      4.12170    0.0163883   0.00238861
      4.12312    0.0154986   0.00226198
      4.12455    0.0158552   0.00240253
      4.12597    0.0178927   0.00238011
      4.12740    0.0160981   0.00237582
      4.12882    0.0131838   0.00238006
      4.13025    0.0113142   0.00226570
      4.13167   0.00952717   0.00244634
      4.13309    0.0110914   0.00248334
      4.13452    0.0110998   0.00240361
      4.13594   0.00923367   0.00237951
      4.13737   0.00828939   0.00236183
      4.13879   0.00917837   0.00247784
      4.14022    0.0109995   0.00233611
      4.14164    0.0138164   0.00258711
      4.14306    0.0137370   0.00245068
      4.14449    0.0122063   0.00278952
      4.14591    0.0128713   0.00288200
      4.14734    0.0172763   0.00293561
      4.14876    0.0189947   0.00270529
      4.15018    0.0169605   0.00266024
      4.15161    0.0157752   0.00288282
      4.15303    0.0151590   0.00261798
      4.15446    0.0155135   0.00272049
      4.15588    0.0144467   0.00274923
      4.15730    0.0140334   0.00276622
      4.15873    0.0141520   0.00280271
      4.16015    0.0151797   0.00279821
      4.16158    0.0152410   0.00282951
      4.16300    0.0142255   0.00301863
      4.16442    0.0144134   0.00322235
      4.16585    0.0143586   0.00301064
      4.16727    0.0138558   0.00293752
      4.16869    0.0133248   0.00320886
      4.17012    0.0138481   0.00376032
      4.17154    0.0153332   0.00334567
      4.17296    0.0138685   0.00352293
      4.17439    0.0138274   0.00377393
      4.17581    0.0120906   0.00405657
      4.17724   0.00953898   0.00403350
      4.17866    0.0100711   0.00487547
      4.18008    0.0109991   0.00493917
      4.18151    0.0103705   0.00572780
      4.18293   0.00632201   0.00544201
      4.18435   0.00413072   0.00677644
      4.18578   0.00558179   0.00855069
      4.18720   0.00794550    0.0125455
      4.18862   0.00690525    0.0187299
      4.19005   -0.0116197    0.0323709
      4.19147   -0.0473411    0.0583471
      4.19289   -0.0110132     0.150439
      4.19432    0.0574828     0.282064
      4.19574    0.0542190     0.671601
      4.19716     -84.0607      2.14568
      4.19859     -98.1116      2.41996
      4.20001     -29.5437      23.7620
      4.20143      1.36793      35.5306
      4.20286      1.56899      2.44317
      4.20428     -41.2085      2.67509
      4.20570     -25.0691      6.62678
      4.20712     -7.21791      2.11440
      4.20855     -1.78583      6.59737
      4.20997      24.9106      27.8589
      4.21139      17.2399      11.5874
      4.21282      1.25823      2.15044
      4.21424     -6.02807      54.8686
      4.21566      1.17677      4.47794
      4.21709     -15.3650      4.09712
      4.21851     -11.4319      5.57959
      4.21993     -3.07882      7.01754
      4.22135     -2.86895      2.36983
      4.22278      1.15012      6.07298
      4.22420      1.79609      1.75118
      4.22562      1.15308      4.14626
      4.22705    -0.797198      4.03923
      4.22847     -1.52211      16.7143
      4.22989     -7.57939      1.95451
      4.23131      108.884      10.9885
      4.23274      69.3212      6.33593
      4.23416     0.466217      2.46528
      4.23558      13.3753      3.82492
      4.23700      5.89177      16.2698
      4.23843     -8.69908      8.80137
      4.23985     -9.44003      11.7718
      4.24127     -7.93410      172.696
      4.24269      310.246      3081.54
      4.24412      189.478      846.900
      4.24554     -4.56424      3.83216
      4.24696     -5.90853      9.69157
      4.24838      10.2683      8.50334
      4.24981     0.619716      15.1011
      4.25123      63.6732      6.20885
      4.25265      33.0201      5.53429
      4.25408     -6.09812      1.08198
      4.25550     0.806866      1.74295
      4.25692     -2.79833      11.6473
      4.25834      1.17294      10.0993
      4.25976      1.92913      4.58662
      4.26119      0.00000     0.309006
