SOURCE  = SVS 4-6                       / Source name
STANDARD= BS 6629                       / Standard name
OBSDATE = 23-08-2002                    / Date of observation
SPOS    =                               / Source position RA,DEC,J2000
STPOS   =                               / Standard position RA,DEC,J2000
STSPT   = A0V                           / Standard spectral type
STTEFF  = 10800                         / Standard effective temperature [K]
STMAG   = 3.75                          / Standard magnitude (adopted)
WAVEZP  = 3.45                          / Wavelength zero point [micron]
FLUXZP  = 290                           / Flux zero point [Jy]
SAIRM   =                               / Source mean airmass
STAIRM  =                               / Standard mean airmass
AIRMCORR=                               / Optimal (adopted) airmass correction
SPECRES = ~1200                         / Spectral resolution

Created by K. M. Pontoppidan             Tue Oct  7 19:21:51 2003

Wavelength [micron] Flux [Jy] Statistical Error [Jy]

      2.79111      0.00000     0.289399
      2.79255     0.107802     0.288351
      2.79399     0.106660     0.282340
      2.79543    0.0991297     0.285753
      2.79688    0.0915523     0.283286
      2.79832    0.0219940     0.250706
      2.79976    -0.400708     0.278879
      2.80120    -0.291085     0.588385
      2.80264    -0.551084      2.85681
      2.80408     -3.11757      4.87189
      2.80552    -0.432420     0.711396
      2.80696  -0.00202777     0.253992
      2.80840  -0.00894012    0.0898457
      2.80985   0.00447478    0.0451705
      2.81129    0.0138938    0.0366969
      2.81273  -0.00561134    0.0377066
      2.81417    0.0840291    0.0562930
      2.81561     0.117549    0.0776299
      2.81705     0.119344    0.0845573
      2.81849     0.104414    0.0995658
      2.81994    0.0770806    0.0623386
      2.82138    0.0123550    0.0255861
      2.82282  0.000592127    0.0139709
      2.82426  0.000842548    0.0100981
      2.82570   0.00955856   0.00859962
      2.82715   0.00796810   0.00763426
      2.82859   0.00558674   0.00652924
      2.83003    0.0137876   0.00642181
      2.83147    0.0107985   0.00853852
      2.83291    0.0174263    0.0181143
      2.83436   -0.0371608    0.0375797
      2.83580     0.117593    0.0486052
      2.83724    0.0312763    0.0292102
      2.83868    0.0221990    0.0153368
      2.84012   0.00785019   0.00939771
      2.84157   0.00824226   0.00653822
      2.84301   0.00774689   0.00516119
      2.84445    0.0113429   0.00498560
      2.84589   0.00887455   0.00600299
      2.84734   0.00482049   0.00846304
      2.84878   0.00824176   0.00975465
      2.85022    0.0173346   0.00899962
      2.85166  -0.00334287   0.00935649
      2.85311   0.00155462    0.0131464
      2.85455   0.00770693    0.0128850
      2.85599  5.27549e-05   0.00885950
      2.85743    0.0139441   0.00649837
      2.85888   0.00762578   0.00571762
      2.86032    0.0166590   0.00529681
      2.86176    0.0102117   0.00441158
      2.86320   0.00961086   0.00396350
      2.86465   0.00796638   0.00415892
      2.86609    0.0113232   0.00449625
      2.86753   0.00944956   0.00506417
      2.86898   0.00643915   0.00568225
      2.87042   0.00675309   0.00627539
      2.87186   0.00926089   0.00627803
      2.87331    0.0122982   0.00460916
      2.87475    0.0109602   0.00365264
      2.87619    0.0113240   0.00336811
      2.87763   0.00978710   0.00350095
      2.87908    0.0104797   0.00347021
      2.88052   0.00890287   0.00327899
      2.88196   0.00819867   0.00332749
      2.88341   0.00926208   0.00342050
      2.88485   0.00899862   0.00362660
      2.88629    0.0101300   0.00365890
      2.88774    0.0103621   0.00405268
      2.88918   0.00957410   0.00400955
      2.89062   0.00979192   0.00360477
      2.89207   0.00621334   0.00318298
      2.89351   0.00985215   0.00288351
      2.89495   0.00736132   0.00257290
      2.89640   0.00895160   0.00247310
      2.89784    0.0106059   0.00263492
      2.89929   0.00827093   0.00317025
      2.90073    0.0100314   0.00403239
      2.90217   0.00949612   0.00466621
      2.90362   0.00700941   0.00419064
      2.90506   0.00737257   0.00399372
      2.90650   0.00891769   0.00371774
      2.90795   0.00201640   0.00320843
      2.90939   0.00435516   0.00280529
      2.91084   0.00980630   0.00259658
      2.91228   0.00588384   0.00260153
      2.91372   0.00936204   0.00276243
      2.91517   0.00930031   0.00281763
      2.91661   0.00800688   0.00266738
      2.91806   0.00832788   0.00256843
      2.91950    0.0114223   0.00260449
      2.92094   0.00728349   0.00297257
      2.92239   0.00751600   0.00394863
      2.92383   0.00755291   0.00426239
      2.92528   0.00593479   0.00339006
      2.92672   0.00696762   0.00264109
      2.92816   0.00738469   0.00235458
      2.92961   0.00709071   0.00228723
      2.93105   0.00777433   0.00224347
      2.93250   0.00844234   0.00230296
      2.93394   0.00772234   0.00224732
      2.93539    0.0122178   0.00226507
      2.93683   0.00777883   0.00241114
      2.93827   0.00791067   0.00256685
      2.93972   0.00759832   0.00268526
      2.94116   0.00848047   0.00265277
      2.94261   0.00736200   0.00274432
      2.94405   0.00572900   0.00284178
      2.94550   0.00706803   0.00284706
      2.94694   0.00767066   0.00285504
      2.94839   0.00799437   0.00271179
      2.94983   0.00778003   0.00246496
      2.95127   0.00782090   0.00233733
      2.95272   0.00724739   0.00257513
      2.95416   0.00733888   0.00280910
      2.95561   0.00747332   0.00282503
      2.95705   0.00557018   0.00258380
      2.95850   0.00650944   0.00236597
      2.95994   0.00691331   0.00232773
      2.96139   0.00683380   0.00225172
      2.96283   0.00669887   0.00219511
      2.96428   0.00592800   0.00220439
      2.96572   0.00659057   0.00221890
      2.96717   0.00859288   0.00239147
      2.96861   0.00871199   0.00284417
      2.97006   0.00874839   0.00353126
      2.97150   0.00751693   0.00407931
      2.97295   0.00585232   0.00393172
      2.97439   0.00273673   0.00361325
      2.97584   0.00793156   0.00314566
      2.97728   0.00542249   0.00296836
      2.97873   0.00423348   0.00291294
      2.98017   0.00684219   0.00293539
      2.98162   0.00520438   0.00268103
      2.98306   0.00689000   0.00245919
      2.98451   0.00718139   0.00222638
      2.98595   0.00750452   0.00214282
      2.98740   0.00724226   0.00203054
      2.98884   0.00746323   0.00204197
      2.99029   0.00826064   0.00202874
      2.99173   0.00834735   0.00211410
      2.99318   0.00596372   0.00213952
      2.99462   0.00813480   0.00226952
      2.99607   0.00626677   0.00235773
      2.99751   0.00592395   0.00244578
      2.99896   0.00746757   0.00240617
      3.00040   0.00667574   0.00222752
      3.00185   0.00736547   0.00208563
      3.00329   0.00743069   0.00213793
      3.00474   0.00570484   0.00234084
      3.00618   0.00411185   0.00259963
      3.00763   0.00435823   0.00254955
      3.00907   0.00521915   0.00244597
      3.01052   0.00810641   0.00218376
      3.01196   0.00982376   0.00207277
      3.01341   0.00964271   0.00206063
      3.01485   0.00639786   0.00218114
      3.01630   0.00896108   0.00221043
      3.01774   0.00728946   0.00234789
      3.01919   0.00879822   0.00261055
      3.02064   0.00891480   0.00279778
      3.02208   0.00997689   0.00266006
      3.02353   0.00673577   0.00250886
      3.02497   0.00867229   0.00219458
      3.02642   0.00715873   0.00204356
      3.02786   0.00739285   0.00205641
      3.02931   0.00800225   0.00210236
      3.03075   0.00789251   0.00215773
      3.03220   0.00761695   0.00230711
      3.03364   0.00844453   0.00253885
      3.03509   0.00799079   0.00260128
      3.03653   0.00786813   0.00288255
      3.03798   0.00961262   0.00299420
      3.03943   0.00995267   0.00287731
      3.04087   0.00862910   0.00273144
      3.04232    0.0101131   0.00242418
      3.04376   0.00788408   0.00228248
      3.04521    0.0108517   0.00231282
      3.04665   0.00780230   0.00237637
      3.04810   0.00691463   0.00242210
      3.04954   0.00786604   0.00255128
      3.05099   0.00635732   0.00281522
      3.05244   0.00815939   0.00310434
      3.05388   0.00681160   0.00343761
      3.05533   0.00661100   0.00335395
      3.05677   0.00762774   0.00288070
      3.05822   0.00793605   0.00240597
      3.05966   0.00710785   0.00215126
      3.06111   0.00699484   0.00214698
      3.06255   0.00674468   0.00219619
      3.06400   0.00629160   0.00233223
      3.06545   0.00760294   0.00231545
      3.06689   0.00730729   0.00228152
      3.06834   0.00641262   0.00234003
      3.06978   0.00760848   0.00246737
      3.07123   0.00663457   0.00260553
      3.07267   0.00721953   0.00250810
      3.07412   0.00898546   0.00236993
      3.07557   0.00828040   0.00214138
      3.07701   0.00698974   0.00202776
      3.07846   0.00821305   0.00200024
      3.07990   0.00574675   0.00229673
      3.08135   0.00652721   0.00249858
      3.08279   0.00657611   0.00273148
      3.08424   0.00599593   0.00256569
      3.08568   0.00691425   0.00231412
      3.08713   0.00696586   0.00233973
      3.08858   0.00715202   0.00229049
      3.09002   0.00770090   0.00230482
      3.09147   0.00894850   0.00238237
      3.09291   0.00880743   0.00243950
      3.09436   0.00829559   0.00255684
      3.09580    0.0113749   0.00263617
      3.09725   0.00703239   0.00259898
      3.09870   0.00770449   0.00244216
      3.10014   0.00879819   0.00226321
      3.10159   0.00631944   0.00210598
      3.10303   0.00807767   0.00216959
      3.10448   0.00723678   0.00245904
      3.10592   0.00663156   0.00269498
      3.10737   0.00318437   0.00270883
      3.10882   0.00548851   0.00262388
      3.11026   0.00541739   0.00253530
      3.11171   0.00704328   0.00256661
      3.11315   0.00877407   0.00245991
      3.11460   0.00784217   0.00233989
      3.11604   0.00956050   0.00223075
      3.11749   0.00689850   0.00203904
      3.11894   0.00804991   0.00184250
      3.12038   0.00840575   0.00170028
      3.12183   0.00735346   0.00172930
      3.12327   0.00816549   0.00178945
      3.12472   0.00841336   0.00199026
      3.12616   0.00678823   0.00238398
      3.12761   0.00862511   0.00268037
      3.12906   0.00867648   0.00241171
      3.13050   0.00799864   0.00210120
      3.13195   0.00781613   0.00178512
      3.13339   0.00775907   0.00169234
      3.13484   0.00837894   0.00167593
      3.13628   0.00836148   0.00167599
      3.13773   0.00832380   0.00177287
      3.13917   0.00933583   0.00195024
      3.14062   0.00788754   0.00201045
      3.14207   0.00782291   0.00200443
      3.14351   0.00859779   0.00192799
      3.14496   0.00796587   0.00199227
      3.14640   0.00761183   0.00211076
      3.14785    0.0103524   0.00214208
      3.14929   0.00839181   0.00195913
      3.15074   0.00911885   0.00179476
      3.15219   0.00840860   0.00174088
      3.15363   0.00823497   0.00174060
      3.15508   0.00996665   0.00178499
      3.15652   0.00928922   0.00184809
      3.15797   0.00867713   0.00179523
      3.15941   0.00810241   0.00178615
      3.16086   0.00916228   0.00167692
      3.16230   0.00933918   0.00163194
      3.16375   0.00932103   0.00161909
      3.16520   0.00922159   0.00161823
      3.16664    0.0106404   0.00163058
      3.16809   0.00909076   0.00163235
      3.16953   0.00852787   0.00162435
      3.17098   0.00893051   0.00164538
      3.17242   0.00832565   0.00170110
      3.17387   0.00919070   0.00171836
      3.17531   0.00914802   0.00172343
      3.17676   0.00898292   0.00168778
      3.17821   0.00940082   0.00164655
      3.17965   0.00901420   0.00166116
      3.18110   0.00928977   0.00171620
      3.18254    0.0105941   0.00174804
      3.18399   0.00963470   0.00183572
      3.18543   0.00747926   0.00175743
      3.18688   0.00955913   0.00174166
      3.18832   0.00954757   0.00176344
      3.18977   0.00970013   0.00184879
      3.19121   0.00816692   0.00211772
      3.19266   0.00765846   0.00239336
      3.19411   0.00669361   0.00227182
      3.19555   0.00889301   0.00209658
      3.19700   0.00837087   0.00211195
      3.19844   0.00896103   0.00243446
      3.19989    0.0122869   0.00272320
      3.20133    0.0134787   0.00279007
      3.20278   0.00747819   0.00276954
      3.20422   0.00950958   0.00278770
      3.20567    0.0111712   0.00302885
      3.20711   0.00870030   0.00338500
      3.20856   0.00836946   0.00355801
      3.21000   0.00963563   0.00369473
      3.21145   0.00829616   0.00381073
      3.21289    0.0104390   0.00340657
      3.21434   0.00900694   0.00276514
      3.21579   0.00848898   0.00261888
      3.21723    0.0120815   0.00249208
      3.21868   0.00991020   0.00242402
      3.22012    0.0110230   0.00246169
      3.22157    0.0110595   0.00287977
      3.22301   0.00882759   0.00342616
      3.22446   0.00849768   0.00379374
      3.22590   0.00938740   0.00348912
      3.22735   0.00804898   0.00306416
      3.22879    0.0114817   0.00298711
      3.23024    0.0104813   0.00318469
      3.23168    0.0107945   0.00294354
      3.23313   0.00945272   0.00235911
      3.23457    0.0104164   0.00194074
      3.23602   0.00978726   0.00177968
      3.23746    0.0104251   0.00178367
      3.23891    0.0109705   0.00193735
      3.24035   0.00927022   0.00211379
      3.24180    0.0101964   0.00225039
      3.24324    0.0106387   0.00228517
      3.24469    0.0115995   0.00252383
      3.24613    0.0116897   0.00292268
      3.24758    0.0117451   0.00319387
      3.24902   0.00899318   0.00285988
      3.25047   0.00974583   0.00240974
      3.25191    0.0113329   0.00202184
      3.25336    0.0105925   0.00174473
      3.25480    0.0103260   0.00162569
      3.25625    0.0115400   0.00167129
      3.25769   0.00972767   0.00173607
      3.25914    0.0108217   0.00201842
      3.26058    0.0109764   0.00261197
      3.26203    0.0102704   0.00291039
      3.26347    0.0121404   0.00247976
      3.26492    0.0116263   0.00220442
      3.26636    0.0115926   0.00196780
      3.26780    0.0125756   0.00208272
      3.26925    0.0106833   0.00239399
      3.27069   0.00928312   0.00253871
      3.27214    0.0109346   0.00253840
      3.27358    0.0116439   0.00221542
      3.27503    0.0119187   0.00182954
      3.27647    0.0112671   0.00174068
      3.27792    0.0112712   0.00179277
      3.27936    0.0117689   0.00197958
      3.28081    0.0100266   0.00197787
      3.28225    0.0114180   0.00185487
      3.28370    0.0114219   0.00166072
      3.28514    0.0108609   0.00153069
      3.28658    0.0113427   0.00154346
      3.28803    0.0117449   0.00152194
      3.28947    0.0120635   0.00159733
      3.29092    0.0129248   0.00164450
      3.29236    0.0126130   0.00181651
      3.29381    0.0142123   0.00204993
      3.29525    0.0124857   0.00238437
      3.29669    0.0148978   0.00265213
      3.29814    0.0151205   0.00290824
      3.29958    0.0110765   0.00297793
      3.30103    0.0128669   0.00255696
      3.30247    0.0119971   0.00208957
      3.30392    0.0122252   0.00199029
      3.30536    0.0117258   0.00195922
      3.30680    0.0135254   0.00194357
      3.30825    0.0129383   0.00191154
      3.30969    0.0120378   0.00205997
      3.31114    0.0123203   0.00227327
      3.31258   0.00880599   0.00294228
      3.31403    0.0117573   0.00497661
      3.31547   0.00146553    0.0109993
      3.31691    0.0144166    0.0151193
      3.31836   0.00283081   0.00982968
      3.31980   0.00676415   0.00615963
      3.32125    0.0116001   0.00385604
      3.32269    0.0122442   0.00301978
      3.32413    0.0118249   0.00241419
      3.32558    0.0128712   0.00217058
      3.32702    0.0123154   0.00209471
      3.32846    0.0120639   0.00200104
      3.32991    0.0121629   0.00187831
      3.33135    0.0123333   0.00171310
      3.33280    0.0103840   0.00160310
      3.33424    0.0138431   0.00159390
      3.33568    0.0120498   0.00157480
      3.33713    0.0121707   0.00159432
      3.33857    0.0115161   0.00168162
      3.34002    0.0131303   0.00173717
      3.34146    0.0126284   0.00186776
      3.34290    0.0130096   0.00176039
      3.34435    0.0123137   0.00187226
      3.34579    0.0119829   0.00184569
      3.34723    0.0135531   0.00186536
      3.34868    0.0106784   0.00172904
      3.35012    0.0113330   0.00162059
      3.35156    0.0121325   0.00158752
      3.35301    0.0133239   0.00161348
      3.35445    0.0145610   0.00176717
      3.35589    0.0132704   0.00195335
      3.35734    0.0128165   0.00204314
      3.35878    0.0131448   0.00191477
      3.36022    0.0122294   0.00184539
      3.36167    0.0129905   0.00169607
      3.36311    0.0128938   0.00175011
      3.36455    0.0133456   0.00166441
      3.36600    0.0129598   0.00168317
      3.36744    0.0126710   0.00174524
      3.36888    0.0131818   0.00193239
      3.37033    0.0134080   0.00188669
      3.37177    0.0122696   0.00169966
      3.37321    0.0141966   0.00160560
      3.37466    0.0139425   0.00160763
      3.37610    0.0125198   0.00167140
      3.37754    0.0124110   0.00173479
      3.37899    0.0130242   0.00183955
      3.38043    0.0133143   0.00197962
      3.38187    0.0110591   0.00196487
      3.38331    0.0130964   0.00191751
      3.38476    0.0141242   0.00168759
      3.38620    0.0128350   0.00163830
      3.38764    0.0122839   0.00156111
      3.38909    0.0139463   0.00156234
      3.39053    0.0136399   0.00175848
      3.39197    0.0145664   0.00183704
      3.39341    0.0134912   0.00180313
      3.39486    0.0128498   0.00167775
      3.39630    0.0135764   0.00152789
      3.39774    0.0138801   0.00151379
      3.39919    0.0134943   0.00154636
      3.40063    0.0142351   0.00157395
      3.40207    0.0133069   0.00170698
      3.40351    0.0139829   0.00190212
      3.40496    0.0132551   0.00208584
      3.40640    0.0132570   0.00201802
      3.40784    0.0145844   0.00177910
      3.40928    0.0144075   0.00172527
      3.41073    0.0139367   0.00164536
      3.41217    0.0143984   0.00166988
      3.41361    0.0142902   0.00175940
      3.41505    0.0139759   0.00181820
      3.41649    0.0149906   0.00187905
      3.41794    0.0136060   0.00174830
      3.41938    0.0133591   0.00160215
      3.42082    0.0140591   0.00156569
      3.42226    0.0134576   0.00156629
      3.42371    0.0131361   0.00153745
      3.42515    0.0155760   0.00163807
      3.42659    0.0138060   0.00181541
      3.42803    0.0140499   0.00186207
      3.42947    0.0117986   0.00179505
      3.43092    0.0140259   0.00163922
      3.43236    0.0143075   0.00155853
      3.43380    0.0132524   0.00149258
      3.43524    0.0137163   0.00148826
      3.43668    0.0149947   0.00153140
      3.43813    0.0140694   0.00153892
      3.43957    0.0145758   0.00163205
      3.44101    0.0146649   0.00165278
      3.44245    0.0129224   0.00161973
      3.44389    0.0140842   0.00151521
      3.44533    0.0129523   0.00145722
      3.44678    0.0139422   0.00151674
      3.44822    0.0144455   0.00152436
      3.44966    0.0144332   0.00150027
      3.45110    0.0145141   0.00161227
      3.45254    0.0155344   0.00156014
      3.45398    0.0141492   0.00158751
      3.45543    0.0155926   0.00157319
      3.45687    0.0147837   0.00144208
      3.45831    0.0136016   0.00144595
      3.45975    0.0139543   0.00137549
      3.46119    0.0140648   0.00141415
      3.46263    0.0149742   0.00141852
      3.46407    0.0147686   0.00147963
      3.46551    0.0146486   0.00149900
      3.46696    0.0130974   0.00152137
      3.46840    0.0145948   0.00146719
      3.46984    0.0144181   0.00144631
      3.47128    0.0141465   0.00141672
      3.47272    0.0139619   0.00142043
      3.47416    0.0136917   0.00143252
      3.47560    0.0136998   0.00147495
      3.47704    0.0149816   0.00146163
      3.47849    0.0154073   0.00149654
      3.47993    0.0230576   0.00239117
      3.48137    0.0149961   0.00146267
      3.48281    0.0145417   0.00143990
      3.48425    0.0152451   0.00140918
      3.48569    0.0154283   0.00137939
      3.48713    0.0153385   0.00142514
      3.48857    0.0142471   0.00146210
      3.49001    0.0144763   0.00147363
      3.49145    0.0137506   0.00143389
      3.49289    0.0147950   0.00142851
      3.49433    0.0150633   0.00138983
      3.49577    0.0141431   0.00141298
      3.49721    0.0144026   0.00141672
      3.49866    0.0144825   0.00139686
      3.50010    0.0133073   0.00138815
      3.50154    0.0144039   0.00138793
      3.50298    0.0151820   0.00139775
      3.50442    0.0156253   0.00140523
      3.50586    0.0147313   0.00144924
      3.50730    0.0144072   0.00139903
      3.50874    0.0139040   0.00139975
      3.51018    0.0143817   0.00140244
      3.51162    0.0140489   0.00139285
      3.51306    0.0136749   0.00135325
      3.51450    0.0152113   0.00138758
      3.51594    0.0143340   0.00133520
      3.51738    0.0143228   0.00135000
      3.51882    0.0143564   0.00134718
      3.52026    0.0148002   0.00134188
      3.52170    0.0151479   0.00139483
      3.52314    0.0141812   0.00135607
      3.52458    0.0141006   0.00136918
      3.52602    0.0144972   0.00137562
      3.52746    0.0145570   0.00135887
      3.52890    0.0143801   0.00134774
      3.53034    0.0140500   0.00136705
      3.53178    0.0152538   0.00146474
      3.53322    0.0147027   0.00142675
      3.53466    0.0148108   0.00141676
      3.53610    0.0140969   0.00141231
      3.53754    0.0152463   0.00144983
      3.53898    0.0150157   0.00144528
      3.54042    0.0160738   0.00145172
      3.54185    0.0156836   0.00141819
      3.54329    0.0143580   0.00144512
      3.54473    0.0154686   0.00143222
      3.54617    0.0149462   0.00144953
      3.54761    0.0150517   0.00137531
      3.54905    0.0160422   0.00142219
      3.55049    0.0148936   0.00139006
      3.55193    0.0145720   0.00138244
      3.55337    0.0155768   0.00137856
      3.55481    0.0150173   0.00137555
      3.55625    0.0146542   0.00142568
      3.55769    0.0157403   0.00141922
      3.55913    0.0153341   0.00133685
      3.56056    0.0154898   0.00136712
      3.56200    0.0156129   0.00141256
      3.56344    0.0158923   0.00139281
      3.56488    0.0152381   0.00139933
      3.56632    0.0145879   0.00137954
      3.56776    0.0154142   0.00139868
      3.56920    0.0150963   0.00140672
      3.57064    0.0153208   0.00136912
      3.57208    0.0154327   0.00141417
      3.57351    0.0163202   0.00142578
      3.57495    0.0159130   0.00145366
      3.57639    0.0158043   0.00138768
      3.57783    0.0159201   0.00142780
      3.57927    0.0159572   0.00142345
      3.58071    0.0159206   0.00144170
      3.58215    0.0154311   0.00143519
      3.58358    0.0155890   0.00143003
      3.58502    0.0153067   0.00142564
      3.58646    0.0148028   0.00140808
      3.58790    0.0159841   0.00139070
      3.58934    0.0178067   0.00141855
      3.59078    0.0160733   0.00140764
      3.59221    0.0162922   0.00140243
      3.59365    0.0149958   0.00142746
      3.59509    0.0145845   0.00138419
      3.59653    0.0160788   0.00141534
      3.59797    0.0164291   0.00134038
      3.59940    0.0168794   0.00140281
      3.60084    0.0157624   0.00137221
      3.60228    0.0153118   0.00135445
      3.60372    0.0155202   0.00142138
      3.60516    0.0147292   0.00145621
      3.60659    0.0166537   0.00142678
      3.60803    0.0162036   0.00140595
      3.60947    0.0152533   0.00140702
      3.61091    0.0164465   0.00141081
      3.61234    0.0158103   0.00143671
      3.61378    0.0155708   0.00138885
      3.61522    0.0162017   0.00133928
      3.61666    0.0165129   0.00134364
      3.61809    0.0162183   0.00142834
      3.61953    0.0164229   0.00137635
      3.62097    0.0166494   0.00134036
      3.62241    0.0159706   0.00139424
      3.62384    0.0158242   0.00139757
      3.62528    0.0153829   0.00138223
      3.62672    0.0161367   0.00138297
      3.62816    0.0160236   0.00137867
      3.62959    0.0160124   0.00141986
      3.63103    0.0165209   0.00138361
      3.63247    0.0161262   0.00139312
      3.63390    0.0159411   0.00136560
      3.63534    0.0165308   0.00141612
      3.63678    0.0167165   0.00137253
      3.63822    0.0161598   0.00136366
      3.63965    0.0162788   0.00134303
      3.64109    0.0159123   0.00135428
      3.64253    0.0161297   0.00136875
      3.64396    0.0164711   0.00131948
      3.64540    0.0173244   0.00141086
      3.64684    0.0166577   0.00142706
      3.64827    0.0165390   0.00139074
      3.64971    0.0167611   0.00136951
      3.65115    0.0176282   0.00135823
      3.65258    0.0158079   0.00137294
      3.65402    0.0161824   0.00137580
      3.65546    0.0161965   0.00134138
      3.65689    0.0158588   0.00139563
      3.65833    0.0172448   0.00135545
      3.65977    0.0173143   0.00137275
      3.66120    0.0176924   0.00138214
      3.66264    0.0171199   0.00136691
      3.66407    0.0162609   0.00136691
      3.66551    0.0168185   0.00140030
      3.66695    0.0174649   0.00144810
      3.66838    0.0167131   0.00140309
      3.66982    0.0181305   0.00145558
      3.67126    0.0171198   0.00146570
      3.67269    0.0169670   0.00144659
      3.67413    0.0175468   0.00146858
      3.67556    0.0169809   0.00144058
      3.67700    0.0170121   0.00144713
      3.67844    0.0169485   0.00142502
      3.67987    0.0171082   0.00140413
      3.68131    0.0165658   0.00140029
      3.68274    0.0171157   0.00143808
      3.68418    0.0178173   0.00137291
      3.68561    0.0187884   0.00142345
      3.68705    0.0176531   0.00137046
      3.68849    0.0169244   0.00139734
      3.68992    0.0163770   0.00139380
      3.69136    0.0177587   0.00141804
      3.69279    0.0173973   0.00141483
      3.69423    0.0166334   0.00140734
      3.69566    0.0162977   0.00140272
      3.69710    0.0169163   0.00131380
      3.69853    0.0172159   0.00139148
      3.69997    0.0177803   0.00140341
      3.70140    0.0177314   0.00139934
      3.70284    0.0173504   0.00133695
      3.70427    0.0167256   0.00134459
      3.70571    0.0183898   0.00137827
      3.70714    0.0180146   0.00135713
      3.70858    0.0173348   0.00133736
      3.71002    0.0172960   0.00140085
      3.71145    0.0173282   0.00141044
      3.71288    0.0171655   0.00143727
      3.71432    0.0165324   0.00142444
      3.71575    0.0168688   0.00135454
      3.71719    0.0173558   0.00135032
      3.71862    0.0173487   0.00141013
      3.72006    0.0171242   0.00135416
      3.72149    0.0173548   0.00139737
      3.72293    0.0170794   0.00135149
      3.72436    0.0182582   0.00137047
      3.72580    0.0178471   0.00136604
      3.72723    0.0180241   0.00140889
      3.72867    0.0182458   0.00146002
      3.73010    0.0185638   0.00146725
      3.73154    0.0178617   0.00146646
      3.73297    0.0183937   0.00146793
      3.73440    0.0191483   0.00145732
      3.73584    0.0187209   0.00149206
      3.73727    0.0190658   0.00146273
      3.73871    0.0204986   0.00154278
      3.74014    0.0217609   0.00151394
      3.74158    0.0196447   0.00147492
      3.74301    0.0208254   0.00144934
      3.74444    0.0190694   0.00151302
      3.74588    0.0193676   0.00146719
      3.74731    0.0189337   0.00144440
      3.74875    0.0180702   0.00146325
      3.75018    0.0186929   0.00145833
      3.75161    0.0187302   0.00155967
      3.75305    0.0179090   0.00148976
      3.75448    0.0183727   0.00148197
      3.75591    0.0182256   0.00147427
      3.75735    0.0185983   0.00141224
      3.75878    0.0179374   0.00145080
      3.76022    0.0185351   0.00141354
      3.76165    0.0175932   0.00138946
      3.76308    0.0176609   0.00141679
      3.76452    0.0190649   0.00144821
      3.76595    0.0177324   0.00147336
      3.76738    0.0187035   0.00145463
      3.76882    0.0179752   0.00148385
      3.77025    0.0177718   0.00146916
      3.77168    0.0176487   0.00151006
      3.77312    0.0174855   0.00145575
      3.77455    0.0181398   0.00145868
      3.77598    0.0192511   0.00147587
      3.77742    0.0183001   0.00148284
      3.77885    0.0180064   0.00143348
      3.78028    0.0180844   0.00145282
      3.78171    0.0179382   0.00143837
      3.78315    0.0179863   0.00147629
      3.78458    0.0172224   0.00145086
      3.78601    0.0188122   0.00147324
      3.78745    0.0168618   0.00154468
      3.78888    0.0179538   0.00146697
      3.79031    0.0173305   0.00146938
      3.79174    0.0177380   0.00143235
      3.79318    0.0184585   0.00138797
      3.79461    0.0168902   0.00146907
      3.79604    0.0181945   0.00139458
      3.79748    0.0174903   0.00146679
      3.79891    0.0183992   0.00146413
      3.80034    0.0174182   0.00148246
      3.80177    0.0183304   0.00148480
      3.80321    0.0182051   0.00144366
      3.80464    0.0186851   0.00144143
      3.80607    0.0172300   0.00146991
      3.80750    0.0185770   0.00147678
      3.80893    0.0181058   0.00147914
      3.81037    0.0178772   0.00143316
      3.81180    0.0185564   0.00145436
      3.81323    0.0173663   0.00149267
      3.81466    0.0185747   0.00148793
      3.81610    0.0205318   0.00154576
      3.81753    0.0180435   0.00148628
      3.81896    0.0182521   0.00144407
      3.82039    0.0185866   0.00147994
      3.82182    0.0193106   0.00154853
      3.82325    0.0183984   0.00144195
      3.82469    0.0169730   0.00149097
      3.82612    0.0184727   0.00142911
      3.82755    0.0175443   0.00146956
      3.82898    0.0183072   0.00137252
      3.83041    0.0190495   0.00153275
      3.83185    0.0184646   0.00148330
      3.83328    0.0184314   0.00147460
      3.83471    0.0184624   0.00148981
      3.83614    0.0166066   0.00150177
      3.83757    0.0177942   0.00143725
      3.83900    0.0180460   0.00150667
      3.84043    0.0178487   0.00147268
      3.84187    0.0184238   0.00143726
      3.84330    0.0192980   0.00149164
      3.84473    0.0196206   0.00148920
      3.84616    0.0179532   0.00145947
      3.84759    0.0193750   0.00146722
      3.84902    0.0184667   0.00155509
      3.85045    0.0194668   0.00146803
      3.85188    0.0193964   0.00151769
      3.85331    0.0184041   0.00142147
      3.85475    0.0193407   0.00155335
      3.85618    0.0186940   0.00147883
      3.85761    0.0188686   0.00149355
      3.85904    0.0187586   0.00160379
      3.86047    0.0175446   0.00155223
      3.86190    0.0191653   0.00154514
      3.86333    0.0186940   0.00157576
      3.86476    0.0174094   0.00150456
      3.86619    0.0188654   0.00163537
      3.86762    0.0192603   0.00165855
      3.86905    0.0183743   0.00159129
      3.87048    0.0192653   0.00162931
      3.87191    0.0190522   0.00162533
      3.87334    0.0195614   0.00163420
      3.87478    0.0192171   0.00157878
      3.87621    0.0186792   0.00167265
      3.87764    0.0184995   0.00165443
      3.87907    0.0192697   0.00180273
      3.88050    0.0205826   0.00164764
      3.88193    0.0207147   0.00166064
      3.88336    0.0192791   0.00167621
      3.88479    0.0182540   0.00166793
      3.88622    0.0198285   0.00167518
      3.88765    0.0189238   0.00158225
      3.88908    0.0192078   0.00165056
      3.89051    0.0193818   0.00173983
      3.89194    0.0189289   0.00170806
      3.89337    0.0181533   0.00169916
      3.89480    0.0199447   0.00163748
      3.89623    0.0210654   0.00165157
      3.89766    0.0187191   0.00159617
      3.89909    0.0193493   0.00159801
      3.90052    0.0188963   0.00161128
      3.90195    0.0195726   0.00160835
      3.90338    0.0205044   0.00153016
      3.90481    0.0193464   0.00169003
      3.90624    0.0201937   0.00168805
      3.90766    0.0196771   0.00168356
      3.90909    0.0188127   0.00171460
      3.91052    0.0191251   0.00177668
      3.91195    0.0204868   0.00171787
      3.91338    0.0206743   0.00168973
      3.91481    0.0188419   0.00175919
      3.91624    0.0195075   0.00163115
      3.91767    0.0185284   0.00168522
      3.91910    0.0184393   0.00169298
      3.92053    0.0190434   0.00166688
      3.92196    0.0198463   0.00164447
      3.92339    0.0210753   0.00168195
      3.92482    0.0198341   0.00173898
      3.92625    0.0187089   0.00161852
      3.92767    0.0193630   0.00176587
      3.92910    0.0204816   0.00167347
      3.93053    0.0188383   0.00176334
      3.93196    0.0192951   0.00168482
      3.93339    0.0186988   0.00166537
      3.93482    0.0189863   0.00164874
      3.93625    0.0195145   0.00157409
      3.93768    0.0177002   0.00160989
      3.93911    0.0189733   0.00161865
      3.94053    0.0198288   0.00151065
      3.94196    0.0199017   0.00164551
      3.94339    0.0197257   0.00164950
      3.94482    0.0193957   0.00163843
      3.94625    0.0193598   0.00159727
      3.94768    0.0184756   0.00155873
      3.94911    0.0187797   0.00160971
      3.95053    0.0191588   0.00152933
      3.95196    0.0180921   0.00146198
      3.95339    0.0190339   0.00152510
      3.95482    0.0202329   0.00161658
      3.95625    0.0198987   0.00162892
      3.95768    0.0202273   0.00153523
      3.95910    0.0195363   0.00158279
      3.96053    0.0190649   0.00162455
      3.96196    0.0181486   0.00152282
      3.96339    0.0184899   0.00162838
      3.96482    0.0182853   0.00172509
      3.96624    0.0188074   0.00157260
      3.96767    0.0189720   0.00147287
      3.96910    0.0197131   0.00153355
      3.97053    0.0189722   0.00162504
      3.97196    0.0192921   0.00174117
      3.97338    0.0196099   0.00164489
      3.97481    0.0189950   0.00159629
      3.97624    0.0190062   0.00160050
      3.97767    0.0181296   0.00161677
      3.97910    0.0177479   0.00160493
      3.98052    0.0185926   0.00166396
      3.98195    0.0183891   0.00170230
      3.98338    0.0193050   0.00161028
      3.98481    0.0178198   0.00166852
      3.98623    0.0187185   0.00161797
      3.98766    0.0198009   0.00150042
      3.98909    0.0193164   0.00155777
      3.99052    0.0212233   0.00164319
      3.99194    0.0192588   0.00159980
      3.99337    0.0190083   0.00159890
      3.99480    0.0208867   0.00167430
      3.99623    0.0178841   0.00162543
      3.99765    0.0198330   0.00167659
      3.99908    0.0188769   0.00164741
      4.00051    0.0192913   0.00171771
      4.00193    0.0189282   0.00171383
      4.00336    0.0186783   0.00177819
      4.00479    0.0175319   0.00173052
      4.00622    0.0194067   0.00173921
      4.00764    0.0193895   0.00164897
      4.00907    0.0187989   0.00172899
      4.01050    0.0186173   0.00183909
      4.01192    0.0188358   0.00182082
      4.01335    0.0202037   0.00173972
      4.01478    0.0209378   0.00171904
      4.01620    0.0200882   0.00185383
      4.01763    0.0198893   0.00177416
      4.01906    0.0196127   0.00182155
      4.02048    0.0192828   0.00175659
      4.02191    0.0207203   0.00192016
      4.02334    0.0200325   0.00173982
      4.02476    0.0196160   0.00176469
      4.02619    0.0207730   0.00185009
      4.02762    0.0206704   0.00175716
      4.02904    0.0193746   0.00181474
      4.03047    0.0180556   0.00181638
      4.03190    0.0206677   0.00187721
      4.03332    0.0217125   0.00186724
      4.03475    0.0210072   0.00185431
      4.03618    0.0186645   0.00190124
      4.03760    0.0205301   0.00170583
      4.03903    0.0208166   0.00191615
      4.04045    0.0225909   0.00194088
      4.04188    0.0195015   0.00183774
      4.04331    0.0206740   0.00194968
      4.04473    0.0195814   0.00188417
      4.04616    0.0216301   0.00186949
      4.04759    0.0210170   0.00189832
      4.04901    0.0208611   0.00192160
      4.05044    0.0218455   0.00188767
      4.05186    0.0218390   0.00203234
      4.05329    0.0239248   0.00211810
      4.05472    0.0246189   0.00190169
      4.05614    0.0236592   0.00191184
      4.05757    0.0227062   0.00188011
      4.05899    0.0198361   0.00192290
      4.06042    0.0200537   0.00215189
      4.06184    0.0205235   0.00205582
      4.06327    0.0203941   0.00194873
      4.06470    0.0194299   0.00180841
      4.06612    0.0195534   0.00187211
      4.06755    0.0219934   0.00206023
      4.06897    0.0207992   0.00193231
      4.07040    0.0207859   0.00191433
      4.07182    0.0187036   0.00186437
      4.07325    0.0203071   0.00196783
      4.07467    0.0207668   0.00201502
      4.07610    0.0194122   0.00200172
      4.07753    0.0208493   0.00183321
      4.07895    0.0223841   0.00194510
      4.08038    0.0221640   0.00186795
      4.08180    0.0170302   0.00183531
      4.08323    0.0190764   0.00199834
      4.08465    0.0215283   0.00200993
      4.08608    0.0203407   0.00191451
      4.08750    0.0205961   0.00197750
      4.08893    0.0197807   0.00203026
      4.09035    0.0185349   0.00213441
      4.09178    0.0205072   0.00206797
      4.09320    0.0188973   0.00208604
      4.09463    0.0189903   0.00204719
      4.09605    0.0198517   0.00217703
      4.09748    0.0198712   0.00181001
      4.09890    0.0177028   0.00206726
      4.10033    0.0172581   0.00220571
      4.10175    0.0202056   0.00215644
      4.10318    0.0189415   0.00217142
      4.10460    0.0212143   0.00200794
      4.10603    0.0203995   0.00227853
      4.10745    0.0189101   0.00209352
      4.10888    0.0228470   0.00237017
      4.11030    0.0199446   0.00225183
      4.11173    0.0210307   0.00219849
      4.11315    0.0180570   0.00220443
      4.11458    0.0184750   0.00227305
      4.11600    0.0186454   0.00235091
      4.11743    0.0192090   0.00219913
      4.11885    0.0213702   0.00220861
      4.12027    0.0210929   0.00224955
      4.12170    0.0225785   0.00238861
      4.12312    0.0198341   0.00226198
      4.12455    0.0228382   0.00240254
      4.12597    0.0245179   0.00238012
      4.12740    0.0192198   0.00237582
      4.12882    0.0208535   0.00238006
      4.13025    0.0187719   0.00226570
      4.13167    0.0186889   0.00244634
      4.13309    0.0201582   0.00248334
      4.13452    0.0219224   0.00240362
      4.13594    0.0211040   0.00237951
      4.13737    0.0200035   0.00236183
      4.13879    0.0203642   0.00247784
      4.14022    0.0186176   0.00233611
      4.14164    0.0211550   0.00258711
      4.14306    0.0214544   0.00245068
      4.14449    0.0211375   0.00278952
      4.14591    0.0237048   0.00288200
      4.14734    0.0234946   0.00293561
      4.14876    0.0237759   0.00270529
      4.15018    0.0242496   0.00266024
      4.15161    0.0234275   0.00288282
      4.15303    0.0219604   0.00261798
      4.15446    0.0219959   0.00272049
      4.15588    0.0195977   0.00274923
      4.15730    0.0199284   0.00276622
      4.15873    0.0194883   0.00280271
      4.16015    0.0167554   0.00279821
      4.16158    0.0181905   0.00282951
      4.16300    0.0201339   0.00301864
      4.16442    0.0258871   0.00322235
      4.16585    0.0213763   0.00301064
      4.16727    0.0211300   0.00293752
      4.16869    0.0192379   0.00320886
      4.17012    0.0175037   0.00376033
      4.17154    0.0183829   0.00334567
      4.17296    0.0188801   0.00352293
      4.17439    0.0189799   0.00377393
      4.17581    0.0125257   0.00405657
      4.17724    0.0207692   0.00403350
      4.17866    0.0256830   0.00487547
      4.18008    0.0195224   0.00493917
      4.18151    0.0174736   0.00572780
      4.18293    0.0279737   0.00544202
      4.18435    0.0344792   0.00677645
      4.18578    0.0211121   0.00855070
      4.18720    0.0251710    0.0125455
      4.18862    0.0176601    0.0187299
      4.19005   -0.0260288    0.0323709
      4.19147    0.0542112    0.0583468
      4.19289    0.0415870     0.150439
      4.19432     0.110692     0.282070
      4.19574    -0.736235     0.672449
      4.19716     0.970904      2.12600
      4.19859    -0.506094      2.38262
      4.20001     -20.0842      35.6374
      4.20143     -3.70073      34.2721
      4.20286    -0.198194      2.44025
      4.20428    -0.663916      2.66460
      4.20570     -6.07292      6.92861
      4.20712     -1.33542      2.12083
      4.20855     -1.28925      6.56768
      4.20997     -14.7292      36.0696
      4.21139      9.72143      12.0193
      4.21282      1.64060      2.15829
      4.21424      80.3836      230.041
      4.21566     -5.18367      4.63925
      4.21709      5.10173      4.28070
      4.21851      2.89977      5.64148
      4.21993     -2.44893      7.07367
      4.22135     -1.05172      2.37377
      4.22278     -6.27946      6.52892
      4.22420      1.98278      1.76223
      4.22562     0.319199      4.14360
      4.22705     -1.41761      4.04860
      4.22847      28.2614      33.4818
      4.22989      3.00858      1.99906
      4.23131     -11.9855      13.1752
      4.23274      4.70798      6.54147
      4.23416      1.18954      2.46681
      4.23558    0.0769367      3.82482
      4.23700      3.10780      16.5073
      4.23843      6.24784      8.66303
      4.23985      4.50163      10.9392
      4.24127      13.6550      118.092
      4.24269     -55.4694      1419.42
      4.24412     -41.8081      371.987
      4.24554     -3.42255      3.90296
      4.24696      9.35836      10.4960
      4.24838      2.19023      8.56774
      4.24981      26.3936      26.7167
      4.25123     0.290336      5.06572
      4.25265     -1.38572      3.43662
      4.25408     -2.26538      1.07149
      4.25550     -1.86325      1.75259
      4.25692      7.56900      12.7102
      4.25834     -2.14830      10.1418
      4.25976      1.34564      4.59888
      4.26119      0.00000     0.309009
