SOURCE  = SVS 4-8                       / Source name
STANDARD= BS 6629                       / Standard name
OBSDATE = 09-07-2002                    / Date of observation
SPOS    =                               / Source position RA,DEC,J2000
STPOS   =                               / Standard position RA,DEC,J2000
STSPT   = A0V                           / Standard spectral type
STTEFF  = 10800                         / Standard effective temperature [K]
STMAG   = 3.75                          / Standard magnitude (adopted)
WAVEZP  = 3.45                          / Wavelength zero point [micron]
FLUXZP  = 290                           / Flux zero point [Jy]
SAIRM   =                               / Source mean airmass
STAIRM  =                               / Standard mean airmass
AIRMCORR=                               / Optimal (adopted) airmass correction
SPECRES = ~1200                         / Spectral resolution

Created by K. M. Pontoppidan             Tue Oct  7 01:01:42 2003

Wavelength [micron] Flux [Jy] Statistical Error [Jy]

      2.79111      0.00000     0.289426
      2.79255      1.35973     0.288428
      2.79399      1.45302     0.282423
      2.79543     0.887957     0.285780
      2.79688     0.826540     0.283306
      2.79832     0.857646     0.250728
      2.79976     0.253617     0.278871
      2.80120      1.29720     0.588435
      2.80264      7.06739      2.87012
      2.80408      1.81338      4.86588
      2.80552     0.413597     0.711385
      2.80696     0.476953     0.254002
      2.80840     0.195302    0.0898461
      2.80985    0.0229581    0.0451705
      2.81129   0.00671444    0.0366969
      2.81273    0.0241402    0.0377066
      2.81417   -0.0399650    0.0562929
      2.81561    0.0399863    0.0776296
      2.81705     0.135319    0.0845572
      2.81849    0.0410602    0.0995655
      2.81994    0.0671516    0.0623385
      2.82138    0.0290809    0.0255861
      2.82282    0.0127836    0.0139709
      2.82426  -0.00553084    0.0100981
      2.82570   0.00308035   0.00859962
      2.82715    0.0120437   0.00763426
      2.82859   0.00633184   0.00652924
      2.83003    0.0102071   0.00642181
      2.83147    0.0152669   0.00853852
      2.83291  -0.00657702    0.0181143
      2.83436   -0.0313982    0.0375797
      2.83580   -0.0414914    0.0486051
      2.83724   -0.0165196    0.0292102
      2.83868  0.000356947    0.0153368
      2.84012   0.00181119   0.00939771
      2.84157   0.00684555   0.00653822
      2.84301   0.00715228   0.00516119
      2.84445   0.00562815   0.00498560
      2.84589    0.0134114   0.00600299
      2.84734  -0.00180693   0.00846304
      2.84878   0.00686073   0.00975465
      2.85022   0.00616717   0.00899962
      2.85166   0.00222298   0.00935649
      2.85311    0.0166745    0.0131464
      2.85455   0.00981847    0.0128850
      2.85599 -0.000892954   0.00885950
      2.85743   0.00436654   0.00649837
      2.85888   0.00764265   0.00571762
      2.86032   0.00840948   0.00529681
      2.86176   0.00906435   0.00441158
      2.86320   0.00844547   0.00396350
      2.86465    0.0105475   0.00415892
      2.86609    0.0132091   0.00449625
      2.86753   0.00933492   0.00506417
      2.86898    0.0113901   0.00568225
      2.87042   0.00535797   0.00627539
      2.87186   0.00964185   0.00627803
      2.87331    0.0114264   0.00460916
      2.87475   0.00949884   0.00365264
      2.87619    0.0128764   0.00336811
      2.87763   0.00905901   0.00350095
      2.87908   0.00666524   0.00347021
      2.88052   0.00516792   0.00327899
      2.88196   0.00678042   0.00332749
      2.88341   0.00777291   0.00342050
      2.88485   0.00521284   0.00362660
      2.88629   0.00617578   0.00365890
      2.88774   0.00691358   0.00405268
      2.88918   0.00790382   0.00400955
      2.89062   0.00697775   0.00360477
      2.89207   0.00962602   0.00318298
      2.89351   0.00699503   0.00288351
      2.89495   0.00685201   0.00257290
      2.89640   0.00635240   0.00247310
      2.89784   0.00886400   0.00263492
      2.89929   0.00715292   0.00317025
      2.90073   0.00788739   0.00403239
      2.90217   0.00739738   0.00466621
      2.90362   0.00332644   0.00419064
      2.90506   0.00327433   0.00399372
      2.90650   0.00439562   0.00371774
      2.90795   0.00527577   0.00320843
      2.90939   0.00706138   0.00280529
      2.91084   0.00437772   0.00259658
      2.91228   0.00672384   0.00260153
      2.91372   0.00794278   0.00276243
      2.91517   0.00597138   0.00281763
      2.91661   0.00667102   0.00266738
      2.91806   0.00625958   0.00256843
      2.91950   0.00478363   0.00260449
      2.92094   0.00275438   0.00297257
      2.92239   0.00534705   0.00394863
      2.92383   0.00943357   0.00426239
      2.92528   0.00720911   0.00339006
      2.92672   0.00523636   0.00264109
      2.92816   0.00305637   0.00235458
      2.92961   0.00366414   0.00228723
      2.93105   0.00526263   0.00224347
      2.93250   0.00698546   0.00230296
      2.93394   0.00500543   0.00224732
      2.93539   0.00370294   0.00226507
      2.93683   0.00544092   0.00241114
      2.93827   0.00675634   0.00256685
      2.93972   0.00463777   0.00268526
      2.94116   0.00333354   0.00265277
      2.94261   0.00374859   0.00274432
      2.94405   0.00429078   0.00284178
      2.94550   0.00446358   0.00284706
      2.94694   0.00372301   0.00285504
      2.94839   0.00440705   0.00271179
      2.94983   0.00418344   0.00246496
      2.95127   0.00243025   0.00233733
      2.95272   0.00336300   0.00257513
      2.95416   0.00478171   0.00280910
      2.95561   0.00531611   0.00282503
      2.95705   0.00374196   0.00258380
      2.95850   0.00470097   0.00236597
      2.95994   0.00425241   0.00232773
      2.96139   0.00444744   0.00225172
      2.96283   0.00454514   0.00219511
      2.96428   0.00542416   0.00220439
      2.96572   0.00356540   0.00221890
      2.96717   0.00576860   0.00239147
      2.96861   0.00438573   0.00284417
      2.97006   0.00480119   0.00353126
      2.97150   0.00481826   0.00407931
      2.97295   0.00358022   0.00393172
      2.97439   0.00599929   0.00361325
      2.97584   0.00402538   0.00314566
      2.97728   0.00353356   0.00296836
      2.97873   0.00267831   0.00291294
      2.98017   0.00251904   0.00293539
      2.98162   0.00249439   0.00268103
      2.98306   0.00480704   0.00245919
      2.98451   0.00559133   0.00222638
      2.98595   0.00549234   0.00214282
      2.98740   0.00397351   0.00203054
      2.98884   0.00367595   0.00204197
      2.99029   0.00504837   0.00202874
      2.99173   0.00453414   0.00211410
      2.99318   0.00378013   0.00213952
      2.99462   0.00467101   0.00226952
      2.99607   0.00599538   0.00235773
      2.99751   0.00598127   0.00244578
      2.99896   0.00386782   0.00240617
      3.00040   0.00443796   0.00222752
      3.00185   0.00406014   0.00208563
      3.00329   0.00406939   0.00213793
      3.00474   0.00535902   0.00234084
      3.00618   0.00690852   0.00259963
      3.00763   0.00502050   0.00254955
      3.00907   0.00654101   0.00244597
      3.01052   0.00591771   0.00218376
      3.01196   0.00462357   0.00207277
      3.01341   0.00465144   0.00206063
      3.01485   0.00408424   0.00218114
      3.01630   0.00410118   0.00221043
      3.01774   0.00387453   0.00234789
      3.01919   0.00474946   0.00261055
      3.02064   0.00408333   0.00279778
      3.02208   0.00406733   0.00266006
      3.02353   0.00452347   0.00250886
      3.02497   0.00552041   0.00219458
      3.02642   0.00468943   0.00204356
      3.02786   0.00438622   0.00205641
      3.02931   0.00368248   0.00210236
      3.03075   0.00304834   0.00215773
      3.03220   0.00477783   0.00230711
      3.03364   0.00517078   0.00253885
      3.03509   0.00662657   0.00260128
      3.03653   0.00288493   0.00288255
      3.03798   0.00546644   0.00299420
      3.03943   0.00421183   0.00287731
      3.04087   0.00377875   0.00273144
      3.04232   0.00497552   0.00242418
      3.04376   0.00513594   0.00228248
      3.04521   0.00649876   0.00231282
      3.04665   0.00516103   0.00237637
      3.04810   0.00691606   0.00242210
      3.04954   0.00497642   0.00255128
      3.05099   0.00412562   0.00281522
      3.05244   0.00392555   0.00310434
      3.05388   0.00624507   0.00343761
      3.05533   0.00523982   0.00335395
      3.05677   0.00506671   0.00288070
      3.05822   0.00351487   0.00240597
      3.05966   0.00375181   0.00215126
      3.06111   0.00368403   0.00214698
      3.06255   0.00444828   0.00219619
      3.06400   0.00389729   0.00233223
      3.06545   0.00371514   0.00231545
      3.06689   0.00343548   0.00228152
      3.06834   0.00450557   0.00234003
      3.06978   0.00452338   0.00246737
      3.07123   0.00493003   0.00260553
      3.07267   0.00433798   0.00250810
      3.07412   0.00525450   0.00236993
      3.07557   0.00683081   0.00214138
      3.07701   0.00504347   0.00202776
      3.07846   0.00510450   0.00200024
      3.07990   0.00482493   0.00229673
      3.08135   0.00485259   0.00249858
      3.08279   0.00482483   0.00273148
      3.08424   0.00448277   0.00256569
      3.08568   0.00477798   0.00231412
      3.08713   0.00631302   0.00233973
      3.08858   0.00396409   0.00229049
      3.09002   0.00249984   0.00230482
      3.09147   0.00290795   0.00238237
      3.09291   0.00275497   0.00243950
      3.09436   0.00336198   0.00255684
      3.09580   0.00314403   0.00263617
      3.09725   0.00420185   0.00259898
      3.09870   0.00564668   0.00244216
      3.10014   0.00581775   0.00226321
      3.10159   0.00576198   0.00210598
      3.10303   0.00522517   0.00216959
      3.10448   0.00661667   0.00245904
      3.10592   0.00656850   0.00269498
      3.10737   0.00581489   0.00270883
      3.10882   0.00459311   0.00262388
      3.11026   0.00560522   0.00253530
      3.11171   0.00548764   0.00256661
      3.11315   0.00419278   0.00245991
      3.11460   0.00602158   0.00233989
      3.11604   0.00725066   0.00223075
      3.11749   0.00720959   0.00203904
      3.11894   0.00499405   0.00184250
      3.12038   0.00538947   0.00170028
      3.12183   0.00577453   0.00172930
      3.12327   0.00605827   0.00178945
      3.12472   0.00601854   0.00199026
      3.12616   0.00493658   0.00238398
      3.12761   0.00624784   0.00268037
      3.12906   0.00787586   0.00241171
      3.13050   0.00810770   0.00210120
      3.13195   0.00713860   0.00178512
      3.13339   0.00629880   0.00169234
      3.13484   0.00649234   0.00167593
      3.13628   0.00638016   0.00167599
      3.13773   0.00551063   0.00177287
      3.13917   0.00851320   0.00195024
      3.14062   0.00872414   0.00201045
      3.14207   0.00674038   0.00200443
      3.14351   0.00750394   0.00192799
      3.14496   0.00728107   0.00199227
      3.14640   0.00840855   0.00211076
      3.14785   0.00838982   0.00214208
      3.14929   0.00619609   0.00195913
      3.15074   0.00676911   0.00179476
      3.15219   0.00691577   0.00174088
      3.15363   0.00705408   0.00174060
      3.15508   0.00656799   0.00178499
      3.15652   0.00643141   0.00184809
      3.15797   0.00734304   0.00179523
      3.15941   0.00675404   0.00178615
      3.16086   0.00698459   0.00167692
      3.16230   0.00670838   0.00163194
      3.16375   0.00810957   0.00161909
      3.16520   0.00882378   0.00161823
      3.16664   0.00780574   0.00163058
      3.16809   0.00812248   0.00163235
      3.16953   0.00872102   0.00162435
      3.17098   0.00763912   0.00164538
      3.17242   0.00827104   0.00170110
      3.17387   0.00683030   0.00171836
      3.17531   0.00810229   0.00172343
      3.17676   0.00790499   0.00168778
      3.17821   0.00776158   0.00164655
      3.17965   0.00803629   0.00166116
      3.18110   0.00871683   0.00171620
      3.18254   0.00848135   0.00174804
      3.18399   0.00760552   0.00183572
      3.18543   0.00784584   0.00175743
      3.18688   0.00846946   0.00174166
      3.18832   0.00869563   0.00176344
      3.18977   0.00958622   0.00184879
      3.19121    0.0102258   0.00211772
      3.19266   0.00832423   0.00239336
      3.19411   0.00663380   0.00227182
      3.19555   0.00772851   0.00209658
      3.19700   0.00943448   0.00211195
      3.19844    0.0112886   0.00243446
      3.19989   0.00860454   0.00272320
      3.20133   0.00731449   0.00279007
      3.20278   0.00701993   0.00276954
      3.20422   0.00727596   0.00278770
      3.20567   0.00833112   0.00302885
      3.20711    0.0161892   0.00338500
      3.20856   0.00822923   0.00355801
      3.21000   0.00621055   0.00369473
      3.21145   0.00562754   0.00381073
      3.21289   0.00595720   0.00340657
      3.21434   0.00760455   0.00276514
      3.21579   0.00893399   0.00261888
      3.21723   0.00957092   0.00249208
      3.21868    0.0102175   0.00242402
      3.22012    0.0113027   0.00246169
      3.22157    0.0141284   0.00287977
      3.22301   0.00976888   0.00342616
      3.22446    0.0104582   0.00379374
      3.22590    0.0123701   0.00348912
      3.22735    0.0115155   0.00306416
      3.22879    0.0109898   0.00298711
      3.23024    0.0126892   0.00318469
      3.23168    0.0107663   0.00294354
      3.23313    0.0127824   0.00235911
      3.23457    0.0115403   0.00194074
      3.23602    0.0108274   0.00177968
      3.23746    0.0108100   0.00178367
      3.23891    0.0105863   0.00193735
      3.24035    0.0133610   0.00211379
      3.24180    0.0121479   0.00225039
      3.24324    0.0127207   0.00228517
      3.24469    0.0120773   0.00252383
      3.24613    0.0116672   0.00292268
      3.24758    0.0132472   0.00319387
      3.24902    0.0112034   0.00285988
      3.25047    0.0101456   0.00240974
      3.25191    0.0116215   0.00202184
      3.25336    0.0124474   0.00174473
      3.25480    0.0111701   0.00162569
      3.25625    0.0117023   0.00167129
      3.25769    0.0128423   0.00173607
      3.25914    0.0118615   0.00201842
      3.26058    0.0110354   0.00261197
      3.26203    0.0114813   0.00291039
      3.26347    0.0103310   0.00247976
      3.26492    0.0133869   0.00220442
      3.26636    0.0133987   0.00196780
      3.26780    0.0125625   0.00208272
      3.26925    0.0146188   0.00239399
      3.27069    0.0140188   0.00253871
      3.27214    0.0164551   0.00253840
      3.27358    0.0139524   0.00221542
      3.27503    0.0128418   0.00182954
      3.27647    0.0133832   0.00174068
      3.27792    0.0138312   0.00179277
      3.27936    0.0149994   0.00197958
      3.28081    0.0157342   0.00197787
      3.28225    0.0144881   0.00185487
      3.28370    0.0149152   0.00166072
      3.28514    0.0143878   0.00153069
      3.28658    0.0142823   0.00154346
      3.28803    0.0132729   0.00152194
      3.28947    0.0138225   0.00159733
      3.29092    0.0138172   0.00164450
      3.29236    0.0141952   0.00181651
      3.29381    0.0148170   0.00204993
      3.29525    0.0174935   0.00238437
      3.29669    0.0177611   0.00265213
      3.29814    0.0154900   0.00290824
      3.29958    0.0165598   0.00297793
      3.30103    0.0150169   0.00255696
      3.30247    0.0132934   0.00208957
      3.30392    0.0150820   0.00199029
      3.30536    0.0156659   0.00195922
      3.30680    0.0153172   0.00194357
      3.30825    0.0156624   0.00191154
      3.30969    0.0141785   0.00205997
      3.31114    0.0155982   0.00227327
      3.31258    0.0168225   0.00294228
      3.31403    0.0145021   0.00497661
      3.31547  3.49308e-05    0.0109993
      3.31691  -0.00164192    0.0151193
      3.31836   0.00943002   0.00982968
      3.31980    0.0162239   0.00615963
      3.32125    0.0170539   0.00385604
      3.32269    0.0172498   0.00301978
      3.32413    0.0153433   0.00241419
      3.32558    0.0143159   0.00217058
      3.32702    0.0158540   0.00209471
      3.32846    0.0157679   0.00200104
      3.32991    0.0161047   0.00187831
      3.33135    0.0162911   0.00171310
      3.33280    0.0162404   0.00160310
      3.33424    0.0151335   0.00159390
      3.33568    0.0158085   0.00157480
      3.33713    0.0155259   0.00159432
      3.33857    0.0149024   0.00168162
      3.34002    0.0157301   0.00173717
      3.34146    0.0161421   0.00186776
      3.34290    0.0154272   0.00176039
      3.34435    0.0159848   0.00187226
      3.34579    0.0171109   0.00184569
      3.34723    0.0168278   0.00186536
      3.34868    0.0163123   0.00172904
      3.35012    0.0163118   0.00162059
      3.35156    0.0156167   0.00158752
      3.35301    0.0168344   0.00161348
      3.35445    0.0162157   0.00176717
      3.35589    0.0161592   0.00195335
      3.35734    0.0173866   0.00204314
      3.35878    0.0166897   0.00191477
      3.36022    0.0160144   0.00184539
      3.36167    0.0163966   0.00169607
      3.36311    0.0167137   0.00175011
      3.36455    0.0165740   0.00166441
      3.36600    0.0169808   0.00168317
      3.36744    0.0161342   0.00174524
      3.36888    0.0169574   0.00193239
      3.37033    0.0154682   0.00188669
      3.37177    0.0149924   0.00169966
      3.37321    0.0158543   0.00160560
      3.37466    0.0164774   0.00160763
      3.37610    0.0163587   0.00167140
      3.37754    0.0166500   0.00173479
      3.37899    0.0171746   0.00183955
      3.38043    0.0166677   0.00197962
      3.38187    0.0167740   0.00196487
      3.38331    0.0181568   0.00191751
      3.38476    0.0182517   0.00168759
      3.38620    0.0180471   0.00163830
      3.38764    0.0170738   0.00156111
      3.38909    0.0176762   0.00156234
      3.39053    0.0179851   0.00175848
      3.39197    0.0189771   0.00183704
      3.39341    0.0187030   0.00180313
      3.39486    0.0182628   0.00167775
      3.39630    0.0178224   0.00152789
      3.39774    0.0174805   0.00151379
      3.39919    0.0172552   0.00154636
      3.40063    0.0177489   0.00157395
      3.40207    0.0171439   0.00170698
      3.40351    0.0185903   0.00190212
      3.40496    0.0206933   0.00208584
      3.40640    0.0191835   0.00201802
      3.40784    0.0182530   0.00177910
      3.40928    0.0171923   0.00172527
      3.41073    0.0182986   0.00164536
      3.41217    0.0172421   0.00166988
      3.41361    0.0175734   0.00175940
      3.41505    0.0179455   0.00181820
      3.41649    0.0182736   0.00187905
      3.41794    0.0177121   0.00174830
      3.41938    0.0179172   0.00160215
      3.42082    0.0180208   0.00156569
      3.42226    0.0181202   0.00156629
      3.42371    0.0187086   0.00153745
      3.42515    0.0175385   0.00163807
      3.42659    0.0180383   0.00181541
      3.42803    0.0186771   0.00186207
      3.42947    0.0196011   0.00179505
      3.43092    0.0186286   0.00163922
      3.43236    0.0184107   0.00155853
      3.43380    0.0183887   0.00149258
      3.43524    0.0178235   0.00148826
      3.43668    0.0180305   0.00153140
      3.43813    0.0190443   0.00153892
      3.43957    0.0186729   0.00163205
      3.44101    0.0189813   0.00165278
      3.44245    0.0180368   0.00161973
      3.44389    0.0177040   0.00151521
      3.44533    0.0184307   0.00145722
      3.44678    0.0187664   0.00151674
      3.44822    0.0191647   0.00152436
      3.44966    0.0193319   0.00150027
      3.45110    0.0191418   0.00161227
      3.45254    0.0190358   0.00156014
      3.45398    0.0198526   0.00158751
      3.45543    0.0189437   0.00157319
      3.45687    0.0186726   0.00144208
      3.45831    0.0183295   0.00144595
      3.45975    0.0186089   0.00137549
      3.46119    0.0187277   0.00141415
      3.46263    0.0196038   0.00141852
      3.46407    0.0203786   0.00147963
      3.46551    0.0203033   0.00149900
      3.46696    0.0196735   0.00152137
      3.46840    0.0200122   0.00146719
      3.46984    0.0199555   0.00144631
      3.47128    0.0205109   0.00141672
      3.47272    0.0194736   0.00142043
      3.47416    0.0183096   0.00143252
      3.47560    0.0192461   0.00147495
      3.47704    0.0196039   0.00146163
      3.47849    0.0208750   0.00149654
      3.47993    0.0286003   0.00239118
      3.48137    0.0221621   0.00146267
      3.48281    0.0204133   0.00143990
      3.48425    0.0195252   0.00140918
      3.48569    0.0200065   0.00137939
      3.48713    0.0199586   0.00142514
      3.48857    0.0205937   0.00146210
      3.49001    0.0202695   0.00147363
      3.49145    0.0209833   0.00143389
      3.49289    0.0209181   0.00142851
      3.49433    0.0198670   0.00138983
      3.49577    0.0202304   0.00141298
      3.49721    0.0201181   0.00141672
      3.49866    0.0209323   0.00139686
      3.50010    0.0205062   0.00138815
      3.50154    0.0207547   0.00138793
      3.50298    0.0217479   0.00139775
      3.50442    0.0216033   0.00140523
      3.50586    0.0210121   0.00144924
      3.50730    0.0206535   0.00139903
      3.50874    0.0208701   0.00139975
      3.51018    0.0209581   0.00140244
      3.51162    0.0215020   0.00139285
      3.51306    0.0210966   0.00135325
      3.51450    0.0203788   0.00138758
      3.51594    0.0209305   0.00133520
      3.51738    0.0203292   0.00135000
      3.51882    0.0205961   0.00134718
      3.52026    0.0204330   0.00134188
      3.52170    0.0203936   0.00139483
      3.52314    0.0201735   0.00135607
      3.52458    0.0211195   0.00136918
      3.52602    0.0200181   0.00137562
      3.52746    0.0203744   0.00135887
      3.52890    0.0207271   0.00134774
      3.53034    0.0203547   0.00136705
      3.53178    0.0209190   0.00146474
      3.53322    0.0211299   0.00142675
      3.53466    0.0210666   0.00141676
      3.53610    0.0217090   0.00141231
      3.53754    0.0212525   0.00144983
      3.53898    0.0210234   0.00144528
      3.54042    0.0211791   0.00145172
      3.54185    0.0213870   0.00141819
      3.54329    0.0218259   0.00144512
      3.54473    0.0213791   0.00143222
      3.54617    0.0217516   0.00144953
      3.54761    0.0228958   0.00137531
      3.54905    0.0223909   0.00142219
      3.55049    0.0228288   0.00139006
      3.55193    0.0236498   0.00138244
      3.55337    0.0225042   0.00137856
      3.55481    0.0219124   0.00137555
      3.55625    0.0226855   0.00142568
      3.55769    0.0227361   0.00141922
      3.55913    0.0223254   0.00133685
      3.56056    0.0231109   0.00136712
      3.56200    0.0231356   0.00141256
      3.56344    0.0230596   0.00139281
      3.56488    0.0232735   0.00139933
      3.56632    0.0235014   0.00137954
      3.56776    0.0230211   0.00139868
      3.56920    0.0223036   0.00140672
      3.57064    0.0228070   0.00136912
      3.57208    0.0226285   0.00141417
      3.57351    0.0234011   0.00142578
      3.57495    0.0235156   0.00145366
      3.57639    0.0235681   0.00138768
      3.57783    0.0237366   0.00142780
      3.57927    0.0234330   0.00142345
      3.58071    0.0236502   0.00144170
      3.58215    0.0234636   0.00143519
      3.58358    0.0244125   0.00143003
      3.58502    0.0247889   0.00142564
      3.58646    0.0245115   0.00140808
      3.58790    0.0238062   0.00139070
      3.58934    0.0240904   0.00141855
      3.59078    0.0245880   0.00140764
      3.59221    0.0246803   0.00140243
      3.59365    0.0246251   0.00142746
      3.59509    0.0242128   0.00138419
      3.59653    0.0244550   0.00141534
      3.59797    0.0251203   0.00134038
      3.59940    0.0247471   0.00140281
      3.60084    0.0244518   0.00137221
      3.60228    0.0251037   0.00135445
      3.60372    0.0252921   0.00142138
      3.60516    0.0257101   0.00145621
      3.60659    0.0251081   0.00142678
      3.60803    0.0253387   0.00140595
      3.60947    0.0253119   0.00140702
      3.61091    0.0247651   0.00141081
      3.61234    0.0251454   0.00143671
      3.61378    0.0255258   0.00138885
      3.61522    0.0260117   0.00133928
      3.61666    0.0255490   0.00134364
      3.61809    0.0258535   0.00142834
      3.61953    0.0255958   0.00137635
      3.62097    0.0256032   0.00134036
      3.62241    0.0263931   0.00139424
      3.62384    0.0258950   0.00139757
      3.62528    0.0263785   0.00138223
      3.62672    0.0264890   0.00138297
      3.62816    0.0258950   0.00137867
      3.62959    0.0262103   0.00141986
      3.63103    0.0258101   0.00138361
      3.63247    0.0252721   0.00139312
      3.63390    0.0247860   0.00136560
      3.63534    0.0260886   0.00141612
      3.63678    0.0264044   0.00137253
      3.63822    0.0275253   0.00136366
      3.63965    0.0265944   0.00134303
      3.64109    0.0269478   0.00135428
      3.64253    0.0271693   0.00136875
      3.64396    0.0264200   0.00131948
      3.64540    0.0266827   0.00141086
      3.64684    0.0273237   0.00142706
      3.64827    0.0275696   0.00139074
      3.64971    0.0270245   0.00136951
      3.65115    0.0271819   0.00135823
      3.65258    0.0265641   0.00137294
      3.65402    0.0260923   0.00137580
      3.65546    0.0260793   0.00134138
      3.65689    0.0261648   0.00139563
      3.65833    0.0261782   0.00135545
      3.65977    0.0269808   0.00137275
      3.66120    0.0279797   0.00138214
      3.66264    0.0287960   0.00136691
      3.66407    0.0280992   0.00136691
      3.66551    0.0267499   0.00140030
      3.66695    0.0281844   0.00144810
      3.66838    0.0276660   0.00140309
      3.66982    0.0286508   0.00145558
      3.67126    0.0285151   0.00146570
      3.67269    0.0268690   0.00144660
      3.67413    0.0276334   0.00146858
      3.67556    0.0291874   0.00144058
      3.67700    0.0274127   0.00144713
      3.67844    0.0274831   0.00142502
      3.67987    0.0273285   0.00140413
      3.68131    0.0266727   0.00140029
      3.68274    0.0275261   0.00143808
      3.68418    0.0273005   0.00137291
      3.68561    0.0276528   0.00142345
      3.68705    0.0287748   0.00137046
      3.68849    0.0286298   0.00139734
      3.68992    0.0282330   0.00139380
      3.69136    0.0281140   0.00141804
      3.69279    0.0288368   0.00141483
      3.69423    0.0279567   0.00140734
      3.69566    0.0284538   0.00140272
      3.69710    0.0284038   0.00131380
      3.69853    0.0272589   0.00139148
      3.69997    0.0271079   0.00140341
      3.70140    0.0279721   0.00139934
      3.70284    0.0285794   0.00133695
      3.70427    0.0282825   0.00134459
      3.70571    0.0285097   0.00137827
      3.70714    0.0290705   0.00135713
      3.70858    0.0284347   0.00133736
      3.71002    0.0297008   0.00140085
      3.71145    0.0295395   0.00141044
      3.71288    0.0288751   0.00143727
      3.71432    0.0292665   0.00142445
      3.71575    0.0293308   0.00135454
      3.71719    0.0281610   0.00135032
      3.71862    0.0285186   0.00141013
      3.72006    0.0290125   0.00135416
      3.72149    0.0291580   0.00139737
      3.72293    0.0290330   0.00135149
      3.72436    0.0292059   0.00137047
      3.72580    0.0292266   0.00136604
      3.72723    0.0296556   0.00140889
      3.72867    0.0298770   0.00146002
      3.73010    0.0301430   0.00146725
      3.73154    0.0298018   0.00146646
      3.73297    0.0303165   0.00146794
      3.73440    0.0308683   0.00145732
      3.73584    0.0309033   0.00149206
      3.73727    0.0318866   0.00146273
      3.73871    0.0327294   0.00154278
      3.74014    0.0333546   0.00151394
      3.74158    0.0348813   0.00147492
      3.74301    0.0325822   0.00144934
      3.74444    0.0306891   0.00151302
      3.74588    0.0310096   0.00146719
      3.74731    0.0304985   0.00144440
      3.74875    0.0298898   0.00146326
      3.75018    0.0313156   0.00145833
      3.75161    0.0315100   0.00155967
      3.75305    0.0305661   0.00148976
      3.75448    0.0302972   0.00148197
      3.75591    0.0306677   0.00147427
      3.75735    0.0295479   0.00141224
      3.75878    0.0288002   0.00145080
      3.76022    0.0288024   0.00141354
      3.76165    0.0286142   0.00138946
      3.76308    0.0302937   0.00141679
      3.76452    0.0301973   0.00144822
      3.76595    0.0300605   0.00147336
      3.76738    0.0290901   0.00145463
      3.76882    0.0292447   0.00148385
      3.77025    0.0304235   0.00146916
      3.77168    0.0310166   0.00151006
      3.77312    0.0300092   0.00145575
      3.77455    0.0304624   0.00145868
      3.77598    0.0310470   0.00147587
      3.77742    0.0303461   0.00148284
      3.77885    0.0292211   0.00143348
      3.78028    0.0289799   0.00145282
      3.78171    0.0292029   0.00143837
      3.78315    0.0295930   0.00147629
      3.78458    0.0301888   0.00145086
      3.78601    0.0295756   0.00147324
      3.78745    0.0302062   0.00154468
      3.78888    0.0301797   0.00146697
      3.79031    0.0299201   0.00146938
      3.79174    0.0303864   0.00143235
      3.79318    0.0299056   0.00138797
      3.79461    0.0297260   0.00146907
      3.79604    0.0311484   0.00139458
      3.79748    0.0307551   0.00146679
      3.79891    0.0303449   0.00146413
      3.80034    0.0300380   0.00148246
      3.80177    0.0299985   0.00148480
      3.80321    0.0297459   0.00144366
      3.80464    0.0299956   0.00144143
      3.80607    0.0311394   0.00146991
      3.80750    0.0312690   0.00147678
      3.80893    0.0313517   0.00147914
      3.81037    0.0310282   0.00143317
      3.81180    0.0307565   0.00145436
      3.81323    0.0297970   0.00149267
      3.81466    0.0294166   0.00148793
      3.81610    0.0301712   0.00154576
      3.81753    0.0301051   0.00148628
      3.81896    0.0301435   0.00144407
      3.82039    0.0297960   0.00147994
      3.82182    0.0297466   0.00154853
      3.82325    0.0300245   0.00144195
      3.82469    0.0306410   0.00149097
      3.82612    0.0308882   0.00142911
      3.82755    0.0309844   0.00146956
      3.82898    0.0306765   0.00137252
      3.83041    0.0306795   0.00153275
      3.83185    0.0317884   0.00148330
      3.83328    0.0309472   0.00147460
      3.83471    0.0294750   0.00148981
      3.83614    0.0297390   0.00150177
      3.83757    0.0298343   0.00143725
      3.83900    0.0300805   0.00150667
      3.84043    0.0308553   0.00147268
      3.84187    0.0314638   0.00143726
      3.84330    0.0311572   0.00149164
      3.84473    0.0310792   0.00148920
      3.84616    0.0313339   0.00145947
      3.84759    0.0309117   0.00146722
      3.84902    0.0305411   0.00155509
      3.85045    0.0313490   0.00146803
      3.85188    0.0303099   0.00151769
      3.85331    0.0306318   0.00142147
      3.85475    0.0304178   0.00155335
      3.85618    0.0302276   0.00147883
      3.85761    0.0302150   0.00149355
      3.85904    0.0294015   0.00160379
      3.86047    0.0306747   0.00155223
      3.86190    0.0310656   0.00154514
      3.86333    0.0303666   0.00157576
      3.86476    0.0315270   0.00150456
      3.86619    0.0318601   0.00163537
      3.86762    0.0311738   0.00165855
      3.86905    0.0313291   0.00159129
      3.87048    0.0312311   0.00162931
      3.87191    0.0305423   0.00162534
      3.87334    0.0313999   0.00163420
      3.87478    0.0312441   0.00157878
      3.87621    0.0300701   0.00167266
      3.87764    0.0305464   0.00165443
      3.87907    0.0318472   0.00180273
      3.88050    0.0331933   0.00164764
      3.88193    0.0318752   0.00166064
      3.88336    0.0320323   0.00167621
      3.88479    0.0327066   0.00166793
      3.88622    0.0319719   0.00167518
      3.88765    0.0309528   0.00158225
      3.88908    0.0307898   0.00165056
      3.89051    0.0312015   0.00173983
      3.89194    0.0323783   0.00170806
      3.89337    0.0320006   0.00169916
      3.89480    0.0316522   0.00163749
      3.89623    0.0323372   0.00165157
      3.89766    0.0316229   0.00159617
      3.89909    0.0325810   0.00159802
      3.90052    0.0334450   0.00161128
      3.90195    0.0337267   0.00160835
      3.90338    0.0331073   0.00153016
      3.90481    0.0320336   0.00169003
      3.90624    0.0322222   0.00168805
      3.90766    0.0318933   0.00168356
      3.90909    0.0315442   0.00171460
      3.91052    0.0311944   0.00177668
      3.91195    0.0320099   0.00171787
      3.91338    0.0329518   0.00168973
      3.91481    0.0323126   0.00175919
      3.91624    0.0309281   0.00163115
      3.91767    0.0310200   0.00168522
      3.91910    0.0303879   0.00169298
      3.92053    0.0309601   0.00166688
      3.92196    0.0312223   0.00164447
      3.92339    0.0315122   0.00168195
      3.92482    0.0320363   0.00173898
      3.92625    0.0313224   0.00161852
      3.92767    0.0308989   0.00176587
      3.92910    0.0319559   0.00167347
      3.93053    0.0321767   0.00176334
      3.93196    0.0317656   0.00168482
      3.93339    0.0319059   0.00166537
      3.93482    0.0321148   0.00164874
      3.93625    0.0327398   0.00157409
      3.93768    0.0327303   0.00160989
      3.93911    0.0318749   0.00161865
      3.94053    0.0319996   0.00151065
      3.94196    0.0317689   0.00164551
      3.94339    0.0317967   0.00164951
      3.94482    0.0317381   0.00163843
      3.94625    0.0318615   0.00159727
      3.94768    0.0309590   0.00155873
      3.94911    0.0331413   0.00160971
      3.95053    0.0325711   0.00152933
      3.95196    0.0321209   0.00146198
      3.95339    0.0316704   0.00152510
      3.95482    0.0315714   0.00161658
      3.95625    0.0320938   0.00162892
      3.95768    0.0322720   0.00153523
      3.95910    0.0316677   0.00158279
      3.96053    0.0278828   0.00162455
      3.96196    0.0326748   0.00152282
      3.96339    0.0308781   0.00162838
      3.96482    0.0322423   0.00172509
      3.96624    0.0312846   0.00157260
      3.96767    0.0317976   0.00147287
      3.96910    0.0307662   0.00153355
      3.97053    0.0313509   0.00162504
      3.97196    0.0329009   0.00174118
      3.97338    0.0317429   0.00164490
      3.97481    0.0303993   0.00159629
      3.97624    0.0311855   0.00160050
      3.97767    0.0309302   0.00161677
      3.97910    0.0317231   0.00160493
      3.98052    0.0324258   0.00166396
      3.98195    0.0336262   0.00170230
      3.98338    0.0323387   0.00161028
      3.98481    0.0311499   0.00166852
      3.98623    0.0310714   0.00161797
      3.98766    0.0323067   0.00150042
      3.98909    0.0322827   0.00155777
      3.99052    0.0301578   0.00164319
      3.99194    0.0327451   0.00159980
      3.99337    0.0318095   0.00159890
      3.99480    0.0320816   0.00167430
      3.99623    0.0330295   0.00162543
      3.99765    0.0334294   0.00167659
      3.99908    0.0320914   0.00164741
      4.00051    0.0311042   0.00171771
      4.00193    0.0318670   0.00171383
      4.00336    0.0318941   0.00177819
      4.00479    0.0323316   0.00173052
      4.00622    0.0341356   0.00173921
      4.00764    0.0330211   0.00164897
      4.00907    0.0338498   0.00172899
      4.01050    0.0331498   0.00183910
      4.01192    0.0333512   0.00182082
      4.01335    0.0317607   0.00173972
      4.01478    0.0324132   0.00171904
      4.01620    0.0342857   0.00185383
      4.01763    0.0333682   0.00177416
      4.01906    0.0343746   0.00182155
      4.02048    0.0340354   0.00175659
      4.02191    0.0331550   0.00192016
      4.02334    0.0344105   0.00173982
      4.02476    0.0337400   0.00176469
      4.02619    0.0340742   0.00185009
      4.02762    0.0341133   0.00175716
      4.02904    0.0338068   0.00181474
      4.03047    0.0331078   0.00181638
      4.03190    0.0321811   0.00187721
      4.03332    0.0317823   0.00186724
      4.03475    0.0326608   0.00185431
      4.03618    0.0339754   0.00190124
      4.03760    0.0346346   0.00170584
      4.03903    0.0351894   0.00191615
      4.04045    0.0337402   0.00194088
      4.04188    0.0346286   0.00183774
      4.04331    0.0352222   0.00194968
      4.04473    0.0342167   0.00188418
      4.04616    0.0348960   0.00186949
      4.04759    0.0340082   0.00189832
      4.04901    0.0359097   0.00192160
      4.05044    0.0388079   0.00188767
      4.05186    0.0404659   0.00203234
      4.05329    0.0435092   0.00211810
      4.05472    0.0421131   0.00190169
      4.05614    0.0392155   0.00191184
      4.05757    0.0368379   0.00188011
      4.05899    0.0325774   0.00192290
      4.06042    0.0329157   0.00215190
      4.06184    0.0334207   0.00205582
      4.06327    0.0318233   0.00194873
      4.06470    0.0320379   0.00180841
      4.06612    0.0320519   0.00187211
      4.06755    0.0310945   0.00206023
      4.06897    0.0320171   0.00193231
      4.07040    0.0341277   0.00191433
      4.07182    0.0335854   0.00186437
      4.07325    0.0339219   0.00196783
      4.07467    0.0337172   0.00201502
      4.07610    0.0338951   0.00200173
      4.07753    0.0335840   0.00183321
      4.07895    0.0319112   0.00194510
      4.08038    0.0312339   0.00186795
      4.08180    0.0328311   0.00183531
      4.08323    0.0328468   0.00199834
      4.08465    0.0331926   0.00200993
      4.08608    0.0332717   0.00191451
      4.08750    0.0340143   0.00197750
      4.08893    0.0347582   0.00203027
      4.09035    0.0346511   0.00213441
      4.09178    0.0321843   0.00206797
      4.09320    0.0326107   0.00208604
      4.09463    0.0320275   0.00204719
      4.09605    0.0339662   0.00217703
      4.09748    0.0333734   0.00181002
      4.09890    0.0333406   0.00206726
      4.10033    0.0325832   0.00220572
      4.10175    0.0333282   0.00215644
      4.10318    0.0336390   0.00217142
      4.10460    0.0334170   0.00200794
      4.10603    0.0322428   0.00227853
      4.10745    0.0318592   0.00209352
      4.10888    0.0337583   0.00237018
      4.11030    0.0334315   0.00225183
      4.11173    0.0327530   0.00219849
      4.11315    0.0315532   0.00220443
      4.11458    0.0316365   0.00227305
      4.11600    0.0302040   0.00235091
      4.11743    0.0323732   0.00219913
      4.11885    0.0340065   0.00220861
      4.12027    0.0306860   0.00224955
      4.12170    0.0321682   0.00238861
      4.12312    0.0332844   0.00226199
      4.12455    0.0313161   0.00240254
      4.12597    0.0318057   0.00238012
      4.12740    0.0306810   0.00237583
      4.12882    0.0273135   0.00238006
      4.13025    0.0278506   0.00226571
      4.13167    0.0297982   0.00244634
      4.13309    0.0310854   0.00248334
      4.13452    0.0298069   0.00240362
      4.13594    0.0312006   0.00237951
      4.13737    0.0310705   0.00236183
      4.13879    0.0342692   0.00247784
      4.14022    0.0338021   0.00233612
      4.14164    0.0345378   0.00258711
      4.14306    0.0383534   0.00245069
      4.14449    0.0369396   0.00278952
      4.14591    0.0371604   0.00288200
      4.14734    0.0376443   0.00293561
      4.14876    0.0368048   0.00270529
      4.15018    0.0369308   0.00266025
      4.15161    0.0337865   0.00288283
      4.15303    0.0315240   0.00261798
      4.15446    0.0317858   0.00272049
      4.15588    0.0326282   0.00274924
      4.15730    0.0316265   0.00276622
      4.15873    0.0320702   0.00280271
      4.16015    0.0338970   0.00279821
      4.16158    0.0336191   0.00282952
      4.16300    0.0390560   0.00301864
      4.16442    0.0343288   0.00322235
      4.16585    0.0329794   0.00301064
      4.16727    0.0306051   0.00293752
      4.16869    0.0294894   0.00320886
      4.17012    0.0302366   0.00376033
      4.17154    0.0347161   0.00334567
      4.17296    0.0316599   0.00352293
      4.17439    0.0330205   0.00377394
      4.17581    0.0317257   0.00405657
      4.17724    0.0364400   0.00403351
      4.17866    0.0292953   0.00487547
      4.18008    0.0367751   0.00493918
      4.18151    0.0333181   0.00572781
      4.18293    0.0282269   0.00544201
      4.18435    0.0326489   0.00677646
      4.18578    0.0160898   0.00855070
      4.18720    0.0121596    0.0125455
      4.18862    0.0144244    0.0187299
      4.19005    0.0186316    0.0323709
      4.19147    0.0530516    0.0583469
      4.19289   -0.0260647     0.150439
      4.19432     0.347784     0.282175
      4.19574     0.119553     0.671730
      4.19716     -106.339      2.18946
      4.19859      1.51572      2.38162
      4.20001      7.79085      21.7519
      4.20143     -6.61816      57.2369
      4.20286     -5.63805      2.65832
      4.20428     -6.32290      2.67124
      4.20570     -71.7637      7.98036
      4.20712     -31.3427      2.12007
      4.20855     -2.64033      6.55629
      4.20997     -18.2017      31.7802
      4.21139     -8.91595      11.8906
      4.21282      5.42908      2.47459
      4.21424     -36.0299      288.930
      4.21566     -26.2907      4.52223
      4.21709     -96.3697      4.63462
      4.21851     -19.7932      5.57205
      4.21993      9.43729      7.04346
      4.22135     -19.0916      2.37337
      4.22278     -2.42426      6.06269
      4.22420      1.43250      1.75170
      4.22562      2.94561      4.14319
      4.22705     0.768003      4.03146
      4.22847      27.0004      18.1339
      4.22989     -17.2258      1.96645
      4.23131     -21.3472      11.1804
      4.23274     -2.05775      6.36765
      4.23416      1.75695      2.47077
      4.23558      4.72842      3.82481
      4.23700    -0.993199      16.3118
      4.23843     -5.47074      8.44917
      4.23985      8.02163      11.5520
      4.24127     -18.1672      91.9624
      4.24269     -6.33589      1038.55
      4.24412      22.2774      776.811
      4.24554      8.41621      3.90412
      4.24696     -5.41647      9.36604
      4.24838     -11.8208      8.74317
      4.24981     -4.76583      15.2389
      4.25123      2.58278      5.06646
      4.25265     0.773021      3.42462
      4.25408    -0.606504      1.06357
      4.25550   -0.0365842      1.73967
      4.25692     -9.98364      11.8308
      4.25834     -10.6514      10.2784
      4.25976     -1.66430      4.59052
      4.26119      0.00000     0.309003
