SOURCE  = TPSC 78                       / Source name
STANDARD= BS 1735                       / Standard name
OBSDATE = 13-11-2001                    / Date of observation
SPOS    = 05:40:27.3  -07:27:49.1       / Source position RA,DEC,J2000
STPOS   = 05:17:36.2  -06:51:14.7       / Standard position RA,DEC,J2000
STSPT   = B5III                         / Standard spectral type
STTEFF  = 14300 (Gulati et al 1989, A&AS/ Standard effective temperature [K]
STMAG   = 4.2                           / Standard magnitude (adopted)
WAVEZP  = 3.45                          / Wavelength zero point [micron]
FLUXZP  = 290                           / Flux zero point [Jy]
SAIRM   = 1.05                          / Source mean airmass
STAIRM  = 1.17                          / Standard mean airmass
AIRMCORR= 1.17                          / Optimal (adopted) airmass correction
SPECRES = ~1200                         / Spectral resolution

Created by K. M. Pontoppidan             Mon May 19 20:08:50 2003

Wavelength [micron] Flux [Jy] Statistical Error [Jy]

      2.78396      0.00000      4.70054
      2.78530      6.21917      9.96984
      2.78664     -38.4657      16.1209
      2.78798     -7.41877      1.60163
      2.78932      13.0901      6.52504
      2.79067     -21.9215      32.4953
      2.79201      11.3876      10.9915
      2.79335      4.25658      2.49392
      2.79469     -11.4836      8.09327
      2.79604     -1.79207      1.28552
      2.79738     -1.34363     0.928263
      2.79873      2.59024     0.936934
      2.80007     0.180412     0.727511
      2.80142     -3.23401     0.942326
      2.80276     -5.11585      2.07280
      2.80411     -3.03843     0.683107
      2.80546      2.76308      1.38763
      2.80681      1.42711      6.04131
      2.80815      1.80703      1.00343
      2.80950      1.22116      1.56208
      2.81085   -0.0257196     0.274141
      2.81220   -0.0788052    0.0989130
      2.81355    0.0166856    0.0659175
      2.81490     0.137181    0.0650286
      2.81625    -0.251937     0.144370
      2.81760    -0.954975     0.337226
      2.81895    -0.629779     0.318796
      2.82030     -1.60602     0.445590
      2.82165    0.0508794     0.223375
      2.82300   -0.0295592    0.0730087
      2.82436   -0.0431021    0.0269055
      2.82571   0.00850558    0.0156357
      2.82706  -0.00537133    0.0119623
      2.82841    0.0216257    0.0102532
      2.82977    0.0362793   0.00769584
      2.83112    0.0377695   0.00612426
      2.83248    0.0417203   0.00655712
      2.83383    0.0273583    0.0129793
      2.83519    -0.103359    0.0375284
      2.83654     0.832123     0.153307
      2.83790     0.239120     0.158710
      2.83926    0.0109448    0.0546329
      2.84061   -0.0691616    0.0223720
      2.84197    0.0270346    0.0113531
      2.84333    0.0465103   0.00693088
      2.84468    0.0196161   0.00455694
      2.84604   0.00251428   0.00425050
      2.84740    0.0205873   0.00578188
      2.84876    0.0159837    0.0117309
      2.85012    0.0336666    0.0174213
      2.85148    0.0128835    0.0127681
      2.85284    0.0358043    0.0111838
      2.85420   0.00488164    0.0171575
      2.85556   -0.0251904    0.0267746
      2.85692    0.0174959    0.0132566
      2.85828    0.0340254   0.00769230
      2.85964    0.0455644   0.00620896
      2.86101  0.000355063   0.00592238
      2.86237    0.0336959   0.00458530
      2.86373    0.0374478   0.00338783
      2.86509    0.0373861   0.00306933
      2.86646    0.0315411   0.00341672
      2.86782    0.0282836   0.00440686
      2.86919    0.0349543   0.00574887
      2.87055    0.0277086   0.00687512
      2.87191    0.0225477   0.00710507
      2.87328    0.0281229   0.00544508
      2.87464    0.0294855   0.00328649
      2.87601    0.0378949   0.00244537
      2.87738    0.0320137   0.00250180
      2.87874    0.0316554   0.00279147
      2.88011    0.0247334   0.00267642
      2.88148    0.0275963   0.00240643
      2.88284    0.0262997   0.00251493
      2.88421    0.0279872   0.00271444
      2.88558    0.0294501   0.00297003
      2.88695    0.0329508   0.00284769
      2.88832    0.0229219   0.00324084
      2.88969    0.0245812   0.00365624
      2.89106    0.0318621   0.00280404
      2.89242    0.0370575   0.00235903
      2.89379    0.0275397   0.00206973
      2.89516    0.0298853   0.00172973
      2.89654    0.0252002   0.00156877
      2.89791    0.0280478   0.00162329
      2.89928    0.0304535   0.00203937
      2.90065    0.0154379   0.00316362
      2.90202    0.0217871   0.00478597
      2.90339    0.0144956   0.00389223
      2.90476    0.0223283   0.00369429
      2.90614    0.0210189   0.00354259
      2.90751    0.0178122   0.00279291
      2.90888    0.0252821   0.00218056
      2.91026    0.0221740   0.00183473
      2.91163    0.0247543   0.00169168
      2.91301    0.0286881   0.00184213
      2.91438    0.0213498   0.00204310
      2.91575    0.0226958   0.00185019
      2.91713    0.0245454   0.00175399
      2.91850    0.0257619   0.00167294
      2.91988    0.0279787   0.00175058
      2.92126    0.0262905   0.00219143
      2.92263    0.0223784   0.00353402
      2.92401    0.0162709   0.00412845
      2.92538    0.0188389   0.00244825
      2.92676    0.0153967   0.00172795
      2.92814    0.0152856   0.00153080
      2.92952    0.0218954   0.00152807
      2.93089    0.0219430   0.00145813
      2.93227    0.0191080   0.00141374
      2.93365    0.0190606   0.00145616
      2.93503    0.0201746   0.00146317
      2.93641    0.0190111   0.00155592
      2.93779    0.0188046   0.00177722
      2.93917    0.0200259   0.00197715
      2.94055    0.0205987   0.00194605
      2.94193    0.0202078   0.00195209
      2.94331    0.0200822   0.00214945
      2.94469    0.0187896   0.00211879
      2.94607    0.0228700   0.00207783
      2.94745    0.0232202   0.00208046
      2.94883    0.0205801   0.00180645
      2.95021    0.0200138   0.00155592
      2.95159    0.0179410   0.00157633
      2.95298    0.0205194   0.00183458
      2.95436    0.0188178   0.00214813
      2.95574    0.0168332   0.00204268
      2.95712    0.0177582   0.00167687
      2.95851    0.0184982   0.00158539
      2.95989    0.0164566   0.00151431
      2.96127    0.0166087   0.00152973
      2.96266    0.0156740   0.00145486
      2.96404    0.0159271   0.00144672
      2.96543    0.0157374   0.00146175
      2.96681    0.0186985   0.00166504
      2.96820    0.0193056   0.00224068
      2.96958    0.0218939   0.00301012
      2.97097    0.0259408   0.00393086
      2.97235   0.00769417   0.00411452
      2.97374    0.0140249   0.00322842
      2.97512    0.0161798   0.00271369
      2.97651    0.0224120   0.00222969
      2.97790    0.0209533   0.00209238
      2.97928    0.0138675   0.00217184
      2.98067    0.0187370   0.00216489
      2.98206    0.0124699   0.00170019
      2.98345    0.0185213   0.00148305
      2.98483    0.0162725   0.00136431
      2.98622    0.0154958   0.00130908
      2.98761    0.0156445   0.00124225
      2.98900    0.0149982   0.00122655
      2.99039    0.0159966   0.00125511
      2.99178    0.0142557   0.00134558
      2.99316    0.0176470   0.00138677
      2.99455    0.0176355   0.00148331
      2.99594    0.0161150   0.00158248
      2.99733    0.0110987   0.00164722
      2.99872    0.0139292   0.00152555
      3.00011    0.0175843   0.00134121
      3.00150    0.0164945   0.00124914
      3.00289    0.0166489   0.00136833
      3.00429    0.0175328   0.00160755
      3.00568    0.0187652   0.00185575
      3.00707    0.0171678   0.00188598
      3.00846    0.0158850   0.00163832
      3.00985    0.0160631   0.00136911
      3.01124    0.0165437   0.00130175
      3.01264    0.0168254   0.00129127
      3.01403    0.0166803   0.00134267
      3.01542    0.0172966   0.00136335
      3.01681    0.0186362   0.00151644
      3.01821    0.0174455   0.00191428
      3.01960    0.0149694   0.00202133
      3.02099    0.0123131   0.00196757
      3.02239    0.0164256   0.00173049
      3.02378    0.0175186   0.00136082
      3.02517    0.0160474   0.00124194
      3.02657    0.0156015   0.00127788
      3.02796    0.0167378   0.00132099
      3.02936    0.0151349   0.00135391
      3.03075    0.0155514   0.00150003
      3.03215    0.0161622   0.00171677
      3.03354    0.0188882   0.00176578
      3.03494    0.0182315   0.00187363
      3.03633    0.0172086   0.00221379
      3.03773    0.0122223   0.00238637
      3.03912    0.0205226   0.00194116
      3.04052    0.0163208   0.00171274
      3.04192    0.0173526   0.00153460
      3.04331    0.0150777   0.00149122
      3.04471    0.0164926   0.00160280
      3.04611    0.0170093   0.00166179
      3.04750    0.0167000   0.00173520
      3.04890    0.0137131   0.00194942
      3.05030    0.0155976   0.00210874
      3.05170    0.0204668   0.00244716
      3.05309    0.0187743   0.00294658
      3.05449    0.0168811   0.00262019
      3.05589    0.0160146   0.00208088
      3.05729    0.0191387   0.00161749
      3.05869    0.0178735   0.00136076
      3.06009    0.0172658   0.00133823
      3.06148    0.0166503   0.00150292
      3.06288    0.0200667   0.00160879
      3.06428    0.0177515   0.00158532
      3.06568    0.0118419   0.00152354
      3.06708    0.0121958   0.00160648
      3.06848    0.0154677   0.00164774
      3.06988    0.0130742   0.00177371
      3.07128    0.0147619   0.00182253
      3.07268    0.0152817   0.00167442
      3.07408    0.0176741   0.00138471
      3.07548    0.0176945   0.00123521
      3.07688    0.0160221   0.00124907
      3.07828    0.0163186   0.00137695
      3.07968    0.0201629   0.00156798
      3.08109    0.0151287   0.00194135
      3.08249    0.0148959   0.00195285
      3.08389    0.0199695   0.00169367
      3.08529    0.0177474   0.00164558
      3.08669    0.0197921   0.00155175
      3.08809    0.0198734   0.00158264
      3.08950    0.0148219   0.00161140
      3.09090    0.0153538   0.00163658
      3.09230    0.0162818   0.00175910
      3.09370    0.0157940   0.00198076
      3.09511    0.0197294   0.00204543
      3.09651    0.0205462   0.00194257
      3.09791    0.0199558   0.00170246
      3.09932    0.0149954   0.00147158
      3.10072    0.0183924   0.00133389
      3.10212    0.0121583   0.00145089
      3.10353    0.0165068   0.00172764
      3.10493    0.0178600   0.00227867
      3.10633    0.0194320   0.00215620
      3.10774    0.0183660   0.00188940
      3.10914    0.0197349   0.00183234
      3.11055    0.0166098   0.00206836
      3.11195    0.0165035   0.00175803
      3.11336    0.0168857   0.00161233
      3.11476    0.0197872   0.00163540
      3.11616    0.0199132   0.00141399
      3.11757    0.0200535   0.00115800
      3.11897    0.0198598   0.00104671
      3.12038    0.0196809   0.00106384
      3.12179    0.0214957   0.00110401
      3.12319    0.0195886   0.00129834
      3.12460    0.0228982   0.00164493
      3.12600    0.0190540   0.00215609
      3.12741    0.0185798   0.00212445
      3.12881    0.0233559   0.00155005
      3.13022    0.0231234   0.00117997
      3.13163    0.0222540   0.00105906
      3.13303    0.0218583   0.00103999
      3.13444    0.0236249   0.00100618
      3.13585    0.0232414   0.00107200
      3.13725    0.0235547   0.00120412
      3.13866    0.0232775   0.00140040
      3.14007    0.0245843   0.00141386
      3.14148    0.0270526   0.00128344
      3.14288    0.0263898   0.00128212
      3.14429    0.0260782   0.00144380
      3.14570    0.0262915   0.00161187
      3.14711    0.0285853   0.00145775
      3.14851    0.0275511   0.00121579
      3.14992    0.0273617   0.00112459
      3.15133    0.0297160   0.00109315
      3.15274    0.0283933   0.00110271
      3.15415    0.0277746   0.00121196
      3.15555    0.0288000   0.00127163
      3.15696    0.0282687   0.00124117
      3.15837    0.0286131   0.00113061
      3.15978    0.0295204   0.00108270
      3.16119    0.0311498   0.00101373
      3.16260    0.0304027  0.000984644
      3.16401    0.0303850  0.000977159
      3.16542    0.0309026  0.000971072
      3.16682    0.0323651  0.000976384
      3.16823    0.0318970  0.000987914
      3.16964    0.0333581   0.00101581
      3.17105    0.0340981   0.00106319
      3.17246    0.0305293   0.00110021
      3.17387    0.0340200   0.00109903
      3.17528    0.0350040   0.00107089
      3.17669    0.0359185   0.00102987
      3.17810    0.0365382   0.00100343
      3.17951    0.0374490   0.00104218
      3.18092    0.0348256   0.00107645
      3.18233    0.0359268   0.00113028
      3.18374    0.0338224   0.00113478
      3.18515    0.0385033   0.00109856
      3.18656    0.0387474   0.00108671
      3.18798    0.0374295   0.00110606
      3.18939    0.0395939   0.00129847
      3.19080    0.0364711   0.00167431
      3.19221    0.0357168   0.00181301
      3.19362    0.0462000   0.00149392
      3.19503    0.0444783   0.00139904
      3.19644    0.0415764   0.00155894
      3.19785    0.0418424   0.00216210
      3.19927    0.0479205   0.00239663
      3.20068    0.0465609   0.00228248
      3.20209    0.0407016   0.00235813
      3.20350    0.0569869   0.00227729
      3.20491    0.0469225   0.00234858
      3.20632    0.0487054   0.00291953
      3.20774    0.0417841   0.00358717
      3.20915    0.0425439   0.00395407
      3.21056    0.0431756   0.00378680
      3.21197    0.0521987   0.00301042
      3.21338    0.0532510   0.00234369
      3.21480    0.0495814   0.00204931
      3.21621    0.0526982   0.00199731
      3.21762    0.0519295   0.00181011
      3.21903    0.0537085   0.00170473
      3.22045    0.0486384   0.00193016
      3.22186    0.0552395   0.00281707
      3.22327    0.0515060   0.00384237
      3.22469    0.0535009   0.00378098
      3.22610    0.0550561   0.00253661
      3.22751    0.0544429   0.00220870
      3.22893    0.0463465   0.00258154
      3.23034    0.0484171   0.00277529
      3.23175    0.0547137   0.00193583
      3.23317    0.0559204   0.00125256
      3.23458    0.0561571   0.00109620
      3.23599    0.0565819   0.00109330
      3.23741    0.0565800   0.00117843
      3.23882    0.0587771   0.00134609
      3.24023    0.0620643   0.00153658
      3.24165    0.0612134   0.00148431
      3.24306    0.0593532   0.00162712
      3.24448    0.0608443   0.00216130
      3.24589    0.0634247   0.00266208
      3.24730    0.0637076   0.00284193
      3.24872    0.0614245   0.00227033
      3.25013    0.0610803   0.00157792
      3.25155    0.0627625   0.00115414
      3.25296    0.0643889   0.00101091
      3.25437    0.0664906  0.000962854
      3.25579    0.0694422  0.000994689
      3.25720    0.0699483   0.00110079
      3.25862    0.0704227   0.00138295
      3.26003    0.0685769   0.00186711
      3.26145    0.0724140   0.00248496
      3.26286    0.0747209   0.00199459
      3.26428    0.0743492   0.00155530
      3.26569    0.0752724   0.00134504
      3.26711    0.0754676   0.00139724
      3.26852    0.0783027   0.00164785
      3.26994    0.0723329   0.00200997
      3.27135    0.0727194   0.00207959
      3.27277    0.0782529   0.00155211
      3.27418    0.0804045   0.00116093
      3.27560    0.0791949   0.00108033
      3.27701    0.0803916   0.00113023
      3.27843    0.0778589   0.00134088
      3.27984    0.0778884   0.00141687
      3.28126    0.0829182   0.00126426
      3.28267    0.0846812   0.00102871
      3.28409    0.0857376  0.000928617
      3.28551    0.0837447  0.000915085
      3.28692    0.0858737  0.000899058
      3.28834    0.0887683  0.000947938
      3.28975    0.0880832   0.00100099
      3.29117    0.0922734   0.00112196
      3.29258    0.0923516   0.00128232
      3.29400    0.0882487   0.00157965
      3.29542    0.0980416   0.00198106
      3.29683    0.0994176   0.00228536
      3.29825    0.0894009   0.00250430
      3.29966     0.100890   0.00222472
      3.30108     0.105949   0.00152809
      3.30250    0.0950031   0.00128902
      3.30391    0.0922632   0.00127449
      3.30533    0.0925558   0.00130325
      3.30675    0.0971453   0.00120740
      3.30816    0.0944163   0.00127152
      3.30958     0.104313   0.00142333
      3.31099     0.107541   0.00149561
      3.31241    0.0994833   0.00214030
      3.31383    0.0906695   0.00497185
      3.31524    0.0998704    0.0145141
      3.31666    0.0745572    0.0137145
      3.31808     0.100079   0.00860119
      3.31949    0.0902783   0.00569806
      3.32091    0.0945426   0.00350771
      3.32233    0.0973577   0.00219339
      3.32374     0.105257   0.00156459
      3.32516     0.106292   0.00141471
      3.32658    0.0990810   0.00132165
      3.32799    0.0988199   0.00147082
      3.32941     0.105576   0.00133681
      3.33083     0.105811   0.00105194
      3.33224     0.105643  0.000970953
      3.33366     0.104996  0.000968848
      3.33508     0.106090   0.00101989
      3.33649     0.107447  0.000986446
      3.33791     0.106988   0.00109499
      3.33933     0.109132   0.00120041
      3.34075     0.111236   0.00131595
      3.34216     0.116194   0.00118791
      3.34358     0.113376   0.00117775
      3.34500     0.109916   0.00128320
      3.34641     0.110067   0.00130310
      3.34783     0.117051   0.00113882
      3.34925     0.117588   0.00107536
      3.35066     0.115292  0.000988872
      3.35208     0.114814   0.00100476
      3.35350     0.118129   0.00107239
      3.35492     0.116836   0.00125730
      3.35633     0.117986   0.00141722
      3.35775     0.121873   0.00132957
      3.35917     0.124634   0.00120185
      3.36059     0.119921   0.00113910
      3.36200     0.117894   0.00111267
      3.36342     0.118788   0.00112858
      3.36484     0.122491   0.00107185
      3.36626     0.123025   0.00103965
      3.36767     0.119006   0.00112931
      3.36909     0.122767   0.00124182
      3.37051     0.126724   0.00120378
      3.37193     0.126168   0.00107260
      3.37334     0.129463   0.00101071
      3.37476     0.130767  0.000962819
      3.37618     0.130950   0.00102345
      3.37759     0.132522   0.00107378
      3.37901     0.130319   0.00119245
      3.38043     0.125619   0.00126121
      3.38185     0.131360   0.00129357
      3.38327     0.129761   0.00116190
      3.38468     0.130035   0.00104415
      3.38610     0.129794  0.000990499
      3.38752     0.136605  0.000961947
      3.38894     0.137111  0.000940212
      3.39035     0.131483   0.00103741
      3.39177     0.126245   0.00116088
      3.39319     0.134958   0.00112522
      3.39461     0.134749   0.00102666
      3.39602     0.133252  0.000916952
      3.39744     0.133664  0.000871816
      3.39886     0.135373  0.000883213
      3.40028     0.139622  0.000880468
      3.40169     0.138094  0.000980302
      3.40311     0.130529   0.00115075
      3.40453     0.137773   0.00132115
      3.40595     0.141240   0.00121825
      3.40737     0.136197   0.00114089
      3.40878     0.137293   0.00109971
      3.41020     0.140198   0.00105837
      3.41162     0.141519  0.000981676
      3.41304     0.141446   0.00104154
      3.41445     0.138598   0.00105832
      3.41587     0.136951   0.00116540
      3.41729     0.143928   0.00117039
      3.41871     0.145489  0.000975769
      3.42013     0.144638  0.000925993
      3.42154     0.142510  0.000886612
      3.42296     0.143550  0.000893530
      3.42438     0.145721  0.000951911
      3.42580     0.146100   0.00100967
      3.42721     0.143450   0.00110525
      3.42863     0.144704   0.00118526
      3.43005     0.150029   0.00106955
      3.43147     0.145552  0.000911944
      3.43288     0.146244  0.000887791
      3.43430     0.147713  0.000872006
      3.43572     0.149840  0.000888630
      3.43714     0.152578  0.000901986
      3.43856     0.151387  0.000926515
      3.43997     0.149992   0.00100806
      3.44139     0.153141  0.000990113
      3.44281     0.155024  0.000941013
      3.44423     0.153658  0.000869378
      3.44564     0.154621  0.000853820
      3.44706     0.154795  0.000871891
      3.44848     0.155446  0.000864518
      3.44990     0.157493  0.000881127
      3.45131     0.158226  0.000891984
      3.45273     0.157253  0.000973758
      3.45415     0.158588  0.000972506
      3.45557     0.162349  0.000948157
      3.45699     0.159643  0.000872934
      3.45840     0.159442  0.000832742
      3.45982     0.160457  0.000805907
      3.46124     0.163410  0.000823605
      3.46266     0.163785  0.000845800
      3.46407     0.163207  0.000890665
      3.46549     0.160681  0.000913242
      3.46691     0.161828  0.000872492
      3.46833     0.165195  0.000873293
      3.46974     0.165349  0.000838479
      3.47116     0.165625  0.000822161
      3.47258     0.164380  0.000805988
      3.47400     0.165078  0.000856204
      3.47541     0.166668  0.000837472
      3.47683     0.170336  0.000864945
      3.47825     0.167583  0.000837780
      3.47967     0.169748  0.000846762
      3.48108     0.176517  0.000838193
      3.48250     0.171583  0.000854626
      3.48392     0.173134  0.000830400
      3.48534     0.173393  0.000791458
      3.48675     0.175936  0.000837929
      3.48817     0.176965  0.000833809
      3.48959     0.176675  0.000877881
      3.49101     0.176676  0.000874275
      3.49242     0.182187  0.000847419
      3.49384     0.183642  0.000853206
      3.49526     0.182782  0.000807726
      3.49668     0.185506  0.000836774
      3.49809     0.185319  0.000821579
      3.49951     0.185765  0.000844979
      3.50093     0.187692  0.000824569
      3.50235     0.186567  0.000825362
      3.50376     0.187044  0.000845736
      3.50518     0.190851  0.000798512
      3.50660     0.190417  0.000824019
      3.50801     0.183671  0.000828246
      3.50943     0.189235  0.000820084
      3.51085     0.192706  0.000848891
      3.51227     0.194735  0.000832036
      3.51368     0.196734  0.000833694
      3.51510     0.196083  0.000842331
      3.51652     0.197861  0.000826068
      3.51793     0.197577  0.000803334
      3.51935     0.199324  0.000795468
      3.52077     0.199575  0.000811164
      3.52219     0.200993  0.000785793
      3.52360     0.202775  0.000797283
      3.52502     0.203514  0.000826367
      3.52644     0.202687  0.000805191
      3.52785     0.204347  0.000830781
      3.52927     0.203850  0.000803543
      3.53069     0.205887  0.000804076
      3.53210     0.204466  0.000816823
      3.53352     0.205820  0.000860420
      3.53494     0.205445  0.000833969
      3.53636     0.206704  0.000843699
      3.53777     0.210328  0.000859057
      3.53919     0.209816  0.000859426
      3.54061     0.211917  0.000910019
      3.54202     0.213307  0.000900498
      3.54344     0.212615  0.000846821
      3.54486     0.213732  0.000830892
      3.54627     0.214206  0.000815467
      3.54769     0.218312  0.000837361
      3.54911     0.220351  0.000810803
      3.55052     0.220049  0.000816684
      3.55194     0.220851  0.000812786
      3.55336     0.222983  0.000864504
      3.55477     0.223239  0.000823761
      3.55619     0.225654  0.000836763
      3.55761     0.225470  0.000835885
      3.55902     0.219652  0.000824670
      3.56044     0.219856  0.000825019
      3.56185     0.228243  0.000819153
      3.56327     0.231297  0.000806329
      3.56469     0.230520  0.000813589
      3.56610     0.232007  0.000832479
      3.56752     0.233618  0.000859821
      3.56894     0.237090  0.000858985
      3.57035     0.238246  0.000821838
      3.57177     0.238153  0.000843432
      3.57319     0.239107  0.000855972
      3.57460     0.241603  0.000870059
      3.57602     0.237681  0.000844587
      3.57743     0.234562  0.000827005
      3.57885     0.245748  0.000806986
      3.58027     0.247644  0.000827524
      3.58168     0.250717  0.000856601
      3.58310     0.248490  0.000870286
      3.58451     0.249109  0.000863313
      3.58593     0.248430  0.000857974
      3.58735     0.249307  0.000856767
      3.58876     0.249004  0.000846988
      3.59018     0.252125  0.000861229
      3.59159     0.256048  0.000849807
      3.59301     0.253801  0.000840527
      3.59443     0.257683  0.000836137
      3.59584     0.259536  0.000839321
      3.59726     0.259589  0.000838677
      3.59867     0.258332  0.000820903
      3.60009     0.259426  0.000848837
      3.60151     0.260747  0.000812342
      3.60292     0.263097  0.000830653
      3.60434     0.262402  0.000835876
      3.60575     0.263618  0.000821594
      3.60717     0.264029  0.000875715
      3.60858     0.271180  0.000858097
      3.61000     0.273263  0.000842864
      3.61142     0.271665  0.000868157
      3.61283     0.269360  0.000838132
      3.61425     0.275536  0.000810613
      3.61566     0.276781  0.000840918
      3.61708     0.275275  0.000810650
      3.61849     0.275587  0.000830123
      3.61991     0.278111  0.000854799
      3.62132     0.278025  0.000824989
      3.62274     0.278881  0.000844619
      3.62415     0.280571  0.000845198
      3.62557     0.284087  0.000874699
      3.62698     0.280827  0.000857885
      3.62840     0.285373  0.000882794
      3.62982     0.283942  0.000865005
      3.63123     0.281596  0.000823966
      3.63265     0.283164  0.000827332
      3.63406     0.288309  0.000848313
      3.63548     0.287516  0.000792762
      3.63689     0.287642  0.000803214
      3.63831     0.283816  0.000808490
      3.63972     0.294958  0.000810145
      3.64114     0.295186  0.000779922
      3.64255     0.294840  0.000826507
      3.64397     0.300055  0.000831191
      3.64538     0.298688  0.000861519
      3.64680     0.293401  0.000869454
      3.64821     0.297281  0.000853168
      3.64963     0.299122  0.000831423
      3.65104     0.298005  0.000813204
      3.65246     0.300381  0.000800286
      3.65387     0.309691  0.000820582
      3.65529     0.307855  0.000802784
      3.65670     0.302897  0.000794713
      3.65811     0.301459  0.000796037
      3.65953     0.301614  0.000839028
      3.66094     0.303234  0.000841263
      3.66236     0.306014  0.000815172
      3.66377     0.308635  0.000859989
      3.66519     0.309571  0.000808669
      3.66660     0.309917  0.000819718
      3.66802     0.310032  0.000842178
      3.66943     0.310721  0.000836780
      3.67085     0.309165  0.000877363
      3.67226     0.311675  0.000882231
      3.67368     0.311798  0.000888560
      3.67509     0.311316  0.000889613
      3.67650     0.311463  0.000900910
      3.67792     0.307076  0.000874360
      3.67933     0.303264  0.000872742
      3.68075     0.315357  0.000820257
      3.68216     0.318814  0.000858928
      3.68358     0.321177  0.000831891
      3.68499     0.322945  0.000856123
      3.68640     0.321879  0.000827044
      3.68782     0.322228  0.000824200
      3.68923     0.326480  0.000843514
      3.69065     0.328663  0.000863814
      3.69206     0.334055  0.000800088
      3.69348     0.327732  0.000792861
      3.69489     0.331160  0.000800847
      3.69630     0.331314  0.000807148
      3.69772     0.336604  0.000824077
      3.69913     0.331342  0.000799519
      3.70055     0.333217  0.000828788
      3.70196     0.329943  0.000837036
      3.70337     0.335990  0.000816809
      3.70479     0.334960  0.000830748
      3.70620     0.337926  0.000844699
      3.70761     0.335667  0.000836429
      3.70903     0.339195  0.000850307
      3.71044     0.341196  0.000858203
      3.71186     0.349549  0.000896864
      3.71327     0.342439  0.000866670
      3.71468     0.345978  0.000827426
      3.71610     0.341894  0.000854527
      3.71751     0.340276  0.000847558
      3.71892     0.328779  0.000799020
      3.72034     0.349385  0.000800894
      3.72175     0.350371  0.000837722
      3.72317     0.346899  0.000835933
      3.72458     0.349472  0.000835244
      3.72599     0.353014  0.000815250
      3.72741     0.353473  0.000876742
      3.72882     0.355140  0.000850579
      3.73023     0.358180  0.000862651
      3.73165     0.362635  0.000865874
      3.73306     0.364117  0.000859453
      3.73447     0.369534  0.000920372
      3.73589     0.379510  0.000877858
      3.73730     0.389438  0.000871707
      3.73871     0.389615  0.000925570
      3.74013     0.397153  0.000880701
      3.74154     0.397556  0.000855289
      3.74295     0.396542  0.000874733
      3.74437     0.388255  0.000850851
      3.74578     0.375689  0.000818781
      3.74719     0.383877  0.000812533
      3.74861     0.378351  0.000881165
      3.75002     0.377369  0.000831862
      3.75143     0.381246  0.000880241
      3.75285     0.378731  0.000886010
      3.75426     0.378053  0.000867415
      3.75567     0.380996  0.000872494
      3.75709     0.380146  0.000856342
      3.75850     0.380103  0.000863384
      3.75991     0.383675  0.000825284
      3.76133     0.380002  0.000872731
      3.76274     0.381435  0.000894431
      3.76415     0.382129  0.000860701
      3.76557     0.381362  0.000891643
      3.76698     0.384340  0.000888588
      3.76839     0.383564  0.000852663
      3.76980     0.382353  0.000867604
      3.77122     0.375869  0.000860312
      3.77263     0.374024  0.000905503
      3.77404     0.384872  0.000847853
      3.77546     0.388188  0.000906502
      3.77687     0.393110  0.000848290
      3.77828     0.391574  0.000877702
      3.77970     0.389525  0.000844329
      3.78111     0.394954  0.000900504
      3.78252     0.391648  0.000871571
      3.78393     0.391709  0.000899697
      3.78535     0.394127  0.000892993
      3.78676     0.397161  0.000867690
      3.78817     0.395358  0.000949098
      3.78959     0.399181  0.000918918
      3.79100     0.396923  0.000925307
      3.79241     0.399935  0.000847445
      3.79382     0.397712  0.000922929
      3.79524     0.401329  0.000869373
      3.79665     0.400862  0.000904956
      3.79806     0.402958  0.000902606
      3.79947     0.404272  0.000828091
      3.80089     0.402711  0.000890345
      3.80230     0.383850  0.000858793
      3.80371     0.400130  0.000867396
      3.80513     0.405867  0.000911077
      3.80654     0.409647  0.000862370
      3.80795     0.412013  0.000875952
      3.80936     0.416908  0.000892141
      3.81078     0.410629  0.000906317
      3.81219     0.415220  0.000918561
      3.81360     0.414554  0.000908592
      3.81501     0.417079  0.000881130
      3.81643     0.417167  0.000853799
      3.81784     0.403074  0.000924321
      3.81925     0.420437  0.000887198
      3.82067     0.419595  0.000914262
      3.82208     0.403958  0.000915542
      3.82349     0.419945  0.000882246
      3.82490     0.425383  0.000928296
      3.82632     0.418509  0.000938011
      3.82773     0.422601  0.000866374
      3.82914     0.426659  0.000899447
      3.83055     0.429188  0.000921895
      3.83197     0.429577  0.000909154
      3.83338     0.423167  0.000943701
      3.83479     0.428592  0.000924055
      3.83620     0.428863  0.000941862
      3.83762     0.430319  0.000875779
      3.83903     0.438230  0.000916227
      3.84044     0.436799  0.000907804
      3.84185     0.436939  0.000919988
      3.84327     0.449257  0.000977364
      3.84468     0.450601  0.000930225
      3.84609     0.445509  0.000902884
      3.84751     0.445004  0.000930412
      3.84892     0.445643  0.000893499
      3.85033     0.444377  0.000893911
      3.85174     0.449740  0.000916807
      3.85316     0.452303  0.000951234
      3.85457     0.452932  0.000932807
      3.85598     0.451123  0.000965705
      3.85739     0.447555  0.000922818
      3.85881     0.450693  0.000900742
      3.86022     0.454539  0.000912381
      3.86163     0.455092  0.000933197
      3.86304     0.455816  0.000980109
      3.86446     0.456953  0.000995195
      3.86587     0.451390  0.000912026
      3.86728     0.457929   0.00103963
      3.86870     0.451927  0.000972404
      3.87011     0.463164   0.00100304
      3.87152     0.470177   0.00106446
      3.87293     0.466420   0.00104508
      3.87435     0.465094   0.00105170
      3.87576     0.463678   0.00100278
      3.87717     0.459522   0.00102186
      3.87858     0.466033   0.00105734
      3.88000     0.470414   0.00101949
      3.88141     0.473267   0.00102627
      3.88282     0.472507   0.00103276
      3.88424     0.474753   0.00101963
      3.88565     0.472761   0.00104398
      3.88706     0.473622  0.000987487
      3.88847     0.473835  0.000975868
      3.88989     0.475270   0.00103024
      3.89130     0.479949   0.00103396
      3.89271     0.475273  0.000953112
      3.89413     0.471924  0.000998871
      3.89554     0.475357  0.000953963
      3.89695     0.477426   0.00102976
      3.89836     0.478077  0.000953963
      3.89978     0.481697  0.000950759
      3.90119     0.481794   0.00101676
      3.90260     0.480902   0.00105907
      3.90402     0.483531   0.00102654
      3.90543     0.485672   0.00103265
      3.90684     0.490135   0.00107094
      3.90826     0.489238   0.00105677
      3.90967     0.484625   0.00110604
      3.91108     0.486318  0.000971416
      3.91249     0.495537   0.00107103
      3.91391     0.489310   0.00104452
      3.91532     0.487465   0.00110188
      3.91673     0.489833   0.00108545
      3.91815     0.493619   0.00106166
      3.91956     0.484671   0.00109713
      3.92097     0.485425   0.00104164
      3.92239     0.487931   0.00103111
      3.92380     0.489971   0.00100284
      3.92521     0.490047   0.00101731
      3.92663     0.487929   0.00109113
      3.92804     0.486586   0.00106382
      3.92945     0.490087   0.00102227
      3.93087     0.487063  0.000974102
      3.93228     0.495996   0.00102533
      3.93369     0.493232  0.000925152
      3.93511     0.489695   0.00105871
      3.93652     0.491891  0.000994221
      3.93794     0.491139   0.00100160
      3.93935     0.490988   0.00106433
      3.94076     0.500587   0.00102724
      3.94218     0.494762  0.000990912
      3.94359     0.495999  0.000927887
      3.94500     0.496089  0.000982395
      3.94642     0.498551  0.000996298
      3.94783     0.496353   0.00110728
      3.94925     0.497376  0.000986431
      3.95066     0.491587  0.000957998
      3.95207     0.497744   0.00101438
      3.95349     0.497103  0.000980206
      3.95490     0.494923   0.00101000
      3.95632     0.496934  0.000980149
      3.95773     0.503551  0.000974153
      3.95914     0.503962   0.00105036
      3.96056     0.488481  0.000960043
      3.96197     0.455362   0.00103226
      3.96339     0.463755   0.00100360
      3.96480     0.510668   0.00100011
      3.96621     0.509395   0.00103371
      3.96763     0.516489   0.00102047
      3.96904     0.524576   0.00111924
      3.97046     0.514532   0.00102374
      3.97187     0.517384  0.000991137
      3.97329     0.518980   0.00108417
      3.97470     0.516479   0.00101348
      3.97612     0.520069   0.00101495
      3.97753     0.521270   0.00101823
      3.97895     0.526715   0.00101931
      3.98036     0.516773   0.00100315
      3.98178     0.521528   0.00103743
      3.98319     0.527028   0.00101748
      3.98460     0.529653   0.00104625
      3.98602     0.532488  0.000987810
      3.98743     0.536394  0.000957666
      3.98885     0.535026  0.000959957
      3.99026     0.536726  0.000985152
      3.99168     0.532770   0.00100141
      3.99310     0.537140   0.00104382
      3.99451     0.543709   0.00102089
      3.99593     0.544581   0.00103095
      3.99734     0.542343   0.00109378
      3.99876     0.538472  0.000954885
      4.00017     0.540672   0.00113217
      4.00159     0.545359   0.00110335
      4.00300     0.549882   0.00109329
      4.00442     0.546893  0.000957774
      4.00583     0.548365   0.00101169
      4.00725     0.553144   0.00104274
      4.00867     0.552527   0.00111533
      4.01008     0.555350   0.00110705
      4.01150     0.559552   0.00108708
      4.01291     0.556768   0.00112328
      4.01433     0.565445   0.00108385
      4.01575     0.568947   0.00111315
      4.01716     0.569620   0.00112841
      4.01858     0.564038   0.00107625
      4.02000     0.576461   0.00106540
      4.02141     0.580487   0.00112935
      4.02283     0.584733   0.00106941
      4.02424     0.588900   0.00122117
      4.02566     0.586475   0.00105959
      4.02708     0.592533   0.00113949
      4.02849     0.592846   0.00112191
      4.02991     0.578047   0.00124039
      4.03133     0.579312   0.00117914
      4.03275     0.583348   0.00125269
      4.03416     0.587246   0.00121261
      4.03558     0.578552   0.00116822
      4.03700     0.584316   0.00125108
      4.03841     0.580248   0.00119773
      4.03983     0.585144   0.00119477
      4.04125     0.593573   0.00130761
      4.04267     0.588789   0.00120396
      4.04408     0.581472   0.00118463
      4.04550     0.591897   0.00127080
      4.04692     0.599325   0.00130509
      4.04834     0.612611   0.00129585
      4.04975     0.624371   0.00126179
      4.05117     0.646780   0.00138280
      4.05259     0.671094   0.00143559
      4.05401     0.673132   0.00136199
      4.05543     0.663069   0.00128012
      4.05684     0.645947   0.00133188
      4.05826     0.627024   0.00129256
      4.05968     0.609178   0.00126101
      4.06110     0.602507   0.00123506
      4.06252     0.602474   0.00116886
      4.06394     0.599404   0.00136359
      4.06536     0.601199   0.00136606
      4.06677     0.603503   0.00129059
      4.06819     0.596635   0.00130139
      4.06961     0.600318   0.00123251
      4.07103     0.599391   0.00124140
      4.07245     0.598583   0.00115379
      4.07387     0.601025   0.00114492
      4.07529     0.603784   0.00128473
      4.07671     0.604426   0.00129749
      4.07813     0.606458   0.00126849
      4.07955     0.579255   0.00117651
      4.08097     0.612326   0.00129023
      4.08239     0.610636   0.00144408
      4.08381     0.628228   0.00140677
      4.08523     0.630456   0.00140021
      4.08665     0.658833   0.00163324
      4.08807     0.649974   0.00140039
      4.08949     0.635563   0.00143756
      4.09091     0.637309   0.00140687
      4.09233     0.622632   0.00155857
      4.09375     0.624650   0.00137851
      4.09517     0.630608   0.00147349
      4.09659     0.627332   0.00152309
      4.09801     0.634003   0.00135627
      4.09943     0.632926   0.00136717
      4.10086     0.629095   0.00131087
      4.10228     0.629089   0.00144277
      4.10370     0.629580   0.00151387
      4.10512     0.628602   0.00159680
      4.10654     0.634182   0.00142436
      4.10796     0.629632   0.00137728
      4.10939     0.634822   0.00147521
      4.11081     0.648401   0.00145846
      4.11223     0.637939   0.00146831
      4.11365     0.637720   0.00145803
      4.11507     0.644950   0.00153137
      4.11650     0.638643   0.00150521
      4.11792     0.635357   0.00139537
      4.11934     0.640825   0.00149408
      4.12076     0.628616   0.00133335
      4.12219     0.646313   0.00154032
      4.12361     0.636826   0.00163060
      4.12503     0.645528   0.00154313
      4.12646     0.639309   0.00151856
      4.12788     0.640560   0.00148155
      4.12930     0.646193   0.00148234
      4.13073     0.639304   0.00147174
      4.13215     0.636082   0.00146914
      4.13357     0.635917   0.00161002
      4.13500     0.641319   0.00153735
      4.13642     0.645441   0.00161888
      4.13785     0.645414   0.00157139
      4.13927     0.651061   0.00159211
      4.14070     0.653390   0.00156914
      4.14212     0.658962   0.00162481
      4.14355     0.660297   0.00160782
      4.14497     0.657990   0.00172466
      4.14640     0.656266   0.00167784
      4.14782     0.667973   0.00175764
      4.14925     0.669112   0.00176442
      4.15067     0.670306   0.00165978
      4.15210     0.666066   0.00169125
      4.15352     0.670899   0.00192373
      4.15495     0.662588   0.00191542
      4.15637     0.660928   0.00180276
      4.15780     0.665290   0.00195242
      4.15923     0.660824   0.00179950
      4.16065     0.679569   0.00184510
      4.16208     0.680297   0.00189373
      4.16351     0.672070   0.00188681
      4.16493     0.646949   0.00198112
      4.16636     0.683261   0.00208938
      4.16779     0.674386   0.00214614
      4.16922     0.673703   0.00217594
      4.17064     0.665458   0.00223787
      4.17207     0.658955   0.00221865
      4.17350     0.679675   0.00245177
      4.17493     0.685643   0.00240467
      4.17635     0.700709   0.00252923
      4.17778     0.688951   0.00253763
      4.17921     0.667055   0.00265163
      4.18064     0.684234   0.00280200
      4.18207     0.691123   0.00310961
      4.18350     0.689089   0.00360537
      4.18493     0.682172   0.00407006
      4.18636     0.669243   0.00495925
      4.18778     0.644618   0.00553875
      4.18921     0.648451   0.00756392
      4.19064     0.655988    0.0121325
      4.19207     0.648290    0.0174613
      4.19350     0.564983    0.0332057
      4.19493     0.665095    0.0685638
      4.19636     0.836921     0.156497
      4.19779      1.82156     0.448452
      4.19922     -7.23685      2.81945
      4.20066     -7.73534      1.32283
      4.20209     -2.70302      2.27834
      4.20352     0.544577      2.59684
      4.20495     0.529653     0.929838
      4.20638      1.00362     0.868256
      4.20781      32.9778      24.6687
      4.20924     -13.6447      2.00428
      4.21068      21.1140      7.86436
      4.21211      21.1679      5.38249
      4.21354     -28.1038      4.35947
      4.21497     -3.76295      1.47640
      4.21641     -22.4932      28.3259
      4.21784    0.0835390      7.28749
      4.21927     -3.18304      7.18394
      4.22071     -57.3717      12.6919
      4.22214     -3.09180      1.40782
      4.22357      0.00000      33.4777
