SOURCE  = VSSG 17                       / Source name
STANDARD= BS5812                        / Standard name
OBSDATE = 02-05-2002                    / Date of observation
SPOS    = 16:27:30.2  -24:27:44.3       / Source position RA,DEC,J2000
STPOS   = 15:38:39.2  -29:47:13.6       / Standard position RA,DEC,J2000
STSPT   = B2.5V                         / Standard spectral type
STTEFF  = 19950                         / Standard effective temperature [K]
STMAG   = 4.199                         / Standard magnitude (adopted)
WAVEZP  = 3.45                          / Wavelength zero point [micron]
FLUXZP  = 290                           / Flux zero point [Jy]
SAIRM   = 1.011                         / Source mean airmass
STAIRM  = 1.032                         / Standard mean airmass
AIRMCORR= 1.01                          / Optimal (adopted) airmass correction
SPECRES = ~1200                         / Spectral resolution

Created by K. M. Pontoppidan             Mon May 19 20:25:53 2003

Wavelength [micron] Flux [Jy] Statistical Error [Jy]

      2.81691      0.00000     0.186971
      2.81837    0.0655466    0.0889353
      2.81983    0.0999278    0.0284324
      2.82129     0.142373    0.0173422
      2.82274     0.150089    0.0147728
      2.82420     0.157406    0.0151473
      2.82566     0.105794    0.0100704
      2.82711     0.164667   0.00747851
      2.82857     0.165330   0.00927222
      2.83003     0.153835    0.0202346
      2.83148     0.212320    0.0627477
      2.83293     0.244440     0.113068
      2.83439     0.239417     0.101063
      2.83584   -0.0485896    0.0591791
      2.83729     0.166327    0.0242656
      2.83874     0.110023    0.0142996
      2.84019     0.154544   0.00834626
      2.84164     0.139647   0.00580673
      2.84309     0.144369   0.00518653
      2.84454     0.136042   0.00766364
      2.84599     0.112213    0.0143237
      2.84744     0.104267    0.0173131
      2.84889    0.0668900    0.0108591
      2.85034     0.118013    0.0108941
      2.85178     0.108537    0.0171889
      2.85323    0.0422599    0.0453810
      2.85467    0.0787269    0.0216839
      2.85612     0.125231   0.00852511
      2.85756     0.135358   0.00664952
      2.85901     0.121531   0.00745810
      2.86045     0.107571   0.00615962
      2.86189     0.121554   0.00424636
      2.86334     0.122831   0.00369745
      2.86478     0.123238   0.00409070
      2.86622     0.126191   0.00569837
      2.86766     0.111211   0.00612919
      2.86910     0.106338   0.00591650
      2.87054     0.122444   0.00772608
      2.87198     0.124354   0.00900884
      2.87342     0.110819   0.00492362
      2.87486     0.114846   0.00331293
      2.87629     0.127342   0.00299797
      2.87773     0.119559   0.00365497
      2.87917     0.106291   0.00335075
      2.88061     0.105183   0.00325157
      2.88204     0.112878   0.00299104
      2.88348     0.109406   0.00345239
      2.88491     0.103273   0.00360075
      2.88635     0.117130   0.00327971
      2.88778     0.112275   0.00382979
      2.88921    0.0865906   0.00555888
      2.89065    0.0911805   0.00428516
      2.89208     0.106138   0.00366181
      2.89351    0.0977146   0.00315105
      2.89495    0.0991300   0.00251292
      2.89638     0.104049   0.00224049
      2.89781     0.105837   0.00206931
      2.89924     0.108978   0.00256965
      2.90067     0.113133   0.00346527
      2.90210    0.0958079   0.00568879
      2.90353     0.102206   0.00595659
      2.90496     0.105114   0.00517870
      2.90638    0.0912409   0.00510049
      2.90781    0.0581560   0.00395499
      2.90924    0.0905471   0.00373388
      2.91067    0.0883463   0.00272898
      2.91209    0.0912117   0.00237852
      2.91352    0.0992402   0.00231200
      2.91495    0.0928592   0.00251252
      2.91637    0.0843867   0.00283792
      2.91780    0.0836807   0.00288243
      2.91922    0.0872377   0.00265107
      2.92065    0.0919370   0.00233980
      2.92207    0.0912741   0.00261016
      2.92350    0.0961439   0.00374728
      2.92492     0.109784   0.00605844
      2.92634    0.0806584   0.00575040
      2.92776    0.0782593   0.00340709
      2.92919    0.0814969   0.00242482
      2.93061    0.0814656   0.00205175
      2.93203    0.0805543   0.00216189
      2.93345    0.0816035   0.00215112
      2.93487    0.0844328   0.00202286
      2.93629    0.0827477   0.00200419
      2.93771    0.0809336   0.00206569
      2.93913    0.0841446   0.00220016
      2.94055    0.0820244   0.00245373
      2.94197    0.0767747   0.00295726
      2.94339    0.0737461   0.00252325
      2.94481    0.0727036   0.00276470
      2.94623    0.0734201   0.00296134
      2.94764    0.0741782   0.00275511
      2.94906    0.0779991   0.00292366
      2.95048    0.0725971   0.00307839
      2.95189    0.0777029   0.00265391
      2.95331    0.0782284   0.00198325
      2.95473    0.0823837   0.00203866
      2.95614    0.0843509   0.00296663
      2.95756    0.0789962   0.00309053
      2.95897    0.0725491   0.00277240
      2.96039    0.0738689   0.00229459
      2.96180    0.0743081   0.00214367
      2.96322    0.0804542   0.00201379
      2.96463    0.0761432   0.00193510
      2.96604    0.0731741   0.00197444
      2.96746    0.0726558   0.00183275
      2.96887    0.0735743   0.00190062
      2.97028    0.0721432   0.00236835
      2.97170    0.0734031   0.00293307
      2.97311    0.0813069   0.00430816
      2.97452    0.0673262   0.00503348
      2.97593    0.0596565   0.00502327
      2.97734    0.0714856   0.00437688
      2.97875    0.0696049   0.00361777
      2.98016    0.0752871   0.00272060
      2.98158    0.0740705   0.00295029
      2.98299    0.0695271   0.00286872
      2.98440    0.0641136   0.00293007
      2.98581    0.0656654   0.00235279
      2.98721    0.0692277   0.00208770
      2.98862    0.0689960   0.00182738
      2.99003    0.0671970   0.00185485
      2.99144    0.0692995   0.00170684
      2.99285    0.0676699   0.00165701
      2.99426    0.0680381   0.00189298
      2.99567    0.0669576   0.00189393
      2.99707    0.0701595   0.00191083
      2.99848    0.0692339   0.00189508
      2.99989    0.0658385   0.00235104
      3.00130    0.0645590   0.00228283
      3.00270    0.0633952   0.00208253
      3.00411    0.0681395   0.00162100
      3.00552    0.0716029   0.00165655
      3.00692    0.0744598   0.00189490
      3.00833    0.0705319   0.00243040
      3.00973    0.0665772   0.00278476
      3.01114    0.0650261   0.00283235
      3.01254    0.0663818   0.00229875
      3.01395    0.0658056   0.00190124
      3.01535    0.0628613   0.00177767
      3.01676    0.0641889   0.00172690
      3.01816    0.0671189   0.00173834
      3.01957    0.0717997   0.00193858
      3.02097    0.0657974   0.00226012
      3.02238    0.0662422   0.00269939
      3.02378    0.0670172   0.00306889
      3.02518    0.0640173   0.00314146
      3.02659    0.0622934   0.00253064
      3.02799    0.0642980   0.00200060
      3.02939    0.0644737   0.00183076
      3.03080    0.0627981   0.00178920
      3.03220    0.0659955   0.00187754
      3.03360    0.0671634   0.00194435
      3.03500    0.0688192   0.00217747
      3.03640    0.0697869   0.00257858
      3.03781    0.0670101   0.00276886
      3.03921    0.0702733   0.00279777
      3.04061    0.0648019   0.00363311
      3.04201    0.0705825   0.00340548
      3.04341    0.0661324   0.00281836
      3.04481    0.0647015   0.00255987
      3.04621    0.0652802   0.00208773
      3.04761    0.0670045   0.00195499
      3.04902    0.0620872   0.00214223
      3.05042    0.0629700   0.00238363
      3.05182    0.0546354   0.00256624
      3.05322    0.0607196   0.00281801
      3.05462    0.0633645   0.00289970
      3.05602    0.0676084   0.00375738
      3.05742    0.0646812   0.00443712
      3.05882    0.0595232   0.00385905
      3.06021    0.0628256   0.00273770
      3.06161    0.0648878   0.00210659
      3.06301    0.0624296   0.00183917
      3.06441    0.0637752   0.00192141
      3.06581    0.0608457   0.00221444
      3.06721    0.0639120   0.00224255
      3.06861    0.0650858   0.00216524
      3.07001    0.0689439   0.00211474
      3.07141    0.0647207   0.00218139
      3.07280    0.0628720   0.00245932
      3.07420    0.0628434   0.00246394
      3.07560    0.0619786   0.00266525
      3.07700    0.0575901   0.00229672
      3.07840    0.0632244   0.00192457
      3.07979    0.0646769   0.00171015
      3.08119    0.0636686   0.00162988
      3.08259    0.0696622   0.00206607
      3.08399    0.0693417   0.00231951
      3.08538    0.0642827   0.00300378
      3.08678    0.0719957   0.00264709
      3.08818    0.0630725   0.00216116
      3.08958    0.0638153   0.00231914
      3.09097    0.0643089   0.00205139
      3.09237    0.0681239   0.00220514
      3.09377    0.0647146   0.00211636
      3.09516    0.0671747   0.00228656
      3.09656    0.0649702   0.00238319
      3.09796    0.0693104   0.00262753
      3.09935    0.0675667   0.00262034
      3.10075    0.0678021   0.00282537
      3.10215    0.0655926   0.00221461
      3.10354    0.0655404   0.00186192
      3.10494    0.0690538   0.00180921
      3.10633    0.0738453   0.00196732
      3.10773    0.0736266   0.00297465
      3.10913    0.0686131   0.00288553
      3.11052    0.0678552   0.00274867
      3.11192    0.0687619   0.00240594
      3.11331    0.0708347   0.00257422
      3.11471    0.0678723   0.00245942
      3.11611    0.0696123   0.00227266
      3.11750    0.0694719   0.00219843
      3.11890    0.0650364   0.00211947
      3.12029    0.0629852   0.00176109
      3.12169    0.0669851   0.00159718
      3.12308    0.0690107   0.00133315
      3.12448    0.0745528   0.00142224
      3.12588    0.0736601   0.00140402
      3.12727    0.0735728   0.00168723
      3.12867    0.0743303   0.00231301
      3.13006    0.0721924   0.00295654
      3.13146    0.0709956   0.00278182
      3.13285    0.0702401   0.00213113
      3.13425    0.0695512   0.00162606
      3.13564    0.0707186   0.00130570
      3.13704    0.0728655   0.00120153
      3.13843    0.0725312   0.00126947
      3.13983    0.0749877   0.00145666
      3.14122    0.0741188   0.00152080
      3.14262    0.0772902   0.00187916
      3.14401    0.0743366   0.00193197
      3.14541    0.0786688   0.00171298
      3.14680    0.0904728   0.00162811
      3.14820    0.0374842   0.00190350
      3.14959    0.0773519   0.00210639
      3.15099    0.0716773   0.00190069
      3.15238    0.0767300   0.00162876
      3.15378    0.0780216   0.00133221
      3.15517    0.0768452   0.00125390
      3.15657    0.0800973   0.00148292
      3.15796    0.0780863   0.00163025
      3.15936    0.0799929   0.00152278
      3.16075    0.0781801   0.00163195
      3.16215    0.0794163   0.00136263
      3.16354    0.0804415   0.00146760
      3.16494    0.0813207   0.00132283
      3.16633    0.0804504   0.00126385
      3.16773    0.0839106   0.00120652
      3.16912    0.0829255   0.00143925
      3.17052    0.0852451   0.00142302
      3.17191    0.0860732   0.00141989
      3.17331    0.0825587   0.00130705
      3.17470    0.0845414   0.00138531
      3.17610    0.0851231   0.00150873
      3.17749    0.0855733   0.00164293
      3.17889    0.0845696   0.00149551
      3.18028    0.0828045   0.00140308
      3.18168    0.0866135   0.00133251
      3.18307    0.0851004   0.00141313
      3.18447    0.0866098   0.00168215
      3.18586    0.0866524   0.00173907
      3.18726    0.0890360   0.00168644
      3.18865    0.0920179   0.00150185
      3.19005    0.0926872   0.00148756
      3.19144    0.0944463   0.00166581
      3.19284    0.0915056   0.00191107
      3.19423    0.0907173   0.00284846
      3.19563    0.0934380   0.00256166
      3.19702     0.101407   0.00212133
      3.19842    0.0981453   0.00202912
      3.19981    0.0929034   0.00275383
      3.20121    0.0944708   0.00326870
      3.20261    0.0996425   0.00361145
      3.20400    0.0973477   0.00345477
      3.20540    0.0973089   0.00333262
      3.20679     0.106030   0.00333865
      3.20819     0.101729   0.00377845
      3.20958     0.104688   0.00416917
      3.21098     0.104741   0.00524331
      3.21238     0.100451   0.00579562
      3.21377    0.0993162   0.00471635
      3.21517     0.105626   0.00371419
      3.21656    0.0967820   0.00318134
      3.21796    0.0997644   0.00285347
      3.21936     0.105053   0.00271700
      3.22075     0.106913   0.00235761
      3.22215     0.102115   0.00293233
      3.22355     0.106231   0.00347981
      3.22494     0.106917   0.00538712
      3.22634     0.105580   0.00563465
      3.22773     0.101840   0.00436156
      3.22913     0.112254   0.00321306
      3.23053     0.103907   0.00351772
      3.23192     0.105965   0.00485226
      3.23332     0.108446   0.00407188
      3.23472     0.105420   0.00254673
      3.23612     0.108323   0.00176839
      3.23751     0.108737   0.00175113
      3.23891     0.110225   0.00181853
      3.24031     0.111569   0.00201882
      3.24170     0.110209   0.00273928
      3.24310     0.110364   0.00257949
      3.24450     0.120935   0.00242060
      3.24590     0.117705   0.00282018
      3.24729     0.115522   0.00400821
      3.24869     0.115983   0.00450087
      3.25009     0.114981   0.00434173
      3.25149     0.122015   0.00319466
      3.25288     0.116597   0.00234199
      3.25428     0.120192   0.00171393
      3.25568     0.115902   0.00156687
      3.25708     0.115916   0.00146261
      3.25848     0.115984   0.00167825
      3.25988     0.124594   0.00209154
      3.26127     0.122980   0.00329326
      3.26267     0.119558   0.00408340
      3.26407     0.122930   0.00408938
      3.26547     0.122957   0.00268614
      3.26687     0.118234   0.00224653
      3.26827     0.121897   0.00201394
      3.26967     0.122634   0.00251684
      3.27106     0.125876   0.00328160
      3.27246     0.115931   0.00394337
      3.27386     0.119240   0.00330606
      3.27526     0.120350   0.00208610
      3.27666     0.121462   0.00184644
      3.27806     0.128130   0.00167184
      3.27946     0.133287   0.00198217
      3.28086     0.124173   0.00240610
      3.28226     0.122288   0.00257433
      3.28366     0.123850   0.00196916
      3.28506     0.125668   0.00146753
      3.28646     0.131579   0.00144073
      3.28786     0.127972   0.00150150
      3.28926     0.131679   0.00144992
      3.29066     0.134881   0.00154077
      3.29206     0.132392   0.00167269
      3.29346     0.136809   0.00195853
      3.29486     0.137122   0.00228889
      3.29627     0.139964   0.00282804
      3.29767     0.145222   0.00327445
      3.29907     0.146038   0.00386793
      3.30047     0.138688   0.00410394
      3.30187     0.136550   0.00338659
      3.30327     0.140829   0.00247879
      3.30467     0.146821   0.00217273
      3.30608     0.145550   0.00217806
      3.30748     0.139283   0.00220456
      3.30888     0.134741   0.00211340
      3.31028     0.140460   0.00202657
      3.31168     0.144602   0.00246833
      3.31309     0.141636   0.00307105
      3.31449     0.146417   0.00495633
      3.31589     0.141401    0.0129088
      3.31729     0.131817    0.0305520
      3.31870    0.0911623    0.0270830
      3.32010     0.173646    0.0139022
      3.32150     0.130969   0.00902157
      3.32291     0.126800   0.00601312
      3.32431     0.142736   0.00390342
      3.32571     0.144381   0.00253026
      3.32712     0.148583   0.00218840
      3.32852     0.146490   0.00234500
      3.32992     0.142784   0.00229571
      3.33133     0.143584   0.00178938
      3.33273     0.143026   0.00159058
      3.33414     0.144128   0.00144761
      3.33554     0.144609   0.00156695
      3.33694     0.145809   0.00136420
      3.33835     0.147189   0.00156756
      3.33975     0.142579   0.00170091
      3.34116     0.140226   0.00184873
      3.34256     0.143374   0.00174055
      3.34397     0.144120   0.00176009
      3.34537     0.148064   0.00178900
      3.34678     0.150286   0.00208948
      3.34819     0.147251   0.00207994
      3.34959     0.148648   0.00175167
      3.35100     0.146267   0.00144189
      3.35240     0.143534   0.00146295
      3.35381     0.148898   0.00133718
      3.35522     0.152802   0.00165944
      3.35662     0.159575   0.00177850
      3.35803     0.152571   0.00223336
      3.35943     0.154750   0.00209250
      3.36084     0.149065   0.00167951
      3.36225     0.153683   0.00163270
      3.36366     0.150388   0.00172506
      3.36506     0.155778   0.00156859
      3.36647     0.157032   0.00150549
      3.36788     0.158131   0.00165762
      3.36928     0.152556   0.00178580
      3.37069     0.150212   0.00205447
      3.37210     0.152951   0.00179177
      3.37351     0.157543   0.00156752
      3.37492     0.158119   0.00144377
      3.37632     0.157584   0.00140623
      3.37773     0.155455   0.00149286
      3.37914     0.158489   0.00173997
      3.38055     0.157666   0.00187020
      3.38196     0.158075   0.00207655
      3.38337     0.156450   0.00187903
      3.38478     0.159379   0.00173501
      3.38619     0.160594   0.00164550
      3.38760     0.157497   0.00141856
      3.38901     0.165154   0.00140920
      3.39042     0.163243   0.00140688
      3.39183     0.162453   0.00168008
      3.39324     0.159855   0.00196367
      3.39465     0.154648   0.00194563
      3.39606     0.157341   0.00160829
      3.39747     0.158594   0.00139325
      3.39888     0.160299   0.00129671
      3.40029     0.167712   0.00126203
      3.40170     0.164842   0.00139940
      3.40311     0.164697   0.00168175
      3.40452     0.164614   0.00217447
      3.40593     0.160345   0.00227387
      3.40734     0.164421   0.00204755
      3.40876     0.163035   0.00180783
      3.41017     0.163186   0.00175982
      3.41158     0.165927   0.00150880
      3.41299     0.165860   0.00158269
      3.41440     0.163072   0.00163454
      3.41582     0.163768   0.00222898
      3.41723     0.163833   0.00213634
      3.41864     0.166761   0.00177618
      3.42005     0.164188   0.00162257
      3.42147     0.163019   0.00141172
      3.42288     0.165377   0.00138191
      3.42429     0.166335   0.00142370
      3.42571     0.169004   0.00140982
      3.42712     0.172239   0.00167610
      3.42853     0.168448   0.00214603
      3.42995     0.164971   0.00220160
      3.43136     0.164107   0.00175003
      3.43278     0.165487   0.00149047
      3.43419     0.166340   0.00150231
      3.43560     0.167053   0.00140069
      3.43702     0.169294   0.00138840
      3.43843     0.172067   0.00148148
      3.43985     0.168335   0.00154011
      3.44126     0.172373   0.00184734
      3.44268     0.169078   0.00197165
      3.44409     0.169698   0.00150754
      3.44551     0.170756   0.00135242
      3.44693     0.167570   0.00147452
      3.44834     0.172474   0.00153187
      3.44976     0.170372   0.00152170
      3.45117     0.176071   0.00147728
      3.45259     0.174441   0.00173555
      3.45401     0.173124   0.00179494
      3.45542     0.173863   0.00180377
      3.45684     0.173608   0.00185808
      3.45826     0.172862   0.00138001
      3.45967     0.171707   0.00129212
      3.46109     0.171250   0.00147384
      3.46251     0.171844   0.00131939
      3.46392     0.176550   0.00129286
      3.46534     0.174307   0.00153910
      3.46676     0.173614   0.00170877
      3.46818     0.174617   0.00165308
      3.46959     0.175946   0.00146605
      3.47101     0.175860   0.00124101
      3.47243     0.178905   0.00125694
      3.47385     0.180416   0.00129073
      3.47527     0.172171   0.00145572
      3.47669     0.170115   0.00121707
      3.47810     0.177088   0.00142878
      3.47952     0.175234   0.00139216
      3.48094     0.175488   0.00150959
      3.48236     0.178760   0.00167611
      3.48378     0.178481   0.00138976
      3.48520     0.176723   0.00136046
      3.48662     0.177938   0.00125197
      3.48804     0.175429   0.00128773
      3.48946     0.176152   0.00138967
      3.49088     0.179250   0.00139991
      3.49230     0.181059   0.00150678
      3.49372     0.180694   0.00148805
      3.49514     0.180765   0.00135139
      3.49656     0.179926   0.00143409
      3.49798     0.177771   0.00153329
      3.49940     0.183162   0.00144838
      3.50082     0.179715   0.00120278
      3.50225     0.172194   0.00136317
      3.50367     0.182218   0.00146636
      3.50509     0.183348   0.00134847
      3.50651     0.183115   0.00144337
      3.50793     0.187455   0.00133884
      3.50935     0.185617   0.00127234
      3.51077     0.186620   0.00136301
      3.51220     0.180445   0.00134720
      3.51362     0.182483   0.00139116
      3.51504     0.183829   0.00123188
      3.51646     0.182153   0.00132633
      3.51789     0.183252   0.00121953
      3.51931     0.189214   0.00129608
      3.52073     0.194716   0.00124889
      3.52216     0.189578   0.00128452
      3.52358     0.186579   0.00125806
      3.52500     0.183022   0.00128021
      3.52642     0.182902   0.00125660
      3.52785     0.185682   0.00125611
      3.52927     0.189891   0.00113154
      3.53070     0.189151   0.00124686
      3.53212     0.189200   0.00123621
      3.53354     0.189963   0.00115139
      3.53497     0.190562   0.00120642
      3.53639     0.190171   0.00128746
      3.53782     0.191059   0.00126892
      3.53924     0.187357   0.00133613
      3.54067     0.190387   0.00127897
      3.54209     0.190293   0.00120971
      3.54351     0.191139   0.00133675
      3.54494     0.190697   0.00150366
      3.54636     0.187932   0.00133353
      3.54779     0.191181   0.00124427
      3.54922     0.194935   0.00140420
      3.55064     0.191903   0.00125182
      3.55207     0.191981   0.00115966
      3.55349     0.194048   0.00123051
      3.55492     0.197433   0.00124138
      3.55634     0.195820   0.00133731
      3.55777     0.199921   0.00118839
      3.55920     0.198578   0.00114090
      3.56062     0.202100   0.00141197
      3.56205     0.208615   0.00131278
      3.56347     0.200359   0.00121508
      3.56490     0.200838   0.00119620
      3.56633     0.195936   0.00128678
      3.56775     0.202459   0.00123356
      3.56918     0.212309   0.00129938
      3.57061     0.207363   0.00129914
      3.57204     0.203593   0.00152081
      3.57346     0.202082   0.00134165
      3.57489     0.200199   0.00127322
      3.57632     0.201010   0.00139041
      3.57774     0.204218   0.00142111
      3.57917     0.205810   0.00127876
      3.58060     0.205588   0.00142254
      3.58203     0.203809   0.00123504
      3.58346     0.211760   0.00131411
      3.58488     0.216411   0.00139667
      3.58631     0.212007   0.00127982
      3.58774     0.209173   0.00132039
      3.58917     0.205529   0.00140970
      3.59060     0.210425   0.00124065
      3.59202     0.207219   0.00123927
      3.59345     0.212507   0.00141737
      3.59488     0.212390   0.00130923
      3.59631     0.213044   0.00124949
      3.59774     0.213281   0.00124173
      3.59917     0.214537   0.00135215
      3.60060     0.213988   0.00126333
      3.60203     0.218446   0.00128821
      3.60346     0.218928   0.00126649
      3.60488     0.213507   0.00127969
      3.60631     0.216424   0.00125232
      3.60774     0.218891   0.00137883
      3.60917     0.219638   0.00134558
      3.61060     0.223674   0.00130571
      3.61203     0.223475   0.00147523
      3.61346     0.222170   0.00137454
      3.61489     0.220831   0.00139589
      3.61632     0.223337   0.00144302
      3.61775     0.229075   0.00125964
      3.61918     0.222383   0.00127208
      3.62061     0.220930   0.00139398
      3.62204     0.222119   0.00124391
      3.62347     0.222726   0.00129538
      3.62490     0.226105   0.00126027
      3.62633     0.225767   0.00131741
      3.62776     0.221617   0.00141453
      3.62919     0.223358   0.00125534
      3.63062     0.224378   0.00132230
      3.63205     0.218633   0.00135687
      3.63348     0.221234   0.00138814
      3.63492     0.220993   0.00142077
      3.63635     0.222518   0.00131970
      3.63778     0.225724   0.00132602
      3.63921     0.222660   0.00126096
      3.64064     0.223805   0.00113068
      3.64207     0.219475   0.00109110
      3.64350     0.210969   0.00136995
      3.64493     0.218443   0.00129541
      3.64636     0.205062   0.00134011
      3.64779     0.213656   0.00125032
      3.64923     0.224315   0.00126747
      3.65066     0.212088   0.00133888
      3.65209     0.226726   0.00136297
      3.65352     0.228103   0.00148847
      3.65495     0.229254   0.00134640
      3.65638     0.229493   0.00131842
      3.65781     0.224391   0.00133166
      3.65925     0.220442   0.00133857
      3.66068     0.233952   0.00127686
      3.66211     0.229697   0.00139302
      3.66354     0.225100   0.00123179
      3.66497     0.232721   0.00129716
      3.66640     0.231942   0.00138596
      3.66784     0.230028   0.00130469
      3.66927     0.228534   0.00132618
      3.67070     0.229716   0.00131934
      3.67213     0.235176   0.00132534
      3.67356     0.227399   0.00129872
      3.67499     0.225598   0.00134632
      3.67643     0.231653   0.00145013
      3.67786     0.234622   0.00131117
      3.67929     0.231642   0.00140728
      3.68072     0.232699   0.00140954
      3.68215     0.232438   0.00123436
      3.68359     0.232490   0.00133039
      3.68502     0.233150   0.00129477
      3.68645     0.231917   0.00129193
      3.68788     0.230122   0.00124814
      3.68931     0.233423   0.00117121
      3.69075     0.235806   0.00137161
      3.69218     0.235689   0.00138212
      3.69361     0.234848   0.00139035
      3.69504     0.235081   0.00135221
      3.69647     0.231050   0.00129988
      3.69791     0.237908   0.00136228
      3.69934     0.237727   0.00127415
      3.70077     0.236309   0.00133267
      3.70220     0.237627   0.00150220
      3.70363     0.230600   0.00122403
      3.70507     0.229950   0.00132557
      3.70650     0.238162   0.00138401
      3.70793     0.237762   0.00131276
      3.70936     0.237426   0.00127939
      3.71079     0.229870   0.00135396
      3.71223     0.243999   0.00133465
      3.71366     0.243002   0.00125032
      3.71509     0.242820   0.00136346
      3.71652     0.234734   0.00127974
      3.71795     0.234921   0.00130788
      3.71939     0.239475   0.00130175
      3.72082     0.242957   0.00146283
      3.72225     0.240469   0.00140665
      3.72368     0.239876   0.00148893
      3.72511     0.237714   0.00129971
      3.72654     0.239142   0.00139675
      3.72798     0.236784   0.00137300
      3.72941     0.233881   0.00131263
      3.73084     0.242732   0.00126063
      3.73227     0.242127   0.00136122
      3.73370     0.240969   0.00136449
      3.73513     0.239665   0.00124731
      3.73656     0.243058   0.00128335
      3.73800     0.240786   0.00138467
      3.73943     0.236268   0.00128599
      3.74086     0.242958   0.00135536
      3.74229     0.256647   0.00165299
      3.74372     0.262145   0.00139816
      3.74515     0.265059   0.00147709
      3.74658     0.259558   0.00134904
      3.74801     0.253224   0.00136809
      3.74944     0.245157   0.00133860
      3.75088     0.248078   0.00136821
      3.75231     0.246412   0.00136421
      3.75374     0.244381   0.00118953
      3.75517     0.252370   0.00133521
      3.75660     0.247700   0.00134175
      3.75803     0.253911   0.00140691
      3.75946     0.251835   0.00138225
      3.76089     0.248734   0.00130172
      3.76232     0.250160   0.00127107
      3.76375     0.245409   0.00142777
      3.76518     0.246721   0.00137471
      3.76661     0.246571   0.00141557
      3.76804     0.254966   0.00143624
      3.76947     0.248014   0.00154190
      3.77090     0.249941   0.00144550
      3.77233     0.253891   0.00141882
      3.77376     0.252355   0.00137446
      3.77519     0.252481   0.00145543
      3.77662     0.251154   0.00142935
      3.77805     0.252671   0.00142561
      3.77948     0.250089   0.00145542
      3.78090     0.243144   0.00145792
      3.78233     0.247776   0.00155321
      3.78376     0.250401   0.00143294
      3.78519     0.252687   0.00139076
      3.78662     0.256235   0.00128909
      3.78805     0.251408   0.00126741
      3.78948     0.256427   0.00130043
      3.79090     0.254799   0.00126949
      3.79233     0.251343   0.00158833
      3.79376     0.256620   0.00137047
      3.79519     0.257460   0.00131468
      3.79662     0.254995   0.00138286
      3.79804     0.257458   0.00147629
      3.79947     0.259871   0.00133407
      3.80090     0.258744   0.00141237
      3.80233     0.258653   0.00148901
      3.80375     0.256392   0.00136833
      3.80518     0.258554   0.00143656
      3.80661     0.252903   0.00141903
      3.80803     0.264616   0.00146315
      3.80946     0.266628   0.00138720
      3.81089     0.257881   0.00137284
      3.81231     0.260687   0.00141286
      3.81374     0.266440   0.00146610
      3.81516     0.272368   0.00160042
      3.81659     0.260350   0.00144326
      3.81802     0.261559   0.00153933
      3.81944     0.269732   0.00144150
      3.82087     0.260354   0.00137364
      3.82229     0.261084   0.00137788
      3.82372     0.263163   0.00133845
      3.82514     0.262099   0.00125780
      3.82657     0.264317   0.00150603
      3.82799     0.262496   0.00142102
      3.82941     0.256868   0.00168892
      3.83084     0.256080   0.00145212
      3.83226     0.270762   0.00149449
      3.83369     0.266061   0.00155476
      3.83511     0.268568   0.00151745
      3.83653     0.272517   0.00159299
      3.83795     0.259918   0.00153747
      3.83938     0.259483   0.00154330
      3.84080     0.261568   0.00160117
      3.84222     0.267155   0.00149534
      3.84365     0.264822   0.00123234
      3.84507     0.269677   0.00161212
      3.84649     0.268618   0.00155809
      3.84791     0.266313   0.00154698
      3.84933     0.270842   0.00183660
      3.85075     0.273361   0.00151132
      3.85217     0.272060   0.00136253
      3.85360     0.271307   0.00153582
      3.85502     0.261749   0.00164048
      3.85644     0.264265   0.00161932
      3.85786     0.267651   0.00164316
      3.85928     0.272987   0.00151381
      3.86070     0.276767   0.00151896
      3.86212     0.265394   0.00157624
      3.86353     0.266695   0.00157978
      3.86495     0.262267   0.00170600
      3.86637     0.269264   0.00147041
      3.86779     0.270511   0.00150501
      3.86921     0.268450   0.00165677
      3.87063     0.263935   0.00172930
      3.87204     0.267641   0.00166779
      3.87346     0.275627   0.00175799
      3.87488     0.275268   0.00172214
      3.87630     0.281365   0.00201787
      3.87771     0.277709   0.00223622
      3.87913     0.274640   0.00194127
      3.88055     0.273571   0.00170654
      3.88196     0.276590   0.00186136
      3.88338     0.276589   0.00184710
      3.88479     0.280688   0.00173757
      3.88621     0.275756   0.00185102
      3.88762     0.282005   0.00184569
      3.88904     0.284204   0.00198212
      3.89045     0.280460   0.00170260
      3.89186     0.268987   0.00182407
      3.89328     0.278099   0.00160068
      3.89469     0.274797   0.00157317
      3.89610     0.268262   0.00158980
      3.89752     0.271037   0.00171949
      3.89893     0.277601   0.00165103
      3.90034     0.279401   0.00156835
      3.90175     0.281460   0.00168502
      3.90316     0.280325   0.00171246
      3.90458     0.283488   0.00170849
      3.90599     0.278054   0.00196620
      3.90740     0.274773   0.00194493
      3.90881     0.284006   0.00180542
      3.91022     0.288016   0.00180821
      3.91163     0.274312   0.00224614
      3.91304     0.275001   0.00181063
      3.91445     0.273464   0.00186568
      3.91585     0.285510   0.00196957
      3.91726     0.280136   0.00186035
      3.91867     0.276902   0.00209794
      3.92008     0.281607   0.00203715
      3.92148     0.280941   0.00187878
      3.92289     0.283048   0.00210108
      3.92430     0.277146   0.00171303
      3.92570     0.269589   0.00200348
      3.92711     0.269784   0.00200937
      3.92852     0.283691   0.00190875
      3.92992     0.273913   0.00160565
      3.93132     0.277659   0.00175243
      3.93273     0.267379   0.00190117
      3.93413     0.277892   0.00179621
      3.93554     0.270801   0.00178654
      3.93694     0.267686   0.00177274
      3.93834     0.276321   0.00167246
      3.93975     0.270482   0.00163903
      3.94115     0.277136   0.00175429
      3.94255     0.278274   0.00188932
      3.94395     0.282828   0.00164930
      3.94535     0.279669   0.00185004
      3.94675     0.272274   0.00161177
      3.94815     0.281109   0.00166125
      3.94955     0.280762   0.00180783
      3.95095     0.277397   0.00177513
      3.95235     0.282183   0.00199378
      3.95375     0.285019   0.00163595
      3.95515     0.276697   0.00171296
      3.95654     0.280247   0.00172399
      3.95794     0.283951   0.00203031
      3.95934     0.285926   0.00178971
      3.96073     0.289294   0.00175481
      3.96213     0.286389   0.00195375
      3.96352     0.281154   0.00179452
      3.96492     0.281962   0.00190080
      3.96631     0.282746   0.00172185
      3.96771     0.277362   0.00175316
      3.96910     0.272335   0.00169427
      3.97050     0.272736   0.00190580
      3.97189     0.280969   0.00168444
      3.97328     0.284693   0.00179271
      3.97467     0.284148   0.00167555
      3.97606     0.288587   0.00180197
      3.97745     0.281221   0.00161964
      3.97885     0.285378   0.00170767
      3.98024     0.287422   0.00189487
      3.98162     0.280464   0.00191385
      3.98301     0.275182   0.00162955
      3.98440     0.276137   0.00166332
      3.98579     0.277295   0.00159450
      3.98718     0.265356   0.00176324
      3.98856     0.270871   0.00175672
      3.98995     0.271445   0.00177776
      3.99134     0.277821   0.00181961
      3.99272     0.278981   0.00165126
      3.99411     0.284881   0.00191479
      3.99549     0.283079   0.00178726
      3.99688     0.278229   0.00169303
      3.99826     0.280809   0.00150169
      3.99964     0.281208   0.00176281
      4.00103     0.285490   0.00179689
      4.00241     0.287621   0.00177122
      4.00379     0.284926   0.00188829
      4.00517     0.283269   0.00196545
      4.00655     0.284276   0.00175208
      4.00793     0.284291   0.00181399
      4.00931     0.277101   0.00180230
      4.01069     0.295194   0.00180563
      4.01207     0.289246   0.00179243
      4.01344     0.285859   0.00187323
      4.01482     0.285057   0.00193116
      4.01620     0.288707   0.00172695
      4.01757     0.295321   0.00174002
      4.01895     0.290621   0.00153503
      4.02032     0.285127   0.00179823
      4.02170     0.286151   0.00193757
      4.02307     0.292759   0.00162776
      4.02444     0.290444   0.00154149
      4.02582     0.295976   0.00176151
      4.02719     0.296079   0.00157980
      4.02856     0.294088   0.00173689
      4.02993     0.296964   0.00172969
      4.03130     0.293263   0.00184631
      4.03267     0.304611   0.00149401
      4.03404     0.300848   0.00186517
      4.03541     0.290599   0.00214335
      4.03678     0.295611   0.00161953
      4.03814     0.294609   0.00189894
      4.03951     0.295553   0.00196840
      4.04087     0.291461   0.00169708
      4.04224     0.298901   0.00181282
      4.04360     0.292915   0.00199864
      4.04497     0.298046   0.00198990
      4.04633     0.296990   0.00210353
      4.04769     0.293577   0.00201976
      4.04906     0.282709   0.00198172
      4.05042     0.296353   0.00191651
      4.05178     0.304483   0.00221030
      4.05314     0.312640   0.00187367
      4.05450     0.323662   0.00191026
      4.05586     0.330970   0.00181586
      4.05722     0.320342   0.00158598
      4.05857     0.312660   0.00196495
      4.05993     0.307752   0.00190905
      4.06129     0.305474   0.00215447
      4.06264     0.298045   0.00178149
      4.06400     0.296718   0.00183923
      4.06535     0.288857   0.00166881
      4.06670     0.295959   0.00185927
      4.06806     0.291818   0.00201747
      4.06941     0.300801   0.00191619
      4.07076     0.305439   0.00190504
      4.07211     0.287496   0.00201988
      4.07346     0.289489   0.00202708
      4.07481     0.276456   0.00180473
      4.07616     0.292130   0.00230148
      4.07750     0.299785   0.00209006
      4.07885     0.301609   0.00225101
      4.08020     0.295215   0.00222148
      4.08154     0.300606   0.00206853
      4.08289     0.302358   0.00191027
      4.08423     0.295438   0.00218470
      4.08558     0.295183   0.00199003
      4.08692     0.297239   0.00223482
      4.08826     0.284755   0.00231728
      4.08960     0.287518   0.00259164
      4.09094     0.296398   0.00190596
      4.09228     0.303916   0.00239975
      4.09362     0.307231   0.00214745
      4.09496     0.301268   0.00215259
      4.09629     0.303714   0.00238267
      4.09763     0.308983   0.00250466
      4.09897     0.311788   0.00237772
      4.10030     0.306644   0.00215389
      4.10164     0.289891   0.00233586
      4.10297     0.298452   0.00242130
      4.10430     0.311963   0.00224729
      4.10563     0.305082   0.00234266
      4.10696     0.300124   0.00232316
      4.10829     0.303438   0.00220235
      4.10962     0.302815   0.00221231
      4.11095     0.295747   0.00224247
      4.11228     0.304888   0.00226495
      4.11361     0.304220   0.00239203
      4.11493     0.304372   0.00248253
      4.11626     0.306616   0.00247669
      4.11758     0.295017   0.00262377
      4.11890     0.311310   0.00238575
      4.12023     0.312952   0.00230425
      4.12155     0.303806   0.00254974
      4.12287     0.298991   0.00249176
      4.12419     0.303824   0.00256101
      4.12551     0.296650   0.00258816
      4.12683     0.305860   0.00244944
      4.12814     0.306175   0.00240373
      4.12946     0.311264   0.00238769
      4.13078     0.303853   0.00275756
      4.13209     0.302804   0.00231019
      4.13341     0.306450   0.00255360
      4.13472     0.302328   0.00240503
      4.13603     0.302445   0.00260106
      4.13734     0.317046   0.00230029
      4.13865     0.301565   0.00238045
      4.13996     0.304582   0.00320477
      4.14127     0.301181   0.00256934
      4.14258     0.302903   0.00254684
      4.14388     0.300330   0.00309506
      4.14519     0.300219   0.00266964
      4.14650     0.301101   0.00293657
      4.14780     0.302794   0.00263579
      4.14910     0.307954   0.00286568
      4.15040     0.309735   0.00281608
      4.15171     0.309166   0.00319678
      4.15301     0.312269   0.00299934
      4.15430     0.330252   0.00247379
      4.15560     0.320515   0.00309023
      4.15690     0.302667   0.00304200
      4.15820     0.310597   0.00307233
      4.15949     0.328600   0.00308104
      4.16079     0.309008   0.00329121
      4.16208     0.319575   0.00317100
      4.16337     0.334625   0.00365940
      4.16466     0.312198   0.00412964
      4.16595     0.319180   0.00397054
      4.16724     0.315091   0.00423217
      4.16853     0.312918   0.00380312
      4.16982     0.321339   0.00407855
      4.17110     0.322781   0.00409165
      4.17239     0.333488   0.00445425
      4.17367     0.326462   0.00416499
      4.17496     0.337118   0.00505130
      4.17624     0.329988   0.00531474
      4.17752     0.339198   0.00573360
      4.17880     0.318828   0.00635436
      4.18008     0.342867   0.00676272
      4.18136     0.349603   0.00949269
      4.18264     0.369095    0.0124388
      4.18391     0.356087    0.0182237
      4.18519     0.367240    0.0270684
      4.18646     0.426259    0.0497600
      4.18773     0.330351     0.113554
      4.18901      1.17293     0.313534
      4.19028      11.7509      2.38096
      4.19155     -14.3955      79.7632
      4.19281     -2.93545      3.22108
      4.19408    -0.734450     0.912706
      4.19535     0.805617      2.24922
      4.19661     -2.46553      4.85841
      4.19788     -3.99353      3.77491
      4.19914    -0.699540     0.809521
      4.20040  -0.00943189      1.65048
      4.20166    -0.820316      2.12138
      4.20292     -1.14849      1.14679
      4.20418    -0.636070      1.18147
      4.20544     0.625309      1.49928
      4.20670     -1.75415      2.30316
      4.20795     -15.5673      17.4829
      4.20921      3.92503      3.89529
      4.21046      56.7918      32.2368
      4.21171      2.63807      5.03739
      4.21296     -3.69634      3.22766
      4.21421     -2.63399      2.05491
      4.21546    -0.538891      1.89668
      4.21670     -10.2580      38.8418
      4.21795      2.23361      3.14180
      4.21920      2.01298      4.75275
      4.22044      2.96680      5.68306
      4.22168      11.8379      10.1388
      4.22292      6.33244      19.9573
      4.22416     -1.69556      2.61575
      4.22540    -0.398137      1.50957
      4.22664     -10.7244      212.978
      4.22788     -1.01547      2.90638
      4.22911     0.367584      1.73388
      4.23034      3.06204      3.94077
      4.23158     0.217724      6.73669
      4.23281     0.959611      3.47241
      4.23404     -1.82514      1.86967
      4.23527     -13.8609      11.9982
      4.23650     -7.84570      6.92770
      4.23772     -2.81934      2.61797
      4.23895     -2.65913      4.35867
      4.24017     -14.4104      14.0424
      4.24139      1.62342      2.72873
      4.24261      2.82982      12.0950
      4.24383     -9.10853      17.7524
      4.24505      0.00000     0.608531
