SOURCE  = VSSG 1                        / Source name
STANDARD= BS5812                        / Standard name
OBSDATE = 07-05-2002                    / Date of observation
SPOS    = 16:26:18.8  -24:28:49.5       / Source position RA,DEC,J2000
STPOS   = 15:38:39.2  -29:47:13.6       / Standard position RA,DEC,J2000
STSPT   = B5III                         / Standard spectral type
STTEFF  = 14300 (Gulati et al 1989, A&AS/ Standard effective temperature [K]
STMAG   = 4.199                         / Standard magnitude (adopted)
WAVEZP  = 3.45                          / Wavelength zero point [micron]
FLUXZP  = 290                           / Flux zero point [Jy]
SAIRM   = 1.008                         / Source mean airmass
STAIRM  = 1.03                          / Standard mean airmass
AIRMCORR= 1.10                          / Optimal (adopted) airmass correction
SPECRES = ~1200                         / Spectral resolution

Created by K. M. Pontoppidan             Mon May 19 20:19:23 2003

Wavelength [micron] Flux [Jy] Statistical Error [Jy]

      2.81691      0.00000    0.0182970
      2.81837     0.569345    0.0142152
      2.81983     0.582868    0.0103923
      2.82129     0.566205    0.0116120
      2.82274     0.545675   0.00985022
      2.82420     0.606253   0.00580431
      2.82566     0.700031   0.00678963
      2.82711     0.793583    0.0149571
      2.82857     0.742715    0.0482235
      2.83003     0.617214    0.0929610
      2.83148     0.647986    0.0737471
      2.83293     0.340057    0.0627206
      2.83439     0.482059    0.0227845
      2.83584     0.628807    0.0100779
      2.83729     0.555737   0.00959730
      2.83874     0.611317   0.00527004
      2.84019     0.656228   0.00399200
      2.84164     0.694432   0.00587298
      2.84309     0.688760    0.0101830
      2.84454     0.619255    0.0179644
      2.84599     0.615109    0.0104298
      2.84744     0.709519   0.00740243
      2.84889     0.786111    0.0122984
      2.85034     0.544907    0.0340917
      2.85178     0.625778    0.0238474
      2.85323     0.634150   0.00903622
      2.85467     0.681723   0.00564711
      2.85612     0.668730   0.00677356
      2.85756     0.619009   0.00617561
      2.85901     0.633695   0.00398973
      2.86045     0.666639   0.00335854
      2.86189     0.695298   0.00335578
      2.86334     0.703141   0.00434357
      2.86478     0.682065   0.00556316
      2.86622     0.686201   0.00592511
      2.86766     0.701530   0.00578929
      2.86910     0.635224   0.00786052
      2.87054     0.592786   0.00662509
      2.87198     0.660125   0.00307998
      2.87342     0.697581   0.00231171
      2.87486     0.708278   0.00309400
      2.87629     0.677769   0.00330415
      2.87773     0.680040   0.00278657
      2.87917     0.682246   0.00274723
      2.88061     0.688748   0.00278252
      2.88204     0.680980   0.00339697
      2.88348     0.698529   0.00315830
      2.88491     0.728551   0.00321357
      2.88635     0.696073   0.00549158
      2.88778     0.657591   0.00442421
      2.88921     0.692629   0.00301042
      2.89065     0.677591   0.00293997
      2.89208     0.674391   0.00262122
      2.89351     0.671227   0.00203318
      2.89495     0.682456   0.00186773
      2.89638     0.705560   0.00190096
      2.89781     0.736813   0.00292622
      2.89924     0.712377   0.00545132
      2.90067     0.687053   0.00634805
      2.90210     0.703215   0.00401110
      2.90353     0.679383   0.00455078
      2.90496     0.675402   0.00414631
      2.90638     0.653582   0.00312126
      2.90781     0.661984   0.00247961
      2.90924     0.673472   0.00213858
      2.91067     0.690204   0.00207610
      2.91209     0.695872   0.00218423
      2.91352     0.675397   0.00256768
      2.91495     0.689872   0.00246945
      2.91637     0.686028   0.00215763
      2.91780     0.705560   0.00204014
      2.91922     0.712699   0.00208535
      2.92065     0.722021   0.00284799
      2.92207     0.713410   0.00521094
      2.92350     0.669616   0.00795927
      2.92492     0.675884   0.00377252
      2.92634     0.681033   0.00191622
      2.92776     0.699208   0.00165834
      2.92919     0.694237   0.00190889
      2.93061     0.680015   0.00189584
      2.93203     0.687338   0.00177096
      2.93345     0.699216   0.00179694
      2.93487     0.692015   0.00179527
      2.93629     0.697588   0.00179434
      2.93771     0.686313   0.00217343
      2.93913     0.677528   0.00265891
      2.94055     0.689764   0.00243910
      2.94197     0.704478   0.00223996
      2.94339     0.692360   0.00281982
      2.94481     0.693421   0.00300583
      2.94623     0.705727   0.00244603
      2.94764     0.679678   0.00308258
      2.94906     0.679117   0.00266654
      2.95048     0.690214   0.00186014
      2.95189     0.704721   0.00174085
      2.95331     0.707870   0.00223328
      2.95473     0.688095   0.00295968
      2.95614     0.681944   0.00270718
      2.95756     0.697672   0.00235830
      2.95897     0.709062   0.00183448
      2.96039     0.697780   0.00204777
      2.96180     0.688883   0.00184465
      2.96322     0.689727   0.00195377
      2.96463     0.692225   0.00198536
      2.96604     0.699326   0.00165991
      2.96746     0.709738   0.00200420
      2.96887     0.729494   0.00258788
      2.97028     0.727077   0.00328590
      2.97170     0.702741   0.00530155
      2.97311     0.691607   0.00475489
      2.97452     0.704072   0.00384781
      2.97593     0.689622   0.00358144
      2.97734     0.692601   0.00275292
      2.97875     0.711644   0.00213875
      2.98016     0.699500   0.00286819
      2.98158     0.689124   0.00277806
      2.98299     0.691920   0.00212554
      2.98440     0.694488   0.00187783
      2.98581     0.684108   0.00167370
      2.98721     0.699424   0.00174296
      2.98862     0.694276   0.00167277
      2.99003     0.699163   0.00138192
      2.99144     0.708885   0.00139839
      2.99285     0.698422   0.00166374
      2.99426     0.705765   0.00173981
      2.99567     0.722051   0.00179513
      2.99707     0.715633   0.00212538
      2.99848     0.707843   0.00226379
      2.99989     0.697027   0.00200227
      3.00130     0.710082   0.00167314
      3.00270     0.714766   0.00150000
      3.00411     0.718317   0.00172854
      3.00552     0.724801   0.00206619
      3.00692     0.699932   0.00269550
      3.00833     0.703303   0.00240863
      3.00973     0.688450   0.00219973
      3.01114     0.706825   0.00183038
      3.01254     0.718696   0.00149312
      3.01395     0.703986   0.00148311
      3.01535     0.700939   0.00173739
      3.01676     0.730016   0.00159607
      3.01816     0.736189   0.00202071
      3.01957     0.711668   0.00250535
      3.02097     0.739420   0.00248806
      3.02238     0.708715   0.00305143
      3.02378     0.668361   0.00318145
      3.02518     0.717622   0.00183147
      3.02659     0.727108   0.00168844
      3.02799     0.714075   0.00162723
      3.02939     0.737146   0.00170972
      3.03080     0.737566   0.00180776
      3.03220     0.740836   0.00192727
      3.03360     0.722854   0.00223517
      3.03500     0.757933   0.00224959
      3.03640     0.767250   0.00230407
      3.03781     0.757417   0.00308524
      3.03921     0.789749   0.00320138
      3.04061     0.795095   0.00241595
      3.04201     0.777518   0.00228892
      3.04341     0.775200   0.00172271
      3.04481     0.760828   0.00189941
      3.04621     0.732046   0.00200765
      3.04761     0.749516   0.00214781
      3.04902     0.741824   0.00217153
      3.05042     0.744996   0.00233902
      3.05182     0.742878   0.00250590
      3.05322     0.735880   0.00312614
      3.05462     0.731543   0.00352553
      3.05602     0.713618   0.00364067
      3.05742     0.706125   0.00269693
      3.05882     0.714052   0.00195726
      3.06021     0.721672   0.00153612
      3.06161     0.727553   0.00158541
      3.06301     0.716195   0.00181636
      3.06441     0.719886   0.00178126
      3.06581     0.731876   0.00175594
      3.06721     0.722664   0.00201514
      3.06861     0.732570   0.00192291
      3.07001     0.725295   0.00204473
      3.07141     0.732656   0.00235173
      3.07280     0.720024   0.00238963
      3.07420     0.707526   0.00231827
      3.07560     0.718868   0.00170258
      3.07700     0.718059   0.00135281
      3.07840     0.734996   0.00143557
      3.07979     0.749834   0.00150867
      3.08119     0.735794   0.00211645
      3.08259     0.731722   0.00281524
      3.08399     0.735225   0.00225860
      3.08538     0.734543   0.00192043
      3.08678     0.752521   0.00179425
      3.08818     0.746234   0.00188949
      3.08958     0.740850   0.00178678
      3.09097     0.750881   0.00195821
      3.09237     0.757642   0.00177231
      3.09377     0.739389   0.00217911
      3.09516     0.736325   0.00225004
      3.09656     0.711432   0.00247075
      3.09796     0.691107   0.00229552
      3.09935     0.709266   0.00213876
      3.10075     0.747741   0.00195016
      3.10215     0.747020   0.00157659
      3.10354     0.749248   0.00177539
      3.10494     0.744552   0.00230580
      3.10633     0.740553   0.00306210
      3.10773     0.760961   0.00234669
      3.10913     0.752531   0.00204067
      3.11052     0.740475   0.00228685
      3.11192     0.743517   0.00255587
      3.11331     0.763432   0.00215415
      3.11471     0.743234   0.00199545
      3.11611     0.735844   0.00228020
      3.11750     0.753929   0.00183529
      3.11890     0.753697   0.00138539
      3.12029     0.745428   0.00130449
      3.12169     0.745639   0.00137405
      3.12308     0.757330   0.00149033
      3.12448     0.758504   0.00151475
      3.12588     0.750769   0.00206938
      3.12727     0.744360   0.00280284
      3.12867     0.741655   0.00302153
      3.13006     0.770174   0.00213106
      3.13146     0.777545   0.00159372
      3.13285     0.758653   0.00131996
      3.13425     0.757636   0.00128536
      3.13564     0.761278   0.00127716
      3.13704     0.762166   0.00121133
      3.13843     0.757976   0.00145805
      3.13983     0.736407   0.00195566
      3.14122     0.766685   0.00201438
      3.14262     0.765247   0.00154411
      3.14401     0.762729   0.00150001
      3.14541     0.750294   0.00164236
      3.14680     0.724314   0.00233634
      3.14820     0.769604   0.00214917
      3.14959     0.769516   0.00158290
      3.15099     0.761200   0.00144008
      3.15238     0.763862   0.00132779
      3.15378     0.761770   0.00142523
      3.15517     0.748001   0.00151314
      3.15657     0.757546   0.00170301
      3.15796     0.758010   0.00159501
      3.15936     0.762710   0.00136883
      3.16075     0.754830   0.00140890
      3.16215     0.766314   0.00131816
      3.16354     0.764634   0.00125928
      3.16494     0.763857   0.00135127
      3.16633     0.760497   0.00137360
      3.16773     0.769495   0.00123777
      3.16912     0.774157   0.00127832
      3.17052     0.771750   0.00128632
      3.17191     0.757685   0.00130615
      3.17331     0.764252   0.00151453
      3.17470     0.767007   0.00143041
      3.17610     0.774402   0.00138599
      3.17749     0.780341   0.00132498
      3.17889     0.784779   0.00129358
      3.18028     0.771711   0.00125443
      3.18168     0.760748   0.00149408
      3.18307     0.781412   0.00168124
      3.18447     0.773293   0.00163849
      3.18586     0.783988   0.00156963
      3.18726     0.769198   0.00128111
      3.18865     0.781098   0.00137159
      3.19005     0.775156   0.00173912
      3.19144     0.770143   0.00252127
      3.19284     0.778148   0.00278617
      3.19423     0.800354   0.00203400
      3.19563     0.797631   0.00153117
      3.19702     0.768649   0.00194561
      3.19842     0.753931   0.00307146
      3.19981     0.804653   0.00289423
      3.20121     0.776367   0.00298498
      3.20261     0.788845   0.00326180
      3.20400     0.816080   0.00284273
      3.20540     0.771384   0.00288654
      3.20679     0.804725   0.00377458
      3.20819     0.778498   0.00358021
      3.20958     0.788813   0.00462475
      3.21098     0.785297   0.00516488
      3.21238     0.795479   0.00368711
      3.21377     0.792060   0.00278297
      3.21517     0.774161   0.00257621
      3.21656     0.767309   0.00271021
      3.21796     0.802443   0.00215975
      3.21936     0.810695   0.00217319
      3.22075     0.801954   0.00267282
      3.22215     0.803869   0.00421534
      3.22355     0.760392   0.00504182
      3.22494     0.786478   0.00450498
      3.22634     0.817870   0.00264523
      3.22773     0.806236   0.00248501
      3.22913     0.787080   0.00407344
      3.23053     0.782954   0.00477965
      3.23192     0.809669   0.00255567
      3.23332     0.799783   0.00144983
      3.23472     0.793082   0.00138276
      3.23612     0.819126   0.00148134
      3.23751     0.804903   0.00165098
      3.23891     0.786167   0.00227454
      3.24031     0.813379   0.00239829
      3.24170     0.816549   0.00183516
      3.24310     0.797881   0.00245277
      3.24450     0.796214   0.00337976
      3.24590     0.801441   0.00349041
      3.24729     0.797689   0.00362741
      3.24869     0.797467   0.00332644
      3.25009     0.810466   0.00238296
      3.25149     0.794885   0.00151325
      3.25288     0.782010   0.00138447
      3.25428     0.784728   0.00134617
      3.25568     0.798722   0.00142315
      3.25708     0.814280   0.00164076
      3.25848     0.821057   0.00253727
      3.25988     0.813645   0.00393337
      3.26127     0.783570   0.00338840
      3.26267     0.794710   0.00249806
      3.26407     0.803239   0.00163954
      3.26547     0.800927   0.00173883
      3.26687     0.807591   0.00202199
      3.26827     0.822244   0.00270221
      3.26967     0.798167   0.00369099
      3.27106     0.795755   0.00338159
      3.27246     0.802973   0.00199866
      3.27386     0.797735   0.00140925
      3.27526     0.799662   0.00141594
      3.27666     0.811523   0.00158672
      3.27806     0.798398   0.00208427
      3.27946     0.815955   0.00252623
      3.28086     0.820480   0.00163643
      3.28226     0.807616   0.00139667
      3.28366     0.799441   0.00130497
      3.28506     0.803585   0.00127463
      3.28646     0.812255   0.00128281
      3.28786     0.823844   0.00126298
      3.28926     0.821425   0.00147794
      3.29066     0.848602   0.00174897
      3.29206     0.855588   0.00185413
      3.29346     0.844012   0.00267666
      3.29486     0.920501   0.00281268
      3.29627     0.920462   0.00346887
      3.29767     0.868274   0.00429944
      3.29907     0.892945   0.00324965
      3.30047     0.873407   0.00210925
      3.30187     0.850934   0.00164807
      3.30327     0.817783   0.00201431
      3.30467     0.830786   0.00195796
      3.30608     0.823599   0.00170385
      3.30748     0.813955   0.00181044
      3.30888     0.841306   0.00200313
      3.31028     0.864373   0.00223432
      3.31168     0.871822   0.00409181
      3.31309      1.03549    0.0140646
      3.31449      1.28121    0.0464450
      3.31589      1.11386    0.0271846
      3.31729     0.991027    0.0158880
      3.31870     0.940728   0.00830544
      3.32010     0.897985   0.00532997
      3.32150     0.867129   0.00341025
      3.32291     0.865063   0.00243780
      3.32431     0.851589   0.00189906
      3.32571     0.828548   0.00198577
      3.32712     0.819063   0.00230728
      3.32852     0.827682   0.00186507
      3.32992     0.821517   0.00135238
      3.33133     0.812522   0.00132455
      3.33273     0.817227   0.00152505
      3.33414     0.833187   0.00142639
      3.33554     0.822716   0.00139424
      3.33694     0.811365   0.00157225
      3.33835     0.812417   0.00200166
      3.33975     0.820372   0.00174580
      3.34116     0.819873   0.00176927
      3.34256     0.823472   0.00159502
      3.34397     0.816758   0.00185009
      3.34537     0.831184   0.00227854
      3.34678     0.829372   0.00189775
      3.34819     0.811904   0.00146884
      3.34959     0.803332   0.00141655
      3.35100     0.813123   0.00137982
      3.35240     0.813511   0.00159246
      3.35381     0.806251   0.00187519
      3.35522     0.810860   0.00248458
      3.35662     0.842264   0.00271509
      3.35803     0.837134   0.00187171
      3.35943     0.813695   0.00138093
      3.36084     0.808456   0.00177869
      3.36225     0.810084   0.00171192
      3.36366     0.819589   0.00154397
      3.36506     0.822195   0.00155098
      3.36647     0.811103   0.00192310
      3.36788     0.824581   0.00221689
      3.36928     0.825222   0.00179334
      3.37069     0.813418   0.00166067
      3.37210     0.820322   0.00148238
      3.37351     0.809578   0.00134170
      3.37492     0.796483   0.00149210
      3.37632     0.836248   0.00154157
      3.37773     0.823333   0.00196003
      3.37914     0.829193   0.00246355
      3.38055     0.842582   0.00218391
      3.38196     0.818640   0.00171419
      3.38337     0.798177   0.00146979
      3.38478     0.810219   0.00178795
      3.38619     0.817997   0.00143874
      3.38760     0.823392   0.00130200
      3.38901     0.825909   0.00155539
      3.39042     0.813419   0.00229745
      3.39183     0.841055   0.00231528
      3.39324     0.821167   0.00173431
      3.39465     0.813578   0.00149194
      3.39606     0.813576   0.00136817
      3.39747     0.816034   0.00142278
      3.39888     0.815526   0.00135572
      3.40029     0.827545   0.00151621
      3.40170     0.810235   0.00205378
      3.40311     0.839291   0.00273199
      3.40452     0.829918   0.00204590
      3.40593     0.816044   0.00192258
      3.40734     0.814389   0.00189410
      3.40876     0.818925   0.00177410
      3.41017     0.815898   0.00160537
      3.41158     0.827698   0.00146775
      3.41299     0.829501   0.00171613
      3.41440     0.828114   0.00230395
      3.41582     0.843348   0.00216880
      3.41723     0.833125   0.00165105
      3.41864     0.833302   0.00149459
      3.42005     0.826336   0.00138478
      3.42147     0.828988   0.00151552
      3.42288     0.823262   0.00162219
      3.42429     0.835072   0.00167634
      3.42571     0.845078   0.00175111
      3.42712     0.849782   0.00237343
      3.42853     0.856261   0.00200876
      3.42995     0.834497   0.00129635
      3.43136     0.817444   0.00139618
      3.43278     0.813504   0.00135927
      3.43419     0.822525   0.00152652
      3.43560     0.831839   0.00155933
      3.43702     0.838822   0.00138293
      3.43843     0.835748   0.00157158
      3.43985     0.838061   0.00185743
      3.44126     0.843485   0.00164151
      3.44268     0.831382   0.00144380
      3.44409     0.827345   0.00129918
      3.44551     0.828184   0.00127510
      3.44693     0.826742   0.00138385
      3.44834     0.836018   0.00140560
      3.44976     0.842435   0.00133447
      3.45117     0.844029   0.00160183
      3.45259     0.844472   0.00177635
      3.45401     0.845127   0.00168601
      3.45542     0.832751   0.00138522
      3.45684     0.827795   0.00128488
      3.45826     0.832892   0.00124988
      3.45967     0.834729   0.00120788
      3.46109     0.866201   0.00133366
      3.46251     0.827254   0.00135213
      3.46392     0.828411   0.00154688
      3.46534     0.846189   0.00162381
      3.46676     0.850574   0.00144275
      3.46818     0.835011   0.00127542
      3.46959     0.837024   0.00130261
      3.47101     0.836200   0.00130355
      3.47243     0.840958   0.00127667
      3.47385     0.847865   0.00140354
      3.47527     0.855077   0.00130041
      3.47669     0.852782   0.00131008
      3.47810     0.845657   0.00132262
      3.47952     0.839227   0.00132563
      3.48094     0.840022   0.00119498
      3.48236     0.855764   0.00130400
      3.48378     0.850371   0.00126827
      3.48520     0.841315   0.00136773
      3.48662     0.839187   0.00136214
      3.48804     0.844044   0.00130767
      3.48946     0.847417   0.00139352
      3.49088     0.841853   0.00141881
      3.49230     0.854492   0.00135955
      3.49372     0.857653   0.00134107
      3.49514     0.844996   0.00126898
      3.49656     0.844996   0.00118273
      3.49798     0.838777   0.00134932
      3.49940     0.834250   0.00125436
      3.50082     0.838724   0.00136210
      3.50225     0.840415   0.00146905
      3.50367     0.845642   0.00130925
      3.50509     0.853667   0.00135605
      3.50651     0.854102   0.00129861
      3.50793     0.843151   0.00118900
      3.50935     0.836868   0.00118266
      3.51077     0.847358   0.00128434
      3.51220     0.852096   0.00131793
      3.51362     0.854050   0.00131666
      3.51504     0.860815   0.00108154
      3.51646     0.854735   0.00118559
      3.51789     0.853216   0.00116204
      3.51931     0.861778   0.00123026
      3.52073     0.853023   0.00115248
      3.52216     0.851362   0.00133775
      3.52358     0.851572   0.00122745
      3.52500     0.852231   0.00119878
      3.52642     0.851094   0.00125740
      3.52785     0.851956   0.00122289
      3.52927     0.852157   0.00128186
      3.53070     0.861883   0.00130578
      3.53212     0.853165   0.00129114
      3.53354     0.839863   0.00137697
      3.53497     0.854241   0.00132674
      3.53639     0.858652   0.00139374
      3.53782     0.871636   0.00134804
      3.53924     0.873262   0.00134238
      3.54067     0.863863   0.00139400
      3.54209     0.875882   0.00134868
      3.54351     0.898775   0.00147970
      3.54494     0.889583   0.00132540
      3.54636     0.867181   0.00121920
      3.54779     0.848455   0.00123444
      3.54922     0.849127   0.00130629
      3.55064     0.859590   0.00119882
      3.55207     0.865542   0.00129180
      3.55349     0.859939   0.00116716
      3.55492     0.861997   0.00125700
      3.55634     0.859915   0.00114775
      3.55777     0.861222   0.00122350
      3.55920     0.860421   0.00119018
      3.56062     0.868281   0.00125860
      3.56205     0.874613   0.00128621
      3.56347     0.873728   0.00145660
      3.56490     0.867967   0.00132626
      3.56633     0.872150   0.00131954
      3.56775     0.874089   0.00133499
      3.56918     0.869169   0.00140603
      3.57061     0.869974   0.00122750
      3.57204     0.868223   0.00138552
      3.57346     0.863176   0.00133255
      3.57489     0.868640   0.00137489
      3.57632     0.875125   0.00137059
      3.57774     0.858862   0.00129426
      3.57917     0.857375   0.00142625
      3.58060     0.864960   0.00131592
      3.58203     0.850301   0.00141008
      3.58346     0.851959   0.00127982
      3.58488     0.872357   0.00131693
      3.58631     0.875035   0.00130885
      3.58774     0.871417   0.00142168
      3.58917     0.870125   0.00144795
      3.59060     0.874535   0.00126116
      3.59202     0.871138   0.00121693
      3.59345     0.877002   0.00130074
      3.59488     0.874239   0.00127264
      3.59631     0.874579   0.00122637
      3.59774     0.874620   0.00125495
      3.59917     0.874743   0.00122838
      3.60060     0.874438   0.00118428
      3.60203     0.888396   0.00128615
      3.60346     0.875047   0.00121412
      3.60488     0.881796   0.00113468
      3.60631     0.878840   0.00128977
      3.60774     0.888637   0.00128824
      3.60917     0.884589   0.00129156
      3.61060     0.884596   0.00135053
      3.61203     0.881592   0.00119183
      3.61346     0.872283   0.00126474
      3.61489     0.844947   0.00123038
      3.61632     0.866785   0.00132474
      3.61775     0.878211   0.00139448
      3.61918     0.872177   0.00134750
      3.62061     0.869710   0.00119683
      3.62204     0.872577   0.00122718
      3.62347     0.876089   0.00119748
      3.62490     0.881294   0.00123650
      3.62633     0.888712   0.00132368
      3.62776     0.882123   0.00143114
      3.62919     0.883218   0.00145098
      3.63062     0.884179   0.00130319
      3.63205     0.888130   0.00138529
      3.63348     0.885847   0.00144027
      3.63492     0.885482   0.00121011
      3.63635     0.891321   0.00132863
      3.63778     0.879218   0.00121425
      3.63921     0.878776   0.00131055
      3.64064     0.893276   0.00121328
      3.64207     0.884988   0.00123023
      3.64350     0.886591   0.00114131
      3.64493     0.885520   0.00112643
      3.64636     0.884324   0.00121088
      3.64779     0.893244   0.00127519
      3.64923     0.900229   0.00124394
      3.65066     0.889211   0.00120953
      3.65209     0.902661   0.00123488
      3.65352     0.906972   0.00116965
      3.65495     0.885850   0.00127778
      3.65638     0.877862   0.00136747
      3.65781     0.883487   0.00136737
      3.65925     0.884439   0.00130433
      3.66068     0.889131   0.00138431
      3.66211     0.882623   0.00136743
      3.66354     0.884452   0.00121183
      3.66497     0.895285   0.00134347
      3.66640     0.888148   0.00128485
      3.66784     0.885079   0.00138561
      3.66927     0.889196   0.00141561
      3.67070     0.890300   0.00139299
      3.67213     0.891546   0.00127971
      3.67356     0.888231   0.00120359
      3.67499     0.885569   0.00139783
      3.67643     0.882302   0.00131547
      3.67786     0.851413   0.00124236
      3.67929     0.890331   0.00126787
      3.68072     0.894366   0.00141900
      3.68215     0.893820   0.00125054
      3.68359     0.888268   0.00128427
      3.68502     0.895704   0.00128485
      3.68645     0.888688   0.00121380
      3.68788     0.894331   0.00125413
      3.68931     0.896335   0.00116974
      3.69075     0.890924   0.00123337
      3.69218     0.893331   0.00132440
      3.69361     0.903550   0.00132317
      3.69504     0.900601   0.00124429
      3.69647     0.897968   0.00134242
      3.69791     0.887836   0.00143830
      3.69934     0.886234   0.00127262
      3.70077     0.890504   0.00120200
      3.70220     0.890439   0.00127638
      3.70363     0.891398   0.00123296
      3.70507     0.899105   0.00123289
      3.70650     0.918229   0.00136275
      3.70793     0.916148   0.00129588
      3.70936     0.916134   0.00136204
      3.71079     0.889265   0.00123736
      3.71223     0.898963   0.00142973
      3.71366     0.892004   0.00131287
      3.71509     0.884526   0.00132682
      3.71652     0.884471   0.00143564
      3.71795     0.890198   0.00128119
      3.71939     0.895411   0.00128760
      3.72082     0.895448   0.00147367
      3.72225     0.892402   0.00112904
      3.72368     0.891193   0.00133982
      3.72511     0.892047   0.00129199
      3.72654     0.898262   0.00135085
      3.72798     0.910703   0.00129928
      3.72941     0.906166   0.00121366
      3.73084     0.908794   0.00145055
      3.73227     0.910337   0.00136587
      3.73370     0.905978   0.00129028
      3.73513     0.926110   0.00128325
      3.73656     0.955937   0.00127062
      3.73800     0.953280   0.00140318
      3.73943     0.993974   0.00127867
      3.74086      1.02870   0.00135718
      3.74229      1.02261   0.00127290
      3.74372     0.994321   0.00126598
      3.74515     0.969337   0.00129374
      3.74658     0.948713   0.00128209
      3.74801     0.946410   0.00130722
      3.74944     0.938572   0.00134722
      3.75088     0.929706   0.00137316
      3.75231     0.920179   0.00129641
      3.75374     0.914978   0.00126988
      3.75517     0.930918   0.00131739
      3.75660     0.918663   0.00136178
      3.75803     0.913149   0.00136867
      3.75946     0.908914   0.00133273
      3.76089     0.915377   0.00137167
      3.76232     0.912306   0.00140863
      3.76375     0.910013   0.00136531
      3.76518     0.900730   0.00134213
      3.76661     0.906465   0.00122046
      3.76804     0.908044   0.00139646
      3.76947     0.921911   0.00136413
      3.77090     0.925157   0.00123095
      3.77233     0.927177   0.00135752
      3.77376     0.897629   0.00136577
      3.77519     0.934360   0.00135761
      3.77662     0.919709   0.00150239
      3.77805     0.916116   0.00140125
      3.77948     0.917597   0.00134189
      3.78090     0.918730   0.00133564
      3.78233     0.916808   0.00132373
      3.78376     0.918457   0.00153641
      3.78519     0.924185   0.00148448
      3.78662     0.922957   0.00131358
      3.78805     0.918918   0.00149142
      3.78948     0.924760   0.00157669
      3.79090     0.906247   0.00154708
      3.79233     0.910176   0.00154712
      3.79376     0.942907   0.00158637
      3.79519     0.923735   0.00145114
      3.79662     0.914995   0.00162736
      3.79804     0.914941   0.00161479
      3.79947     0.916555   0.00157559
      3.80090     0.942404   0.00142543
      3.80233     0.913840   0.00142062
      3.80375     0.913018   0.00135926
      3.80518     0.914431   0.00135302
      3.80661     0.921004   0.00134175
      3.80803     0.948835   0.00129908
      3.80946     0.924487   0.00150738
      3.81089     0.914951   0.00162542
      3.81231     0.917816   0.00158823
      3.81374     0.931582   0.00165280
      3.81516     0.927038   0.00149447
      3.81659     0.927837   0.00148913
      3.81802     0.936288   0.00155874
      3.81944     0.932097   0.00162081
      3.82087     0.941869   0.00155386
      3.82229     0.916053   0.00149818
      3.82372     0.904612   0.00170941
      3.82514     0.901278   0.00151795
      3.82657     0.916570   0.00156585
      3.82799     0.926791   0.00158692
      3.82941     0.936553   0.00155074
      3.83084     0.928864   0.00174606
      3.83226     0.923695   0.00163872
      3.83369     0.925375   0.00166648
      3.83511     0.918989   0.00167669
      3.83653     0.924782   0.00154282
      3.83795     0.926210   0.00166620
      3.83938     0.930887   0.00159139
      3.84080     0.922449   0.00155726
      3.84222     0.928264   0.00154359
      3.84365     0.921165   0.00166234
      3.84507     0.934253   0.00144298
      3.84649     0.930956   0.00155497
      3.84791     0.922884   0.00164060
      3.84933     0.928410   0.00169021
      3.85075     0.929394   0.00171058
      3.85217     0.925341   0.00169654
      3.85360     0.940814   0.00158473
      3.85502     0.922548   0.00163431
      3.85644     0.919322   0.00154828
      3.85786     0.916644   0.00149715
      3.85928     0.909810   0.00172364
      3.86070     0.919756   0.00189003
      3.86212     0.917352   0.00173092
      3.86353     0.931539   0.00179307
      3.86495     0.933873   0.00171875
      3.86637     0.946971   0.00177674
      3.86779     0.954462   0.00186967
      3.86921     0.959861   0.00184691
      3.87063     0.947376   0.00199909
      3.87204     0.936256   0.00187118
      3.87346     0.958189   0.00182701
      3.87488     0.948575   0.00182658
      3.87630     0.936454   0.00177309
      3.87771     0.914295   0.00195130
      3.87913     0.930842   0.00165096
      3.88055     0.959621   0.00185590
      3.88196     0.958329   0.00198449
      3.88338     0.939934   0.00186819
      3.88479     0.943466   0.00182144
      3.88621     0.940502   0.00196047
      3.88762     0.935709   0.00182781
      3.88904     0.939356   0.00186975
      3.89045     0.938110   0.00195381
      3.89186     0.934492   0.00196245
      3.89328     0.922959   0.00198208
      3.89469     0.936780   0.00163028
      3.89610     0.940252   0.00173930
      3.89752     0.932303   0.00169817
      3.89893     0.938282   0.00176164
      3.90034     0.959465   0.00192206
      3.90175     0.953599   0.00193886
      3.90316     0.966699   0.00182239
      3.90458     0.975946   0.00197452
      3.90599     0.964392   0.00197547
      3.90740     0.963646   0.00198153
      3.90881     0.955092   0.00201015
      3.91022     0.934116   0.00192614
      3.91163     0.935773   0.00198219
      3.91304     0.950082   0.00203369
      3.91445     0.954990   0.00185332
      3.91585     0.939526   0.00213830
      3.91726     0.942527   0.00177440
      3.91867     0.951018   0.00171512
      3.92008     0.946485   0.00187244
      3.92148     0.940634   0.00176734
      3.92289     0.957899   0.00203821
      3.92430     0.946809   0.00166955
      3.92570     0.942474   0.00184145
      3.92711     0.927142   0.00197282
      3.92852     0.924881   0.00179200
      3.92992     0.940474   0.00169692
      3.93132     0.947812   0.00163337
      3.93273     0.944958   0.00184470
      3.93413     0.928580   0.00181054
      3.93554     0.927263   0.00171372
      3.93694     0.933225   0.00172280
      3.93834     0.938280   0.00180184
      3.93975     0.935649   0.00164697
      3.94115     0.927512   0.00147742
      3.94255     0.942034   0.00184153
      3.94395     0.938316   0.00178583
      3.94535     0.930123   0.00157309
      3.94675     0.909983   0.00155591
      3.94815     0.916599   0.00193192
      3.94955     0.933492   0.00202521
      3.95095     0.919408   0.00147963
      3.95235     0.929007   0.00152418
      3.95375     0.921045   0.00165209
      3.95515     0.903039   0.00167648
      3.95654     0.900570   0.00159944
      3.95794     0.909935   0.00178886
      3.95934     0.907397   0.00179429
      3.96073     0.913931   0.00164533
      3.96213     0.906369   0.00163895
      3.96352     0.918332   0.00150833
      3.96492     0.909338   0.00152539
      3.96631     0.911742   0.00163483
      3.96771     0.927413   0.00170348
      3.96910     0.905629   0.00166035
      3.97050     0.923311   0.00171313
      3.97189     0.936618   0.00155712
      3.97328     0.919231   0.00151212
      3.97467     0.911009   0.00156562
      3.97606     0.941613   0.00171094
      3.97745     0.943081   0.00163891
      3.97885     0.926166   0.00182124
      3.98024     0.917068   0.00163244
      3.98162     0.939318   0.00157002
      3.98301     0.931361   0.00145935
      3.98440     0.945833   0.00158886
      3.98579     0.925445   0.00164962
      3.98718     0.909723   0.00161079
      3.98856     0.894856   0.00183056
      3.98995     0.928263   0.00162060
      3.99134     0.924254   0.00157993
      3.99272     0.923486   0.00168052
      3.99411     0.927797   0.00161346
      3.99549     0.938969   0.00179488
      3.99688     0.935396   0.00178752
      3.99826     0.902197   0.00164026
      3.99964     0.907608   0.00187608
      4.00103     0.907480   0.00192230
      4.00241     0.918802   0.00169177
      4.00379     0.907345   0.00201669
      4.00517     0.921978   0.00195006
      4.00655     0.932156   0.00203924
      4.00793     0.936287   0.00195043
      4.00931     0.940482   0.00178861
      4.01069     0.927967   0.00178814
      4.01207     0.909653   0.00171386
      4.01344     0.949103   0.00194913
      4.01482     0.936816   0.00175857
      4.01620     0.926308   0.00191977
      4.01757     0.943462   0.00194594
      4.01895     0.962830   0.00219415
      4.02032     0.948268   0.00189551
      4.02170     0.961219   0.00187140
      4.02307     0.962316   0.00213647
      4.02444     0.950647   0.00186667
      4.02582     0.937542   0.00215187
      4.02719     0.937155   0.00188083
      4.02856     0.937555   0.00199977
      4.02993     0.931857   0.00226586
      4.03130     0.935893   0.00207062
      4.03267     0.935164   0.00198271
      4.03404     0.927019   0.00207818
      4.03541     0.936187   0.00205144
      4.03678     0.941566   0.00209970
      4.03814     0.940875   0.00239877
      4.03951     0.949864   0.00225111
      4.04087     0.955143   0.00223250
      4.04224     0.937876   0.00235876
      4.04360     0.956699   0.00224873
      4.04497     0.968028   0.00202881
      4.04633     0.980400   0.00263808
      4.04769     0.983532   0.00230000
      4.04906     0.995284   0.00209468
      4.05042      1.07994   0.00236425
      4.05178      1.14993   0.00230493
      4.05314      1.17071   0.00246171
      4.05450      1.10085   0.00239983
      4.05586      1.03633   0.00231308
      4.05722      1.00681   0.00210489
      4.05857      1.00080   0.00241993
      4.05993     0.975579   0.00191636
      4.06129     0.956269   0.00220226
      4.06264     0.958345   0.00198769
      4.06400     0.970084   0.00219161
      4.06535     0.946538   0.00217674
      4.06670     0.938993   0.00222502
      4.06806     0.952069   0.00213523
      4.06941     0.930151   0.00254869
      4.07076     0.940131   0.00220872
      4.07211     0.933469   0.00214964
      4.07346     0.947479   0.00225327
      4.07481     0.926447   0.00255095
      4.07616     0.945652   0.00227069
      4.07750     0.936035   0.00238246
      4.07885     0.951177   0.00255283
      4.08020     0.921820   0.00279734
      4.08154     0.934610   0.00228415
      4.08289     0.940394   0.00214216
      4.08423     0.944564   0.00240170
      4.08558     0.938819   0.00245199
      4.08692     0.950878   0.00239706
      4.08826     0.934689   0.00271340
      4.08960     0.945024   0.00219916
      4.09094     0.936881   0.00252145
      4.09228     0.923592   0.00233255
      4.09362     0.932635   0.00264416
      4.09496     0.926604   0.00235106
      4.09629     0.943982   0.00267476
      4.09763     0.946674   0.00223928
      4.09897     0.937196   0.00248867
      4.10030     0.932436   0.00246687
      4.10164     0.936342   0.00216878
      4.10297     0.961726   0.00233194
      4.10430     0.939200   0.00280070
      4.10563     0.948768   0.00304159
      4.10696     0.940361   0.00277146
      4.10829     0.940740   0.00243327
      4.10962     0.945582   0.00241378
      4.11095     0.949201   0.00259716
      4.11228     0.938710   0.00284269
      4.11361     0.951150   0.00259490
      4.11493     0.954102   0.00260185
      4.11626     0.950143   0.00263832
      4.11758     0.915817   0.00254368
      4.11890     0.928299   0.00276922
      4.12023     0.962728   0.00284596
      4.12155     0.971537   0.00298653
      4.12287     0.944083   0.00276275
      4.12419     0.941463   0.00246132
      4.12551     0.959381   0.00281527
      4.12683     0.956098   0.00261441
      4.12814     0.968487   0.00280081
      4.12946     0.949562   0.00264308
      4.13078     0.944564   0.00228609
      4.13209     0.939475   0.00248462
      4.13341     0.949382   0.00276213
      4.13472     0.924835   0.00254501
      4.13603     0.944456   0.00310467
      4.13734     0.944876   0.00274988
      4.13865     0.938517   0.00295036
      4.13996     0.936512   0.00270891
      4.14127     0.918292   0.00281916
      4.14258     0.941137   0.00286347
      4.14388     0.952780   0.00298952
      4.14519     0.967873   0.00286766
      4.14650     0.948944   0.00263626
      4.14780     0.947159   0.00284334
      4.14910     0.950702   0.00310609
      4.15040     0.946251   0.00329856
      4.15171     0.941921   0.00335463
      4.15301     0.946596   0.00337900
      4.15430     0.948745   0.00301313
      4.15560     0.954473   0.00326158
      4.15690     0.946327   0.00331556
      4.15820     0.941627   0.00348235
      4.15949     0.950928   0.00395497
      4.16079     0.963683   0.00356572
      4.16208     0.966283   0.00341005
      4.16337     0.945303   0.00392111
      4.16466     0.976722   0.00379790
      4.16595      1.00991   0.00362359
      4.16724     0.967859   0.00399724
      4.16853     0.990235   0.00434096
      4.16982      1.00084   0.00490106
      4.17110     0.987540   0.00504449
      4.17239     0.982336   0.00482307
      4.17367      1.00425   0.00562980
      4.17496     0.987528   0.00554116
      4.17624     0.957239   0.00660432
      4.17752     0.952550   0.00765680
      4.17880     0.968830   0.00943936
      4.18008     0.972239    0.0126544
      4.18136     0.978333    0.0162651
      4.18264      1.09762    0.0251012
      4.18391     0.994888    0.0500722
      4.18519     0.710187     0.101116
      4.18646     0.447448     0.332348
      4.18773    -0.257691      1.08095
      4.18901     -1.48983      2.40209
      4.19028      14.7177      7.59968
      4.19155     -8.39307      6.49879
      4.19281     -16.6330      8.62329
      4.19408      2.20270      2.77478
      4.19535      9.51069      4.80649
      4.19661      8.34483      22.0023
      4.19788      1.69956      2.07291
      4.19914      5.64480      3.37961
      4.20040     -1.53432      1.53883
      4.20166      6.83006      6.95579
      4.20292     -2.53258      2.58599
      4.20418      3.01196      3.39426
      4.20544     0.974608      1.46989
      4.20670      1.00057      8.54789
      4.20795     -3.41536      1.84629
      4.20921      34.5402      407.681
      4.21046      11.1404      54.5371
      4.21171      11.4747      7.92444
      4.21296     -10.8840      24.2795
      4.21421     -13.3284      14.5147
      4.21546     -6.13860      3.26857
      4.21670     -7.56294      10.9826
      4.21795      22.6782      12.1811
      4.21920      36.1615      49.8799
      4.22044     -4.38861      13.5115
      4.22168     -5.88269      24.3445
      4.22292      38.4063      670.139
      4.22416      7.19378      2.39164
      4.22540      5.00409      6.44671
      4.22664    -0.612476      2.07596
      4.22788      3.96691      2.22841
      4.22911      2.81655      2.66488
      4.23034      1.36153      3.78264
      4.23158     0.785751      2.08084
      4.23281      4.49101      4.10692
      4.23404     0.335522      3.91759
      4.23527      7.46869      5.95222
      4.23650      1.58181      1.28245
      4.23772    -0.923232      1.32220
      4.23895     -1.68387      2.89029
      4.24017     -6.82626      6.43565
      4.24139     -9.74077      121.133
      4.24261     -1.32291      1.08825
      4.24383      4.86395      9.23308
      4.24505      0.00000      3.89527
