SOURCE  =                               / Source name
STANDARD=                               / Standard name
OBSDATE =                               / Date of observation
SPOS    =                               / Source position RA,DEC,J2000
STPOS   =                               / Standard position RA,DEC,J2000
STSPT   =                               / Standard spectral type
STTEFF  =                               / Standard effective temperature [K]
STMAG   =                               / Standard magnitude (adopted)
WAVEZP  = 3.45                          / Wavelength zero point [micron]
FLUXZP  = 290                           / Flux zero point [Jy]
SAIRM   =                               / Source mean airmass
STAIRM  =                               / Standard mean airmass
AIRMCORR=                               / Optimal (adopted) airmass correction
SPECRES =                               / Spectral resolution

Created by K. M. Pontoppidan             Thu Nov 25 18:32:38 2004

Wavelength [micron] Flux [Jy] Statistical Error [Jy]

      3.16891      0.00000   0.00238447
      3.16916      2.01733   0.00237744
      3.16941      2.05032   0.00237041
      3.16966      2.08331   0.00236338
      3.16992      2.11339   0.00236281
      3.17017      2.13747   0.00236411
      3.17042      2.15760   0.00233979
      3.17067      2.15827   0.00231562
      3.17093      2.13758   0.00231276
      3.17118      2.13405   0.00230345
      3.17143      2.14453   0.00230655
      3.17168      2.13652   0.00232808
      3.17193      2.10787   0.00233339
      3.17219      2.11763   0.00236240
      3.17244      2.16689   0.00242048
      3.17269      2.16192   0.00247764
      3.17294      2.05626   0.00254498
      3.17320      2.05584   0.00261150
      3.17345      2.13561   0.00264259
      3.17370      2.18306   0.00270982
      3.17395      2.19567   0.00275129
      3.17420      2.20597   0.00271532
      3.17446      2.21692   0.00262004
      3.17471      2.23229   0.00251361
      3.17496      2.20198   0.00244154
      3.17521      2.11717   0.00240334
      3.17547      2.05343   0.00241196
      3.17572      2.03531   0.00251000
      3.17597      2.08772   0.00270932
      3.17622      2.14444   0.00292698
      3.17647      2.16739   0.00302614
      3.17673      2.16013   0.00293316
      3.17698      2.16804   0.00269175
      3.17723      2.15503   0.00248537
      3.17748      2.13135   0.00236018
      3.17774      2.12743   0.00231245
      3.17799      2.09256   0.00230500
      3.17824      2.10102   0.00227694
      3.17849      2.12149   0.00226559
      3.17874      2.12780   0.00227478
      3.17900      2.11413   0.00228814
      3.17925      2.11888   0.00228944
      3.17950      2.12474   0.00228222
      3.17975      2.10436   0.00227489
      3.18001      2.08499   0.00226428
      3.18026      2.11722   0.00224911
      3.18051      2.12540   0.00224846
      3.18076      2.15678   0.00225455
      3.18102      2.19826   0.00227811
      3.18127      2.17160   0.00229868
      3.18152      2.10492   0.00232340
      3.18177      2.05290   0.00237891
      3.18202      2.08295   0.00248999
      3.18228      2.17303   0.00271322
      3.18253      2.20671   0.00292168
      3.18278      2.16939   0.00302086
      3.18303      2.21882   0.00293009
      3.18329      2.24327   0.00271267
      3.18354      2.23051   0.00253401
      3.18379      2.16981   0.00242578
      3.18404      2.14037   0.00239559
      3.18430      2.06757   0.00245997
      3.18455      2.06764   0.00261933
      3.18480      2.14800   0.00289870
      3.18505      2.20323   0.00321795
      3.18531      2.20253   0.00344495
      3.18556      2.18879   0.00333097
      3.18581      2.16752   0.00300341
      3.18606      2.15018   0.00267811
      3.18632      2.13290   0.00249754
      3.18657      2.12794   0.00239433
      3.18682      2.11766   0.00234021
      3.18707      2.09978   0.00230704
      3.18733      2.07754   0.00228678
      3.18758      2.09766   0.00226623
      3.18783      2.10509   0.00226845
      3.18808      2.10714   0.00229075
      3.18833      2.11328   0.00231676
      3.18859      2.10550   0.00233744
      3.18884      2.11213   0.00234360
      3.18909      2.12396   0.00234318
      3.18934      2.12437   0.00232311
      3.18960      2.12333   0.00231825
      3.18985      2.13525   0.00232754
      3.19010      2.14885   0.00236311
      3.19035      2.17958   0.00242586
      3.19061      2.23865   0.00249512
      3.19086      2.26208   0.00258592
      3.19111      2.24017   0.00271853
      3.19136      2.24137   0.00289374
      3.19162      2.30925   0.00317588
      3.19187      2.26773   0.00372237
      3.19212      2.18196   0.00478812
      3.19237      2.44528   0.00633167
      3.19263      2.51339   0.00745410
      3.19288      2.50366   0.00711250
      3.19313      2.26274   0.00580374
      3.19338      2.06877   0.00480672
      3.19364      2.20073   0.00435497
      3.19389      2.29568   0.00439649
      3.19414      2.26849   0.00453701
      3.19440      2.22256   0.00422213
      3.19465      2.16267   0.00353493
      3.19490      2.16042   0.00301893
      3.19515      2.18163   0.00269996
      3.19541      2.15392   0.00254208
      3.19566      2.14489   0.00243446
      3.19591      2.14052   0.00237297
      3.19616      2.11189   0.00234710
      3.19642      2.13260   0.00235235
      3.19667      2.14483   0.00242214
      3.19692      2.15821   0.00252701
      3.19717      2.22284   0.00266552
      3.19743      2.24962   0.00278928
      3.19768      2.20677   0.00291266
      3.19793      2.22454   0.00307097
      3.19818      2.21231   0.00339172
      3.19844      2.21159   0.00390975
      3.19869      2.21680   0.00471778
      3.19894      2.25166   0.00589493
      3.19920      2.40138   0.00705792
      3.19945      2.27030   0.00752301
      3.19970      2.18605   0.00685125
      3.19995      2.17553   0.00585848
      3.20021      2.28511   0.00498105
      3.20046      2.28657   0.00445524
      3.20071      2.25473   0.00398533
      3.20096      2.27344   0.00351700
      3.20122      2.32683   0.00313366
      3.20147      2.34016   0.00289753
      3.20172      2.31539   0.00283564
      3.20198      2.24932   0.00295599
      3.20223      2.13430   0.00330815
      3.20248      1.68049   0.00394082
      3.20273      1.45215   0.00531472
      3.20299      2.06452   0.00767813
      3.20324      2.14376    0.0107803
      3.20349      2.30545    0.0123865
      3.20375      2.36410    0.0101541
      3.20400      2.31932   0.00707109
      3.20425      2.29427   0.00508330
      3.20450      2.28780   0.00388980
      3.20476      2.30462   0.00329610
      3.20501      2.31210   0.00299158
      3.20526      2.29019   0.00283445
      3.20551      2.24976   0.00277626
      3.20577      2.21142   0.00286560
      3.20602      2.18978   0.00306501
      3.20627      2.23986   0.00342508
      3.20653      1.92228   0.00428177
      3.20678      1.52962   0.00576880
      3.20703      2.16750   0.00775803
      3.20729      2.47416   0.00949644
      3.20754      2.56206   0.00990619
      3.20779      2.48352   0.00819404
      3.20804      2.40083   0.00602744
      3.20830      2.40091   0.00444856
      3.20855      2.37171   0.00373125
      3.20880      2.33352   0.00346216
      3.20906      2.27129   0.00365446
      3.20931      2.06571   0.00408660
      3.20956      2.12714   0.00486920
      3.20981      2.46778   0.00633748
      3.21007      2.68515   0.00808876
      3.21032      2.54459   0.00856399
      3.21057      2.42433   0.00726456
      3.21083      2.54324   0.00621539
      3.21108      2.60986   0.00592333
      3.21133      2.39780   0.00616387
      3.21159      2.28992   0.00665693
      3.21184      2.44932   0.00664922
      3.21209      2.68600   0.00677512
      3.21235      2.71959   0.00758925
      3.21260      2.40781   0.00813244
      3.21285      2.16224   0.00729150
      3.21310      2.18340   0.00596617
      3.21336      2.34416   0.00532591
      3.21361      2.44143   0.00519337
      3.21386      2.41085   0.00525302
      3.21412      2.36436   0.00467630
      3.21437      2.33123   0.00378931
      3.21462      2.27189   0.00321028
      3.21488      2.27092   0.00294590
      3.21513      2.32950   0.00292732
      3.21538      2.29768   0.00313092
      3.21564      2.15222   0.00352834
      3.21589      2.16012   0.00402651
      3.21614      2.30055   0.00448285
      3.21639      2.42476   0.00461439
      3.21665      2.40527   0.00442249
      3.21690      2.30355   0.00394824
      3.21715      2.28925   0.00348052
      3.21741      2.32608   0.00322577
      3.21766      2.26952   0.00314258
      3.21791      2.17055   0.00320885
      3.21817      2.13583   0.00333438
      3.21842      2.23102   0.00354083
      3.21867      2.30793   0.00379388
      3.21893      2.31009   0.00393995
      3.21918      2.23936   0.00369514
      3.21943      2.21322   0.00322827
      3.21969      2.23074   0.00287185
      3.21994      2.26890   0.00267863
      3.22019      2.27034   0.00260604
      3.22045      2.22393   0.00261158
      3.22070      2.19697   0.00262371
      3.22095      2.18996   0.00270495
      3.22121      2.23205   0.00296651
      3.22146      2.40039   0.00347768
      3.22171      2.56613   0.00430902
      3.22197      2.48468   0.00522701
      3.22222      2.46643   0.00547653
      3.22247      2.47948   0.00495659
      3.22273      2.42121   0.00475530
      3.22298      2.46976   0.00510131
      3.22323      2.64689   0.00586077
      3.22349      2.64135   0.00706771
      3.22374      2.58230   0.00751971
      3.22399      2.49164   0.00667857
      3.22425      2.24941   0.00576298
      3.22450      2.30279   0.00554900
      3.22475      2.01875   0.00574354
      3.22501      1.56902   0.00679307
      3.22526      2.59855   0.00805971
      3.22551      2.42333   0.00820645
      3.22577      2.27073   0.00691666
      3.22602      2.14849   0.00565481
      3.22628      2.16608   0.00543492
      3.22653      2.32680   0.00585817
      3.22678      2.27468   0.00643074
      3.22704      2.27880   0.00587990
      3.22729      2.29203   0.00465409
      3.22754      2.27404   0.00364234
      3.22780      2.27936   0.00307440
      3.22805      2.27451   0.00279934
      3.22830      2.28512   0.00262589
      3.22856      2.26815   0.00256207
      3.22881      2.27620   0.00256285
      3.22906      2.33833   0.00267843
      3.22932      2.39981   0.00295797
      3.22957      2.45169   0.00340713
      3.22982      2.76420   0.00423163
      3.23008      3.13055   0.00529778
      3.23033      2.24456   0.00684560
      3.23059      1.47939   0.00992586
      3.23084      1.57289    0.0151324
      3.23109      1.92119    0.0214096
      3.23135      2.47505    0.0259372
      3.23160      2.58540    0.0211848
      3.23185      2.22355    0.0118817
      3.23211      1.88354   0.00759092
      3.23236      2.28013   0.00584526
      3.23261      2.31688   0.00488020
      3.23287      2.28943   0.00450466
      3.23312      2.20569   0.00405384
      3.23338      2.16628   0.00343682
      3.23363      2.17073   0.00296656
      3.23388      2.18045   0.00259168
      3.23414      2.15614   0.00240966
      3.23439      2.12382   0.00229933
      3.23464      2.11447   0.00224339
      3.23490      2.13054   0.00219566
      3.23515      2.14150   0.00216032
      3.23541      2.15861   0.00215950
      3.23566      2.14621   0.00215893
      3.23591      2.12105   0.00215577
      3.23617      2.11046   0.00214843
      3.23642      2.11913   0.00217566
      3.23668      2.13867   0.00223542
      3.23693      2.14564   0.00227632
      3.23718      2.14109   0.00230856
      3.23744      2.13987   0.00229162
      3.23769      2.16715   0.00224762
      3.23794      2.21079   0.00220189
      3.23820      2.21949   0.00220825
      3.23845      2.24157   0.00222978
      3.23871      2.24534   0.00225835
      3.23896      2.23148   0.00230931
      3.23921      2.34990   0.00243798
      3.23947      2.38985   0.00264348
      3.23972      2.28220   0.00298565
      3.23998      2.20630   0.00334334
      3.24023      2.17608   0.00353059
      3.24048      2.11399   0.00382063
      3.24074      2.12443   0.00449228
      3.24099      2.25318   0.00548456
      3.24125      2.33282   0.00592872
      3.24150      2.28446   0.00502680
      3.24175      2.22565   0.00385076
      3.24201      2.22085   0.00310516
      3.24226      2.20743   0.00267972
      3.24252      2.22042   0.00245184
      3.24277      2.25764   0.00234803
      3.24302      2.27268   0.00230795
      3.24328      2.25238   0.00231437
      3.24353      2.20247   0.00236423
      3.24379      2.21047   0.00246130
      3.24404      2.30329   0.00264716
      3.24429      2.42077   0.00298498
      3.24455      2.37120   0.00343954
      3.24480      2.21949   0.00372932
      3.24506      2.22430   0.00378930
      3.24531      2.43162   0.00378455
      3.24556      2.62378   0.00395165
      3.24582      2.48261   0.00429569
      3.24607      2.41114   0.00444521
      3.24633      2.33588   0.00405634
      3.24658      2.29214   0.00359561
      3.24683      2.26879   0.00331098
      3.24709      2.23023   0.00343734
      3.24734      2.33373   0.00403702
      3.24760      2.39755   0.00494912
      3.24785      2.43023   0.00573508
      3.24811      2.39140   0.00536936
      3.24836      2.34848   0.00421148
      3.24861      2.32489   0.00355270
      3.24887      2.36606   0.00334790
      3.24912      2.38047   0.00354215
      3.24938      2.34431   0.00412210
      3.24963      2.11837   0.00465623
      3.24989      1.95916   0.00480986
      3.25014      2.02026   0.00470072
      3.25039      2.13132   0.00483340
      3.25065      2.27059   0.00521019
      3.25090      2.27335   0.00541851
      3.25116      2.20016   0.00478095
      3.25141      2.17603   0.00366374
      3.25167      2.13468   0.00286206
      3.25192      2.10145   0.00246401
      3.25217      2.08265   0.00224599
      3.25243      2.08264   0.00210182
      3.25268      2.07339   0.00202461
      3.25294      2.07200   0.00197362
      3.25319      2.06690   0.00195558
      3.25345      1.82069   0.00194883
      3.25370      1.62946   0.00194693
      3.25395      2.08034   0.00197408
      3.25421      2.07858   0.00198442
      3.25446      2.07709   0.00199030
      3.25472      2.08882   0.00199084
      3.25497      2.09672   0.00197477
      3.25523      2.09789   0.00195045
      3.25548      2.09792   0.00194228
      3.25573      2.09250   0.00192179
      3.25599      2.09126   0.00192090
      3.25624      2.09851   0.00193428
      3.25650      2.10344   0.00194354
      3.25675      2.08401   0.00194976
      3.25701      2.07399   0.00194584
      3.25726      2.08796   0.00196158
      3.25752      2.08768   0.00197954
      3.25777      2.10699   0.00200680
      3.25802      2.13582   0.00203176
      3.25828      2.16398   0.00204223
      3.25853      2.19195   0.00206192
      3.25879      2.20511   0.00209742
      3.25904      2.21681   0.00216316
      3.25930      2.23507   0.00223671
      3.25955      2.19872   0.00232221
      3.25981      2.21777   0.00250896
      3.26006      2.22887   0.00290995
      3.26032      2.19893   0.00367100
      3.26057      2.09299   0.00513503
      3.26082      1.97112   0.00760330
      3.26108      2.26438    0.0102979
      3.26133      2.44414    0.0110036
      3.26159      2.38585   0.00897490
      3.26184      2.44616   0.00656897
      3.26210      2.43314   0.00492238
      3.26235      2.43294   0.00399403
      3.26261      2.33365   0.00354302
      3.26286      2.15101   0.00345736
      3.26312      2.10275   0.00363938
      3.26337      2.12636   0.00414925
      3.26363      2.21001   0.00514502
      3.26388      2.27938   0.00600628
      3.26413      2.21277   0.00557375
      3.26439      2.18213   0.00431604
      3.26464      2.16380   0.00329117
      3.26490      2.15084   0.00269910
      3.26515      2.13049   0.00241160
      3.26541      2.12863   0.00226749
      3.26566      2.13848   0.00215178
      3.26592      2.12196   0.00210292
      3.26617      2.09180   0.00206892
      3.26643      2.12344   0.00204947
      3.26668      2.17318   0.00205682
      3.26694      2.18450   0.00209549
      3.26719      2.15453   0.00215349
      3.26745      2.12394   0.00221187
      3.26770      2.09208   0.00227925
      3.26796      2.17217   0.00238028
      3.26821      2.28903   0.00267290
      3.26847      2.29724   0.00303838
      3.26872      2.27976   0.00323208
      3.26897      2.30154   0.00308815
      3.26923      2.31035   0.00273666
      3.26948      2.31298   0.00253440
      3.26974      2.32540   0.00251705
      3.26999      2.33134   0.00260128
      3.27025      2.35455   0.00284547
      3.27050      2.31030   0.00347216
      3.27076      2.26209   0.00461152
      3.27101      1.37175   0.00623138
      3.27127    -0.126872   0.00743659
      3.27152      1.06302   0.00766419
      3.27178      1.98188   0.00813844
      3.27203      2.01285   0.00842955
      3.27229      2.07384   0.00899477
      3.27254      2.19185   0.00860578
      3.27280      2.32661   0.00712044
      3.27305      2.28290   0.00542696
      3.27331      2.22596   0.00415787
      3.27356      2.20597   0.00314753
      3.27382      2.17992   0.00264568
      3.27407      2.14861   0.00237250
      3.27433      2.11833   0.00221061
      3.27458      2.07799   0.00210497
      3.27484      2.09038   0.00205130
      3.27509      2.14077   0.00205452
      3.27535      2.13509   0.00204999
      3.27560      2.11590   0.00204573
      3.27586      2.10978   0.00203468
      3.27611      2.11290   0.00203036
      3.27637      2.13982   0.00203158
      3.27662      2.18455   0.00203930
      3.27688      2.19376   0.00204485
      3.27713      2.15111   0.00205003
      3.27739      2.12680   0.00205568
      3.27764      2.13954   0.00204505
      3.27790      2.16505   0.00204789
      3.27815      2.19334   0.00208077
      3.27841      2.24099   0.00212672
      3.27866      2.30242   0.00214142
      3.27892      2.30439   0.00218484
      3.27917      2.33902   0.00227240
      3.27943      2.41931   0.00243387
      3.27968      2.41981   0.00277261
      3.27994      1.95734   0.00339457
      3.28019      1.51626   0.00456613
      3.28045      1.97870   0.00667058
      3.28070      2.23177   0.00930178
      3.28096      2.30356    0.0102745
      3.28121      2.30645   0.00753555
      3.28147      2.23247   0.00467116
      3.28172      2.19302   0.00329616
      3.28198      2.18006   0.00262824
      3.28223      2.14915   0.00227980
      3.28249      2.13810   0.00213399
      3.28274      2.13388   0.00203796
      3.28300      2.12213   0.00198990
      3.28325      2.12018   0.00196990
      3.28351      2.13287   0.00193974
      3.28376      2.12593   0.00193813
      3.28402      2.11887   0.00193801
      3.28427      2.13810   0.00193370
      3.28453      2.13527   0.00191230
      3.28478      2.12073   0.00191263
      3.28504      2.11089   0.00192184
      3.28529      2.11986   0.00192458
      3.28555      2.12535   0.00194321
      3.28580      2.11734   0.00195551
      3.28606      2.12182   0.00194883
      3.28631      2.11767   0.00192618
      3.28657      2.10675   0.00191159
      3.28682      2.10895   0.00192124
      3.28708      2.11282   0.00193826
      3.28734      2.10983   0.00194271
      3.28759      2.10403   0.00194073
      3.28785      2.11432   0.00192106
      3.28810      2.11488   0.00189918
      3.28836      2.10642   0.00188712
      3.28861      2.12518   0.00190423
      3.28887      2.13712   0.00192280
      3.28912      2.14204   0.00192558
      3.28938      2.16210   0.00190754
      3.28963      2.19150   0.00191652
      3.28989      2.21318   0.00193899
      3.29014      2.21837   0.00196429
      3.29040      2.15968   0.00199084
      3.29065      2.07660   0.00205828
      3.29091      2.08971   0.00218705
      3.29116      2.19340   0.00236215
      3.29142      2.24022   0.00262982
      3.29167      2.24347   0.00281200
      3.29193      2.21629   0.00269519
      3.29218      2.22622   0.00244322
      3.29244      2.24919   0.00226495
      3.29270      2.27398   0.00216919
      3.29295      2.30367   0.00213559
      3.29321      2.29406   0.00212850
      3.29346      2.23541   0.00214524
      3.29372      2.19181   0.00219839
      3.29397      2.33132   0.00235684
      3.29423      2.49497   0.00263768
      3.29448      2.54653   0.00298549
      3.29474      2.52046   0.00314886
      3.29499      2.39360   0.00309200
      3.29525      2.21683   0.00305948
      3.29550      2.19788   0.00317535
      3.29576      2.38326   0.00356414
      3.29601      2.58077   0.00424085
      3.29627      2.66251   0.00466967
      3.29652      2.66397   0.00430967
      3.29678      2.66719   0.00353937
      3.29704      2.68701   0.00304814
      3.29729      2.71008   0.00275424
      3.29755      2.67542   0.00264293
      3.29780      2.68199   0.00273707
      3.29806      2.72237   0.00299524
      3.29831      2.82308   0.00362705
      3.29857      2.87184   0.00503677
      3.29882      2.04871   0.00710390
      3.29908      1.16112   0.00844237
      3.29933      1.59894   0.00847878
      3.29959      2.33775   0.00888737
      3.29984      2.39944   0.00886818
      3.30010      2.37774   0.00751831
      3.30035      2.42551   0.00587622
      3.30061      2.39665   0.00436867
      3.30087      2.29494   0.00345869
      3.30112      2.18399   0.00295945
      3.30138      2.12716   0.00275860
      3.30163      2.17828   0.00271806
      3.30189      2.26182   0.00288117
      3.30214      2.23035   0.00302456
      3.30240      2.22008   0.00295504
      3.30265      2.21606   0.00266049
      3.30291      2.20589   0.00238473
      3.30316      2.22461   0.00221182
      3.30342      2.26077   0.00212945
      3.30367      2.28688   0.00210019
      3.30393      2.26415   0.00212248
      3.30419      2.20642   0.00213734
      3.30444      2.13423   0.00224559
      3.30470      2.10332   0.00241329
      3.30495      2.14340   0.00267780
      3.30521      2.22194   0.00320780
      3.30546      2.21335   0.00367074
      3.30572      2.18513   0.00360119
      3.30597      2.21531   0.00316122
      3.30623      2.20058   0.00268367
      3.30648      2.19039   0.00241413
      3.30674      2.19858   0.00227256
      3.30700      2.20046   0.00218002
      3.30725      2.20501   0.00210204
      3.30751      2.22231   0.00206817
      3.30776      2.20085   0.00207003
      3.30802      2.13262   0.00210044
      3.30827      2.13753   0.00220642
      3.30853      2.24329   0.00239514
      3.30878      2.33979   0.00262397
      3.30904      2.29402   0.00287791
      3.30929      2.19844   0.00300636
      3.30955      2.15791   0.00292336
      3.30980      2.14836   0.00282789
      3.31006      2.17280   0.00290065
      3.31032      2.21176   0.00309706
      3.31057      2.22072   0.00319114
      3.31083      2.25649   0.00307048
      3.31108      2.28793   0.00280232
      3.31134      2.32145   0.00254872
      3.31159      2.35449   0.00244689
      3.31185      2.35868   0.00242171
      3.31210      2.39561   0.00247863
      3.31236      2.53880   0.00273930
      3.31261      2.84842   0.00325038
      3.31287      3.28551   0.00419398
      3.31313      2.45144   0.00665756
      3.31338      2.43598    0.0123004
      3.31364      1.42054    0.0258634
      3.31389     -8.59326    0.0596388
      3.31415     0.367744     0.244686
      3.31440      3.83277     0.425744
      3.31466     -17.6720     0.260666
      3.31491      3.27437      41.9871
      3.31517      16.1922      77.9574
      3.31542      12.6581     0.753190
      3.31568      2.27012      1.94328
      3.31593     -5.51652      2.50089
      3.31619     0.716070     0.298040
      3.31645    -0.954879     0.267124
      3.31670      3.27731     0.203160
      3.31696      1.21787    0.0958966
      3.31721      2.17513    0.0797508
      3.31747      2.10019    0.0462418
      3.31772      1.73986    0.0284991
      3.31798      1.56764    0.0227536
      3.31823      2.93069    0.0219518
      3.31849      2.62499    0.0216614
      3.31874      2.05998    0.0219682
      3.31900      1.07036    0.0217597
      3.31926      1.51265    0.0214536
      3.31951      2.05825    0.0246468
      3.31977      2.42725    0.0282799
      3.32002     0.447282    0.0243319
      3.32028     0.649758    0.0180056
      3.32053      2.64231    0.0129888
      3.32079      2.61118   0.00911583
      3.32104      2.40126   0.00689767
      3.32130      2.31928   0.00574855
      3.32155      2.22767   0.00532661
      3.32181      2.28568   0.00565832
      3.32206      2.44245   0.00633801
      3.32232      2.51533   0.00679045
      3.32258      2.47103   0.00686325
      3.32283      2.30961   0.00592322
      3.32309      2.27721   0.00467556
      3.32334      2.30282   0.00408596
      3.32360      2.30700   0.00385998
      3.32385      2.29925   0.00368351
      3.32411      2.27855   0.00358603
      3.32436      2.24549   0.00339106
      3.32462      2.16792   0.00323908
      3.32487      2.16039   0.00310825
      3.32513      2.15661   0.00301436
      3.32538      2.16052   0.00297818
      3.32564      2.19429   0.00290897
      3.32589      2.22670   0.00281992
      3.32615      2.20873   0.00275394
      3.32641      2.21160   0.00266626
      3.32666      2.20741   0.00256387
      3.32692      2.21281   0.00250476
      3.32717      2.27429   0.00255621
      3.32743      2.32892   0.00260529
      3.32768      2.27108   0.00274978
      3.32794      2.32486   0.00301665
      3.32819      2.37662   0.00330249
      3.32845      2.29357   0.00360228
      3.32870      2.11842   0.00371155
      3.32896      2.08567   0.00376642
      3.32921      2.16577   0.00386637
      3.32947      2.26720   0.00392750
      3.32972      2.24152   0.00393379
      3.32998      2.19212   0.00355336
      3.33023      2.15725   0.00293429
      3.33049      2.14413   0.00249190
      3.33075      2.14673   0.00225899
      3.33100      2.15329   0.00212466
      3.33126      2.14454   0.00204809
      3.33151      2.11347   0.00200044
      3.33177      2.10942   0.00200590
      3.33202      2.13409   0.00198350
      3.33228      2.15748   0.00198525
      3.33253      2.19961   0.00199702
      3.33279      2.21508   0.00200007
      3.33304      2.19741   0.00200045
      3.33330      2.15682   0.00203179
      3.33355      2.14057   0.00202332
      3.33381      2.10704   0.00205178
      3.33406      2.08357   0.00212736
      3.33432      2.14482   0.00227362
      3.33457      2.20806   0.00251901
      3.33483      2.21501   0.00273661
      3.33508      2.16649   0.00281554
      3.33534      2.15651   0.00261561
      3.33559      2.16379   0.00236271
      3.33585      2.16355   0.00221254
      3.33610      2.16584   0.00210902
      3.33636      2.15643   0.00202948
      3.33661      2.15511   0.00199521
      3.33687      2.18046   0.00197548
      3.33713      2.21070   0.00195317
      3.33738      2.22956   0.00196575
      3.33764      2.19220   0.00197794
      3.33789      2.16928   0.00200067
      3.33815      2.21190   0.00205417
      3.33840      2.31153   0.00215305
      3.33866      2.33223   0.00229353
      3.33891      2.23661   0.00238317
      3.33917      2.18478   0.00245811
      3.33942      2.23497   0.00252508
      3.33968      2.24881   0.00263624
      3.33993      2.19986   0.00287424
      3.34019      2.26307   0.00306856
      3.34044      2.34813   0.00314350
      3.34070      2.33289   0.00299892
      3.34095      2.26376   0.00280199
      3.34121      2.25068   0.00256733
      3.34146      2.25268   0.00245339
      3.34172      2.14198   0.00243645
      3.34197      2.07488   0.00249143
      3.34223      2.17724   0.00255771
      3.34248      2.24182   0.00264483
      3.34274      2.23566   0.00270751
      3.34299      2.21070   0.00260392
      3.34325      2.18627   0.00241760
      3.34350      2.19095   0.00223277
      3.34376      2.21495   0.00211459
      3.34401      2.26168   0.00206919
      3.34427      2.28163   0.00208007
      3.34452      2.29646   0.00209574
      3.34478      2.28986   0.00215901
      3.34503      2.25025   0.00228670
      3.34529      2.19177   0.00248707
      3.34554      2.18558   0.00285934
      3.34580      2.30982   0.00348064
      3.34605      2.54115   0.00437996
      3.34631      2.49142   0.00527369
      3.34656      2.25211   0.00530137
      3.34681      2.06308   0.00434212
      3.34707      2.12303   0.00366229
      3.34732      2.22452   0.00344914
      3.34758      2.21342   0.00341113
      3.34783      2.19964   0.00325785
      3.34809      2.18235   0.00294032
      3.34834      2.14634   0.00254365
      3.34860      2.12336   0.00228837
      3.34885      2.14950   0.00216386
      3.34911      2.15441   0.00207323
      3.34936      2.17368   0.00203366
      3.34962      2.18857   0.00200359
      3.34987      2.20509   0.00198387
      3.35013      2.18665   0.00199518
      3.35038      2.11381   0.00202114
      3.35064      2.08838   0.00204811
      3.35089      2.15110   0.00212148
      3.35115      1.85781   0.00223113
      3.35140      1.22360   0.00232219
      3.35166      1.53093   0.00236338
      3.35191      2.19211   0.00232394
      3.35216      2.19294   0.00218882
      3.35242      2.14971   0.00207723
      3.35267      2.16248   0.00207014
      3.35293      2.22328   0.00209411
      3.35318      2.25471   0.00212680
      3.35344      2.24911   0.00217213
      3.35369      2.21830   0.00219926
      3.35395      2.21194   0.00218813
      3.35420      2.25318   0.00221718
      3.35446      2.29340   0.00227139
      3.35471      2.22941   0.00237260
      3.35496      2.18106   0.00248686
      3.35522      2.29747   0.00257103
      3.35547      2.44312   0.00272004
      3.35573      2.48471   0.00283072
      3.35598      2.43026   0.00293500
      3.35624      2.35904   0.00291794
      3.35649      2.30467   0.00288196
      3.35675      2.27225   0.00308099
      3.35700      2.25188   0.00356978
      3.35725      2.14106   0.00442386
      3.35751      1.99352   0.00552410
      3.35776      2.12632   0.00599898
      3.35802      2.20337   0.00535544
      3.35827      2.24519   0.00459471
      3.35853      2.24712   0.00387442
      3.35878      2.20538   0.00319178
      3.35904      2.17662   0.00267653
      3.35929      2.17332   0.00237738
      3.35954      2.18520   0.00220977
      3.35980      2.19507   0.00211889
      3.36005      2.23646   0.00209734
      3.36031      2.25889   0.00208091
      3.36056      2.20392   0.00208195
      3.36081      2.13322   0.00211094
      3.36107      2.13581   0.00218107
      3.36132      2.16810   0.00228921
      3.36158      2.22301   0.00245492
      3.36183      2.30063   0.00262095
      3.36209      2.31456   0.00270421
      3.36234      2.31387   0.00262469
      3.36259      2.22898   0.00245484
      3.36285      2.09412   0.00240623
      3.36310      2.07675   0.00241874
      3.36336      2.14519   0.00256610
      3.36361      2.22504   0.00278497
      3.36386      2.20935   0.00295220
      3.36412      2.16129   0.00289717
      3.36437      2.18245   0.00259971
      3.36463      2.21312   0.00232268
      3.36488      2.21002   0.00217155
      3.36513      2.10862   0.00213462
      3.36539      2.11296   0.00208861
      3.36564      2.15132   0.00208488
      3.36590      2.18191   0.00208767
      3.36615      2.19688   0.00211911
      3.36640      2.20041   0.00213839
      3.36666      2.23895   0.00213888
      3.36691      2.27157   0.00211301
      3.36717      2.31232   0.00211588
      3.36742      2.36047   0.00219477
      3.36767      2.33720   0.00229548
      3.36793      2.24358   0.00243280
      3.36818      2.08891   0.00268481
      3.36843      1.94146   0.00306782
      3.36869      2.01685   0.00376954
      3.36894      2.23048   0.00490212
      3.36920      2.31494   0.00566504
      3.36945      2.32153   0.00507419
      3.36970      2.30382   0.00396738
      3.36996      2.28799   0.00314707
      3.37021      2.30119   0.00269678
      3.37046      2.32794   0.00243769
      3.37072      2.28780   0.00231335
      3.37097      2.18766   0.00226857
      3.37123      2.13259   0.00229942
      3.37148      2.15548   0.00237780
      3.37173      2.18901   0.00251251
      3.37199      2.16659   0.00269479
      3.37224      2.14992   0.00275176
      3.37249      2.16798   0.00262389
      3.37275      2.18269   0.00243421
      3.37300      2.16589   0.00229340
      3.37325      2.13429   0.00223023
      3.37351      2.12383   0.00218370
      3.37376      2.14718   0.00212152
      3.37401      2.15561   0.00206751
      3.37427      2.15482   0.00204794
      3.37452      2.16105   0.00205022
      3.37477      2.15557   0.00201442
      3.37503      2.16726   0.00201509
      3.37528      2.20777   0.00203351
      3.37553      2.21397   0.00203310
      3.37579      2.17438   0.00204834
      3.37604      2.11336   0.00209955
      3.37629      2.08990   0.00214965
      3.37655      2.13697   0.00225107
      3.37680      2.17305   0.00235746
      3.37705      2.18619   0.00248697
      3.37731      2.18751   0.00254432
      3.37756      2.17564   0.00246305
      3.37781      2.18102   0.00232439
      3.37806      2.20908   0.00223599
      3.37832      2.26059   0.00217506
      3.37857      2.29889   0.00214011
      3.37882      2.32651   0.00213682
      3.37908      2.36827   0.00219452
      3.37933      2.37409   0.00225998
      3.37958      2.29065   0.00233908
      3.37984      2.18177   0.00261035
      3.38009      1.96908   0.00312477
      3.38034      1.87510   0.00408298
      3.38059      2.24311   0.00550592
      3.38085      2.43621   0.00679840
      3.38110      2.36798   0.00645957
      3.38135      2.24850   0.00464778
      3.38161      2.22912   0.00342756
      3.38186      2.23683   0.00289915
      3.38211      2.21315   0.00264765
      3.38236      2.21719   0.00250639
      3.38262      2.19257   0.00246035
      3.38287      2.15713   0.00239075
      3.38312      2.17682   0.00236717
      3.38337      2.22098   0.00235747
      3.38363      2.24553   0.00236762
      3.38388      2.25393   0.00236582
      3.38413      2.22806   0.00235106
      3.38439      2.17255   0.00229966
      3.38464      2.14994   0.00225510
      3.38489      2.16723   0.00229273
      3.38514      2.15097   0.00240129
      3.38539      2.13786   0.00249064
      3.38565      2.15152   0.00251055
      3.38590      2.17725   0.00250066
      3.38615      2.21327   0.00246633
      3.38640      2.20354   0.00244605
      3.38666      2.16212   0.00236432
      3.38691      2.16088   0.00225926
      3.38716      2.18279   0.00215841
      3.38741      2.14781   0.00209030
      3.38767      2.14626   0.00204486
      3.38792      2.13872   0.00202088
      3.38817      2.13583   0.00201842
      3.38842      2.15493   0.00200151
      3.38867      2.15666   0.00202020
      3.38893      2.17244   0.00201646
      3.38918      2.17676   0.00200351
      3.38943      2.18940   0.00202370
      3.38968      2.23072   0.00204462
      3.38994      2.24820   0.00204449
      3.39019      2.26205   0.00207066
      3.39044      2.30024   0.00208924
      3.39069      2.36504   0.00213240
      3.39094      2.38158   0.00220209
      3.39119      2.29117   0.00234646
      3.39145      2.19688   0.00259749
      3.39170      1.98803   0.00297715
      3.39195      1.79932   0.00368309
      3.39220      2.07453   0.00491261
      3.39245      2.29144   0.00646803
      3.39271      2.36528   0.00733321
      3.39296      2.36390   0.00615576
      3.39321      2.31587   0.00422503
      3.39346      2.25671   0.00312620
      3.39371      2.20538   0.00263225
      3.39396      2.13498   0.00237493
      3.39422      2.10671   0.00224109
      3.39447      2.16516   0.00222452
      3.39472      2.20773   0.00226665
      3.39497      2.19607   0.00229960
      3.39522      2.17045   0.00227106
      3.39547      2.17963   0.00217613
      3.39572      2.18780   0.00212425
      3.39598      2.19642   0.00207958
      3.39623      2.21826   0.00204790
      3.39648      2.23424   0.00203787
      3.39673      2.25531   0.00204911
      3.39698      2.25541   0.00208110
      3.39723      2.22748   0.00210780
      3.39748      2.21289   0.00216893
      3.39773      2.21283   0.00221269
      3.39799      2.19963   0.00218076
      3.39824      2.19345   0.00216459
      3.39849      2.16522   0.00212054
      3.39874      2.09661   0.00204420
      3.39899      2.11909   0.00202865
      3.39924      2.18001   0.00202849
      3.39949      2.17668   0.00201226
      3.39974      2.19235   0.00202491
      3.39999      2.20853   0.00200851
      3.40024      2.20351   0.00202500
      3.40050      2.19719   0.00204712
      3.40075      2.22241   0.00203338
      3.40100      2.26650   0.00203833
      3.40125      2.29859   0.00204262
      3.40150      2.27688   0.00209485
      3.40175      2.29718   0.00211074
      3.40200      2.32182   0.00209061
      3.40225      2.32301   0.00212412
      3.40250      2.34438   0.00214079
      3.40275      2.36683   0.00216395
      3.40300      2.41168   0.00226129
      3.40325      2.45702   0.00247462
      3.40350      2.30917   0.00280429
      3.40375      2.06997   0.00341491
      3.40400      2.15272   0.00440791
      3.40426      2.29145   0.00573582
      3.40451      2.29676   0.00683399
      3.40476      2.42946   0.00704390
      3.40501      2.37418   0.00603291
      3.40526      2.29186   0.00443134
      3.40551      2.26258   0.00337803
      3.40576      2.27456   0.00290826
      3.40601      2.26166   0.00261508
      3.40626      2.16056   0.00248344
      3.40651      2.10493   0.00246531
      3.40676      2.14422   0.00252191
      3.40701      2.22510   0.00258272
      3.40726      2.27088   0.00263901
      3.40751      2.29241   0.00262993
      3.40776      2.26975   0.00253854
      3.40801      2.20776   0.00241799
      3.40826      2.14648   0.00234984
      3.40851      2.14860   0.00237383
      3.40876      2.15592   0.00245831
      3.40901      2.17351   0.00256809
      3.40926      2.20616   0.00269567
      3.40951      2.24692   0.00274133
      3.40976      2.20704   0.00267933
      3.41001      2.14241   0.00254126
      3.41026      2.11073   0.00239884
      3.41050      2.12244   0.00233653
      3.41075      2.15231   0.00230587
      3.41100      2.18569   0.00228009
      3.41125      2.20260   0.00226861
      3.41150      2.18348   0.00222387
      3.41175      2.13599   0.00215586
      3.41200      2.10627   0.00214510
      3.41225      2.07884   0.00211994
      3.41250      2.10674   0.00210608
      3.41275      2.12824   0.00215497
      3.41300      2.15649   0.00218699
      3.41325      2.16987   0.00222671
      3.41350      2.21188   0.00223037
      3.41375      2.24269   0.00220001
      3.41400      2.30324   0.00217272
      3.41424      2.35014   0.00217299
      3.41449      2.33697   0.00217775
      3.41474      2.34116   0.00222994
      3.41499      2.37717   0.00232082
      3.41524      2.47464   0.00251475
      3.41549      2.50760   0.00283271
      3.41574      2.27947   0.00327760
      3.41599      1.89994   0.00387794
      3.41624      1.81798   0.00459071
      3.41648      2.02351   0.00538061
      3.41673      2.23954   0.00607375
      3.41698      2.29785   0.00594167
      3.41723      2.27586   0.00467894
      3.41748      2.22368   0.00368233
      3.41773      2.18977   0.00301688
      3.41798      2.19449   0.00275059
      3.41822      2.21262   0.00255968
      3.41847      2.20405   0.00245292
      3.41872      2.16402   0.00245661
      3.41897      2.12275   0.00243959
      3.41922      2.13245   0.00243140
      3.41947      2.11386   0.00241882
      3.41971      2.11589   0.00245208
      3.41996      2.14607   0.00248024
      3.42021      2.13621   0.00250590
      3.42046      2.12081   0.00254207
      3.42071      2.11341   0.00257892
      3.42095      2.11873   0.00260745
      3.42120      2.10828   0.00264582
      3.42145      2.07030   0.00266176
      3.42170      2.06309   0.00265152
      3.42195      2.03548   0.00269347
      3.42219      2.03231   0.00275953
      3.42244      2.03315   0.00284175
      3.42269      2.00404   0.00289196
      3.42294      1.98237   0.00296662
      3.42318      1.96903   0.00303533
      3.42343      1.95330   0.00308025
      3.42368      1.97127   0.00306871
      3.42393      1.99041   0.00307221
      3.42418      1.99711   0.00314953
      3.42442      2.00918   0.00325859
      3.42467      2.02963   0.00335058
      3.42492      2.06559   0.00341664
      3.42516      2.03813   0.00361001
      3.42541      1.85316   0.00375849
      3.42566      1.84160   0.00389163
      3.42591      2.01543   0.00410756
      3.42615      2.02246   0.00429702
      3.42640      2.08184   0.00442087
      3.42665      2.27886   0.00463149
      3.42689      2.18668   0.00501828
      3.42714      2.15308   0.00552465
      3.42739      2.06692   0.00640912
      3.42764      1.83641   0.00743832
      3.42788      1.03890   0.00827447
      3.42813      0.00000   0.00945194
