SOURCE  = W 33 A                        / Source name
STANDARD= BS6378                        / Standard name
OBSDATE = 13-08-2001                    / Date of observation
SPOS    =                               / Source position RA,DEC,J2000
STPOS   =                               / Standard position RA,DEC,J2000
STSPT   =                               / Standard spectral type
STTEFF  = 11000                         / Standard effective temperature [K]
STMAG   = 2.41                          / Standard magnitude (adopted)
WAVEZP  = 3.45                          / Wavelength zero point [micron]
FLUXZP  = 290                           / Flux zero point [Jy]
SAIRM   =                               / Source mean airmass
STAIRM  =                               / Standard mean airmass
AIRMCORR=                               / Optimal (adopted) airmass correction
SPECRES = ~600                          / Spectral resolution

Created by K. M. Pontoppidan             Tue Mar 23 10:46:30 2004

Wavelength [micron] Flux [Jy] Statistical Error [Jy]

      2.78994      0.00000      7.61890
      2.79135     -3.37239      6.11223
      2.79277     0.972406      3.02200
      2.79418      2.97158      2.15550
      2.79559      4.03823      2.52779
      2.79701     0.218384      2.10506
      2.79842     -1.09406      1.91857
      2.79983     -1.33617      2.53938
      2.80125      9.92887      4.23092
      2.80266      31.6931      8.53625
      2.80407      4.82620      38.9298
      2.80548     -3.92004      1.61788
      2.80690   -0.0366283     0.521133
      2.80831     0.634580     0.264929
      2.80972     0.465054     0.186931
      2.81113     0.703410     0.183012
      2.81254     0.516885     0.276751
      2.81396     0.793124     0.424216
      2.81537     0.616517     0.560012
      2.81678      1.09806     0.613156
      2.81819     0.547236     0.360921
      2.81960     0.260725     0.142670
      2.82101     0.388563    0.0751102
      2.82242     0.514992    0.0513388
      2.82383     0.507461    0.0428944
      2.82524     0.460837    0.0356887
      2.82665     0.435662    0.0298182
      2.82806     0.439574    0.0262777
      2.82947     0.443406    0.0280924
      2.83088     0.480626    0.0391929
      2.83229     0.317299    0.0730210
      2.83370     0.485990     0.171658
      2.83511     0.312408     0.201936
      2.83652     0.251770     0.110569
      2.83792     0.166645    0.0592017
      2.83933     0.198281    0.0363442
      2.84074     0.234779    0.0258236
      2.84215     0.248265    0.0205032
      2.84356     0.265302    0.0203186
      2.84496     0.246432    0.0249652
      2.84637     0.223622    0.0342541
      2.84778     0.232050    0.0415028
      2.84919     0.234765    0.0393444
      2.85059     0.205946    0.0403146
      2.85200     0.164904    0.0515391
      2.85341    0.0945972    0.0546964
      2.85482    0.0912819    0.0389533
      2.85622     0.128366    0.0297239
      2.85763     0.130099    0.0261532
      2.85904     0.102819    0.0231731
      2.86044     0.100147    0.0191771
      2.86185     0.109436    0.0168651
      2.86325     0.106551    0.0162360
      2.86466    0.0972711    0.0172622
      2.86607    0.0863302    0.0195487
      2.86747    0.0907860    0.0222639
      2.86888    0.0896389    0.0247225
      2.87028    0.0945366    0.0252034
      2.87169    0.0860935    0.0209285
      2.87309    0.0676945    0.0165535
      2.87450    0.0597675    0.0141761
      2.87590    0.0535855    0.0135364
      2.87731    0.0520688    0.0138019
      2.87871    0.0515709    0.0136743
      2.88012    0.0534019    0.0134018
      2.88152    0.0381721    0.0133487
      2.88293    0.0372801    0.0137561
      2.88433    0.0384894    0.0141593
      2.88574    0.0251140    0.0147101
      2.88714    0.0186077    0.0160802
      2.88854    0.0243213    0.0156658
      2.88995    0.0240982    0.0144184
      2.89135    0.0275748    0.0127789
      2.89275    0.0302501    0.0115125
      2.89416    0.0272906    0.0103621
      2.89556    0.0244626   0.00964498
      2.89696    0.0259150   0.00992768
      2.89837    0.0222817    0.0111956
      2.89977    0.0160060    0.0141667
      2.90117    0.0121760    0.0172984
      2.90258    0.0112299    0.0180125
      2.90398    0.0120277    0.0172639
      2.90538   0.00886844    0.0159661
      2.90678   0.00462295    0.0139672
      2.90819   0.00906311    0.0120417
      2.90959    0.0112950    0.0106948
      2.91099    0.0133316    0.0101316
      2.91239   0.00745232    0.0102887
      2.91380   0.00352624    0.0107132
      2.91520   0.00769743    0.0106131
      2.91660   0.00995110    0.0101960
      2.91800   0.00869129   0.00994235
      2.91940   0.00550089    0.0101255
      2.92081   0.00504378    0.0117385
      2.92221   0.00342449    0.0147525
      2.92361   0.00364966    0.0154644
      2.92501   0.00278387    0.0125713
      2.92641   0.00395810    0.0102802
      2.92781   0.00168149   0.00914850
      2.92921  0.000272576   0.00883093
      2.93062   0.00113687   0.00864058
      2.93202  -0.00386742   0.00846988
      2.93342  0.000107965   0.00845203
      2.93482   0.00123551   0.00856636
      2.93622   0.00235860   0.00899039
      2.93762   0.00401598   0.00949271
      2.93902   0.00293669   0.00997465
      2.94042 -0.000928903    0.0101407
      2.94182   0.00105668    0.0102709
      2.94322   0.00449948    0.0106321
      2.94462   0.00283034    0.0106052
      2.94602  -0.00108810    0.0106121
      2.94742   0.00165487    0.0103675
      2.94882   0.00326180   0.00946007
      2.95022   0.00294758   0.00895329
      2.95162   0.00351732   0.00904809
      2.95302  0.000613133   0.00997970
      2.95442   -0.0124308    0.0105266
      2.95582  -0.00828335    0.0103706
      2.95722 -0.000895629   0.00942965
      2.95862   0.00686848   0.00898934
      2.96002   0.00450057   0.00874082
      2.96142   0.00255221   0.00850232
      2.96282   0.00143040   0.00836284
      2.96422  0.000457705   0.00827535
      2.96562  7.00338e-05   0.00854715
      2.96702   0.00335938   0.00932882
      2.96842   0.00533268    0.0109626
      2.96982   0.00229949    0.0134063
      2.97122 -0.000729407    0.0158429
      2.97262  0.000144764    0.0160022
      2.97402   0.00500656    0.0144465
      2.97542   0.00743691    0.0128757
      2.97682   0.00435118    0.0117155
      2.97821   0.00333042    0.0111834
      2.97961 -0.000179250    0.0109271
      2.98101   0.00133620    0.0103797
      2.98241  0.000793396   0.00936296
      2.98381  0.000448834   0.00866137
      2.98521  0.000279657   0.00808878
      2.98661   0.00195698   0.00776322
      2.98801  0.000787725   0.00759709
      2.98941 -3.33295e-05   0.00756470
      2.99080   0.00137175   0.00763995
      2.99220   0.00214513   0.00789605
      2.99360   0.00243219   0.00818907
      2.99500   0.00179507   0.00855480
      2.99640   0.00105272   0.00886239
      2.99780  0.000732039   0.00894517
      2.99920  0.000370245   0.00852680
      3.00060  0.000258644   0.00802784
      3.00199  0.000446736   0.00779874
      3.00339   0.00232510   0.00806100
      3.00479   0.00107095   0.00874949
      3.00619  -0.00170882   0.00960422
      3.00759 -0.000853574   0.00971816
      3.00899  0.000987703   0.00912503
      3.01038   0.00173842   0.00832355
      3.01178   0.00252846   0.00783566
      3.01318  6.10730e-05   0.00771025
      3.01458   0.00223784   0.00788007
      3.01598   0.00112295   0.00816235
      3.01737 -0.000159907   0.00880689
      3.01877  0.000512483   0.00979465
      3.02017  0.000862571    0.0104526
      3.02157   0.00185186    0.0105573
      3.02297   0.00733447   0.00973302
      3.02437   0.00381299   0.00849360
      3.02576   0.00142888   0.00781845
      3.02716   0.00230643   0.00765277
      3.02856   0.00258491   0.00769731
      3.02996   0.00195116   0.00791834
      3.03136 -0.000120553   0.00858093
      3.03275   0.00154268   0.00927107
      3.03415   0.00267212   0.00970066
      3.03555 -0.000195380    0.0103671
      3.03695  0.000345977    0.0113080
      3.03835   0.00367207    0.0116253
      3.03974  0.000714068    0.0108821
      3.04114 -0.000788807   0.00984385
      3.04254  7.76547e-05   0.00871013
      3.04394 -0.000938341   0.00846711
      3.04534 -0.000291314   0.00866154
      3.04673 -0.000748192   0.00895387
      3.04813   0.00198091   0.00949846
      3.04953   0.00276212    0.0101337
      3.05093   0.00261301    0.0110348
      3.05233   0.00214595    0.0123872
      3.05372   0.00385202    0.0127693
      3.05512   0.00278968    0.0120019
      3.05652   0.00144823    0.0102155
      3.05792   0.00514791   0.00879214
      3.05931   0.00392815   0.00809446
      3.06071  6.37458e-05   0.00805555
      3.06211   0.00141256   0.00837950
      3.06351   0.00123368   0.00855699
      3.06491   0.00280194   0.00862199
      3.06630   0.00386218   0.00870686
      3.06770   0.00197164   0.00882487
      3.06910  0.000262550   0.00924001
      3.07050 -0.000456047   0.00950755
      3.07190 -8.63464e-05   0.00952317
      3.07329   0.00198087   0.00878444
      3.07469   0.00105437   0.00801453
      3.07609  0.000728176   0.00749220
      3.07749   0.00274140   0.00744572
      3.07889   0.00380288   0.00786026
      3.08028   0.00165463   0.00874548
      3.08168  0.000420445   0.00949004
      3.08308 -0.000372179   0.00976994
      3.08448  -0.00160705   0.00941197
      3.08588   0.00209854   0.00902016
      3.08728   0.00214729   0.00878379
      3.08867   0.00113758   0.00883926
      3.09007   0.00768578   0.00893534
      3.09147   0.00404924   0.00919063
      3.09287   0.00273608   0.00963888
      3.09427   0.00174404    0.0101944
      3.09566 -0.000437478    0.0104047
      3.09706  9.48686e-05    0.0100972
      3.09846 -0.000718015   0.00927873
      3.09986   0.00109095   0.00851692
      3.10126   0.00235945   0.00815613
      3.10266   0.00248755   0.00848553
      3.10405   0.00422845   0.00940738
      3.10545   0.00407896    0.0104084
      3.10685   0.00666194    0.0107104
      3.10825   0.00278007    0.0103449
      3.10965  0.000734308    0.0102441
      3.11105  0.000889671    0.0102493
      3.11245   0.00288579   0.00952777
      3.11384   0.00727973   0.00925976
      3.11524   0.00508777   0.00883118
      3.11664  -0.00152194   0.00802767
      3.11804  -0.00387629   0.00723324
      3.11944 -0.000145909   0.00673584
      3.12084   0.00172009   0.00660068
      3.12224   0.00133920   0.00685118
      3.12364   0.00103555   0.00753767
      3.12503   0.00154552   0.00880834
      3.12643   0.00173833    0.0101658
      3.12783   0.00228713   0.00999664
      3.12923   0.00311646   0.00845469
      3.13063   0.00149998   0.00733591
      3.13203  0.000709012   0.00661635
      3.13343  0.000387146   0.00638176
      3.13483  0.000589053   0.00633345
      3.13623   0.00160126   0.00652069
      3.13763   0.00117934   0.00701355
      3.13902 -0.000320244   0.00770078
      3.14042  0.000355982   0.00783243
      3.14182   0.00144302   0.00766312
      3.14322   0.00285821   0.00749424
      3.14462   0.00181807   0.00803573
      3.14602   0.00155142   0.00851435
      3.14742   0.00173692   0.00783441
      3.14882   0.00161455   0.00715088
      3.15022  0.000592327   0.00665422
      3.15162  0.000844210   0.00647591
      3.15302   0.00370053   0.00662114
      3.15442   0.00294017   0.00692502
      3.15582   0.00619593   0.00692376
      3.15722   0.00351104   0.00703521
      3.15862   0.00227229   0.00669440
      3.16002   0.00264889   0.00649529
      3.16142   0.00220695   0.00616204
      3.16282   0.00245104   0.00600363
      3.16422   0.00180239   0.00607665
      3.16562   0.00282454   0.00604506
      3.16702   0.00334169   0.00600547
      3.16842   0.00248299   0.00605271
      3.16982   0.00533697   0.00615285
      3.17122   0.00675045   0.00633136
      3.17262   0.00372526   0.00647290
      3.17402   0.00261573   0.00653807
      3.17542   0.00418385   0.00640988
      3.17682   0.00376949   0.00626901
      3.17822   0.00493562   0.00616776
      3.17962   0.00452502   0.00629403
      3.18102   0.00315462   0.00652158
      3.18242   0.00482871   0.00671191
      3.18382   0.00575153   0.00669827
      3.18522   0.00668923   0.00658696
      3.18662   0.00825201   0.00648220
      3.18802   0.00795017   0.00673210
      3.18943   0.00502403   0.00757459
      3.19083   0.00625777   0.00867767
      3.19223   0.00852827   0.00886553
      3.19363   0.00521073   0.00849133
      3.19503   0.00797194   0.00839771
      3.19643   0.00237610   0.00904992
      3.19783  0.000246126    0.0100190
      3.19923   0.00222093    0.0109396
      3.20064   0.00728841    0.0112211
      3.20204    0.0147120    0.0112890
      3.20344    0.0123087    0.0112681
      3.20484   0.00652522    0.0117117
      3.20624   0.00974261    0.0128395
      3.20764   0.00827229    0.0143932
      3.20905    0.0138294    0.0159646
      3.21045    0.0172590    0.0154429
      3.21185    0.0192331    0.0135434
      3.21325    0.0177939    0.0117280
      3.21465    0.0170756    0.0106831
      3.21605    0.0179680    0.0100333
      3.21746    0.0159285   0.00956713
      3.21886    0.0141077   0.00954448
      3.22026   0.00689971    0.0104695
      3.22166    0.0117700    0.0129893
      3.22307   0.00991692    0.0156985
      3.22447    0.0109141    0.0147144
      3.22587   0.00414620    0.0123960
      3.22727    0.0132128    0.0114051
      3.22868    0.0190302    0.0121233
      3.23008    0.0220890    0.0117177
      3.23148    0.0208010   0.00963718
      3.23288    0.0220738   0.00768439
      3.23429    0.0259568   0.00696841
      3.23569    0.0266990   0.00662938
      3.23709    0.0278870   0.00700311
      3.23850    0.0278648   0.00773870
      3.23990    0.0284791   0.00822837
      3.24130    0.0330464   0.00845491
      3.24271    0.0331975   0.00908468
      3.24411    0.0362893    0.0107401
      3.24551    0.0370457    0.0123194
      3.24692    0.0362057    0.0125230
      3.24832    0.0414369    0.0108748
      3.24972    0.0389070   0.00867758
      3.25113    0.0359219   0.00700844
      3.25253    0.0352179   0.00613967
      3.25394    0.0364941   0.00588472
      3.25534    0.0383797   0.00602380
      3.25674    0.0378234   0.00658736
      3.25815    0.0400904   0.00787410
      3.25955    0.0391271   0.00992068
      3.26096    0.0454653    0.0107522
      3.26236    0.0518254   0.00965207
      3.26377    0.0528205   0.00823835
      3.26517    0.0525201   0.00769507
      3.26657    0.0523628   0.00791822
      3.26798    0.0558701   0.00881392
      3.26938    0.0554332   0.00998043
      3.27079    0.0577821   0.00961657
      3.27219    0.0660983   0.00807819
      3.27360    0.0696637   0.00697857
      3.27500    0.0724903   0.00653389
      3.27641    0.0720336   0.00674504
      3.27781    0.0713777   0.00730833
      3.27922    0.0764243   0.00754743
      3.28062    0.0827710   0.00697749
      3.28203    0.0871943   0.00625279
      3.28344    0.0896356   0.00585069
      3.28484    0.0898569   0.00571744
      3.28625    0.0909354   0.00569296
      3.28765    0.0948502   0.00580299
      3.28906     0.100301   0.00618108
      3.29046     0.104391   0.00678233
      3.29187     0.111877   0.00761049
      3.29328     0.116944   0.00848870
      3.29468     0.127668   0.00999597
      3.29609     0.138941    0.0117550
      3.29749     0.139034    0.0119620
      3.29890     0.138752    0.0104743
      3.30031     0.138536   0.00892544
      3.30171     0.136158   0.00790932
      3.30312     0.133255   0.00755165
      3.30453     0.129975   0.00736464
      3.30593     0.133932   0.00731948
      3.30734     0.138480   0.00751270
      3.30875     0.140183   0.00796325
      3.31015     0.142761   0.00903342
      3.31156     0.137289    0.0117355
      3.31297     0.125037    0.0192142
      3.31438     0.105217    0.0379200
      3.31578     0.106306    0.0522970
      3.31719     0.147764    0.0364931
      3.31860     0.164449    0.0230278
      3.32001     0.156473    0.0156008
      3.32141     0.151941    0.0116251
      3.32282     0.156155   0.00935274
      3.32423     0.161071   0.00826264
      3.32564     0.159551   0.00790248
      3.32704     0.156315   0.00786672
      3.32845     0.158100   0.00713475
      3.32986     0.164226   0.00644060
      3.33127     0.167804   0.00603009
      3.33268     0.168095   0.00594585
      3.33409     0.170476   0.00600177
      3.33549     0.178117   0.00617977
      3.33690     0.180437   0.00642688
      3.33831     0.183942   0.00698942
      3.33972     0.186480   0.00709465
      3.34113     0.189378   0.00696650
      3.34254     0.191972   0.00692598
      3.34395     0.189899   0.00733791
      3.34536     0.185462   0.00733273
      3.34676     0.186462   0.00684868
      3.34817     0.195705   0.00628371
      3.34958     0.200748   0.00618496
      3.35099     0.200662   0.00620852
      3.35240     0.201165   0.00654090
      3.35381     0.199899   0.00705226
      3.35522     0.194297   0.00742895
      3.35663     0.189909   0.00724630
      3.35804     0.195132   0.00678772
      3.35945     0.202651   0.00651558
      3.36086     0.203300   0.00648724
      3.36227     0.205570   0.00639457
      3.36368     0.210945   0.00625822
      3.36509     0.215751   0.00648854
      3.36650     0.213301   0.00681815
      3.36791     0.211545   0.00688971
      3.36932     0.215154   0.00669133
      3.37073     0.221352   0.00628513
      3.37214     0.226668   0.00595759
      3.37355     0.230778   0.00590696
      3.37496     0.234885   0.00606077
      3.37637     0.237850   0.00639102
      3.37779     0.236777   0.00681561
      3.37920     0.237629   0.00713559
      3.38061     0.238722   0.00703689
      3.38202     0.242309   0.00665797
      3.38343     0.240632   0.00624446
      3.38484     0.248357   0.00601968
      3.38625     0.256547   0.00591671
      3.38766     0.260465   0.00598937
      3.38908     0.260216   0.00632569
      3.39049     0.258446   0.00670814
      3.39190     0.261230   0.00664384
      3.39331     0.270518   0.00619776
      3.39472     0.277629   0.00575070
      3.39614     0.277779   0.00556443
      3.39755     0.280187   0.00555018
      3.39896     0.284851   0.00572011
      3.40037     0.286205   0.00611077
      3.40178     0.279570   0.00674510
      3.40320     0.275861   0.00735365
      3.40461     0.283619   0.00736730
      3.40602     0.293613   0.00696026
      3.40743     0.294597   0.00664095
      3.40885     0.297030   0.00638475
      3.41026     0.303218   0.00621781
      3.41167     0.307199   0.00621405
      3.41309     0.306630   0.00645003
      3.41450     0.300414   0.00672361
      3.41591     0.302076   0.00657545
      3.41732     0.306178   0.00597083
      3.41874     0.321183   0.00562863
      3.42015     0.335466   0.00558707
      3.42156     0.340270   0.00563598
      3.42298     0.342966   0.00581747
      3.42439     0.344465   0.00616470
      3.42581     0.337670   0.00661103
      3.42722     0.338387   0.00673637
      3.42863     0.351026   0.00629619
      3.43005     0.356671   0.00579507
      3.43146     0.367285   0.00551832
      3.43288     0.374304   0.00553794
      3.43429     0.376158   0.00550012
      3.43570     0.380370   0.00558539
      3.43712     0.383796   0.00577354
      3.43853     0.382449   0.00599530
      3.43995     0.380507   0.00596963
      3.44136     0.389428   0.00578078
      3.44278     0.399864   0.00551337
      3.44419     0.406296   0.00540337
      3.44561     0.406632   0.00543258
      3.44702     0.413347   0.00547471
      3.44844     0.423053   0.00550374
      3.44985     0.427760   0.00564656
      3.45127     0.426112   0.00579625
      3.45268     0.424408   0.00582187
      3.45410     0.425278   0.00550769
      3.45551     0.431706   0.00523355
      3.45693     0.440498   0.00508294
      3.45834     0.443082   0.00508934
      3.45976     0.454935   0.00507820
      3.46117     0.460736   0.00519898
      3.46259     0.462494   0.00540015
      3.46401     0.461796   0.00554170
      3.46542     0.468124   0.00548322
      3.46684     0.479420   0.00530922
      3.46825     0.487819   0.00518280
      3.46967     0.495286   0.00517232
      3.47109     0.503374   0.00522938
      3.47250     0.509565   0.00525726
      3.47392     0.524180   0.00534717
      3.47533     0.531793   0.00541848
      3.47675     0.536161   0.00541397
      3.47817     0.540316   0.00536005
      3.47958     0.547090   0.00533284
      3.48100     0.556723   0.00525223
      3.48242     0.568790   0.00522808
      3.48383     0.578492   0.00522320
      3.48525     0.591635   0.00529200
      3.48667     0.603421   0.00535580
      3.48809     0.610603   0.00537521
      3.48950     0.619059   0.00545284
      3.49092     0.640693   0.00533100
      3.49234     0.659430   0.00528971
      3.49375     0.669348   0.00525334
      3.49517     0.682397   0.00517819
      3.49659     0.700637   0.00521910
      3.49801     0.712375   0.00527722
      3.49942     0.721760   0.00522643
      3.50084     0.726985   0.00524374
      3.50226     0.741884   0.00524010
      3.50368     0.743307   0.00522339
      3.50510     0.751337   0.00513972
      3.50651     0.772164   0.00509770
      3.50793     0.793588   0.00521278
      3.50935     0.801786   0.00511460
      3.51077     0.808650   0.00514822
      3.51219     0.818761   0.00513199
      3.51360     0.831886   0.00511498
      3.51502     0.837226   0.00509747
      3.51644     0.845023   0.00509343
      3.51786     0.856666   0.00509895
      3.51928     0.865557   0.00511605
      3.52070     0.869863   0.00507242
      3.52212     0.874463   0.00505298
      3.52353     0.872756   0.00503230
      3.52495     0.867104   0.00507133
      3.52637     0.856258   0.00509924
      3.52779     0.849861   0.00512109
      3.52921     0.871704   0.00513582
      3.53063     0.882376   0.00521491
      3.53205     0.880710   0.00522396
      3.53347     0.882960   0.00530147
      3.53489     0.885840   0.00532539
      3.53631     0.906256   0.00533126
      3.53773     0.930774   0.00535156
      3.53914     0.956948   0.00539600
      3.54056     0.982318   0.00536583
      3.54198      1.01233   0.00533506
      3.54340      1.04904   0.00526951
      3.54482      1.09302   0.00527041
      3.54624      1.12665   0.00524512
      3.54766      1.15010   0.00516274
      3.54908      1.17500   0.00508236
      3.55050      1.20779   0.00513959
      3.55192      1.25544   0.00518693
      3.55334      1.29923   0.00519611
      3.55476      1.35473   0.00516314
      3.55618      1.37058   0.00515594
      3.55760      1.39898   0.00512124
      3.55902      1.43258   0.00508379
      3.56044      1.46786   0.00505516
      3.56186      1.49438   0.00500555
      3.56328      1.54330   0.00513312
      3.56470      1.57867   0.00522048
      3.56612      1.61976   0.00525462
      3.56755      1.66512   0.00526022
      3.56897      1.70019   0.00525986
      3.57039      1.73326   0.00525940
      3.57181      1.75944   0.00528316
      3.57323      1.76720   0.00530982
      3.57465      1.78117   0.00518248
      3.57607      1.80704   0.00502685
      3.57749      1.84000   0.00497125
      3.57891      1.87059   0.00499714
      3.58033      1.90914   0.00504103
      3.58175      1.95754   0.00504985
      3.58317      2.01036   0.00507011
      3.58460      2.05140   0.00515729
      3.58602      2.08567   0.00510402
      3.58744      2.13202   0.00507833
      3.58886      2.17858   0.00507066
      3.59028      2.20828   0.00509024
      3.59170      2.26896   0.00515685
      3.59312      2.32060   0.00509127
      3.59454      2.33984   0.00504600
      3.59597      2.34897   0.00499860
      3.59739      2.32061   0.00505704
      3.59881      2.39623   0.00510600
      3.60023      2.51506   0.00503288
      3.60165      2.59042   0.00501425
      3.60307      2.63044   0.00509585
      3.60450      2.65969   0.00518173
      3.60592      2.68249   0.00525290
      3.60734      2.72045   0.00518094
      3.60876      2.72056   0.00514019
      3.61018      2.77636   0.00513581
      3.61160      2.79409   0.00513586
      3.61303      2.84384   0.00509085
      3.61445      2.91100   0.00515443
      3.61587      2.94686   0.00513899
      3.61729      2.95823   0.00504834
      3.61871      2.97409   0.00501846
      3.62014      3.03815   0.00503220
      3.62156      3.08874   0.00503089
      3.62298      3.11488   0.00504054
      3.62440      3.10160   0.00511496
      3.62582      3.11831   0.00517284
      3.62725      3.20143   0.00511661
      3.62867      3.29176   0.00514139
      3.63009      3.34723   0.00510445
      3.63151      3.38851   0.00510979
      3.63294      3.46850   0.00511916
      3.63436      3.49544   0.00513346
      3.63578      3.52995   0.00501330
      3.63720      3.55828   0.00501440
      3.63863      3.60132   0.00501593
      3.64005      3.63760   0.00502145
      3.64147      3.72920   0.00502752
      3.64289      3.80193   0.00508364
      3.64432      3.79232   0.00514284
      3.64574      3.76666   0.00516835
      3.64716      3.79680   0.00511399
      3.64858      3.87636   0.00512680
      3.65001      3.89638   0.00503449
      3.65143      3.98235   0.00506508
      3.65285      4.01302   0.00502919
      3.65427      4.07051   0.00501152
      3.65570      4.10788   0.00499720
      3.65712      4.15326   0.00505190
      3.65854      4.19448   0.00498393
      3.65996      4.24559   0.00501489
      3.66139      4.24433   0.00501132
      3.66281      4.26995   0.00508549
      3.66423      4.30074   0.00512799
      3.66565      4.31890   0.00521821
      3.66708      4.34708   0.00527719
      3.66850      4.41925   0.00530500
      3.66992      4.53353   0.00532909
      3.67135      4.58537   0.00552874
      3.67277      4.59708   0.00551255
      3.67419      4.63107   0.00550619
      3.67561      4.69037   0.00541201
      3.67704      4.69459   0.00530854
      3.67846      4.68403   0.00522267
      3.67988      4.74387   0.00517553
      3.68130      4.82679   0.00516461
      3.68273      4.87180   0.00522737
      3.68415      4.87637   0.00516935
      3.68557      4.80333   0.00500563
      3.68700      4.79720   0.00507216
      3.68842      4.84192   0.00506765
      3.68984      5.00311   0.00497074
      3.69126      5.04429   0.00496807
      3.69269      5.07285   0.00497968
      3.69411      5.03359   0.00501570
      3.69553      5.06070   0.00506643
      3.69696      5.20771   0.00505089
      3.69838      5.24752   0.00496718
      3.69980      5.27027   0.00497368
      3.70122      5.36932   0.00502036
      3.70265      5.43493   0.00503787
      3.70407      5.50737   0.00508097
      3.70549      5.58736   0.00517992
      3.70692      5.61403   0.00519900
      3.70834      5.61371   0.00517432
      3.70976      5.64783   0.00520995
      3.71118      5.64698   0.00524475
      3.71261      5.60105   0.00520059
      3.71403      5.61451   0.00520761
      3.71545      5.72028   0.00517199
      3.71687      5.78477   0.00519191
      3.71830      5.78154   0.00516297
      3.71972      5.93026   0.00512122
      3.72114      6.01099   0.00512970
      3.72256      6.07606   0.00513302
      3.72399      6.00579   0.00517689
      3.72541      6.10262   0.00525271
      3.72683      6.19452   0.00526789
      3.72825      6.25534   0.00528885
      3.72968      6.29883   0.00533306
      3.73110      6.40765   0.00534868
      3.73252      6.57413   0.00541376
      3.73394      6.69366   0.00543419
      3.73537      6.88389   0.00553531
      3.73679      7.16562   0.00565967
      3.73821      7.26059   0.00550272
      3.73963      7.35168   0.00551256
      3.74106      7.37159   0.00551474
      3.74248      7.31170   0.00545632
      3.74390      7.15443   0.00529732
      3.74532      7.09172   0.00526327
      3.74674      7.12314   0.00531058
      3.74817      7.11559   0.00531390
      3.74959      7.11107   0.00534608
      3.75101      7.12304   0.00535125
      3.75243      7.11184   0.00528837
      3.75385      7.20710   0.00532782
      3.75528      7.25924   0.00532877
      3.75670      7.21695   0.00529931
      3.75812      7.19745   0.00534032
      3.75954      7.11222   0.00526000
      3.76096      7.12966   0.00537658
      3.76239      7.31707   0.00537028
      3.76381      7.47656   0.00553160
      3.76523      7.42018   0.00536294
      3.76665      7.43060   0.00536444
      3.76807      7.48600   0.00534265
      3.76949      7.48195   0.00536033
      3.77092      7.48464   0.00534467
      3.77234      7.56234   0.00539724
      3.77376      7.59654   0.00537891
      3.77518      7.56491   0.00535081
      3.77660      7.60594   0.00529661
      3.77802      7.69514   0.00532177
      3.77944      7.75039   0.00533063
      3.78086      7.85502   0.00536287
      3.78228      7.88247   0.00537816
      3.78371      7.85590   0.00538942
      3.78513      7.89961   0.00536982
      3.78655      7.97560   0.00539037
      3.78797      8.07267   0.00543647
      3.78939      8.03742   0.00552690
      3.79081      7.94908   0.00554244
      3.79223      7.77485   0.00530291
      3.79365      7.80520   0.00525990
      3.79507      7.80711   0.00521085
      3.79649      7.75667   0.00521649
      3.79791      7.85091   0.00519554
      3.79933      7.98882   0.00525171
      3.80075      8.04679   0.00530702
      3.80217      8.10761   0.00534417
      3.80359      8.23501   0.00542313
      3.80501      8.28887   0.00538281
      3.80643      8.31800   0.00540051
      3.80785      8.45760   0.00551568
      3.80927      8.38552   0.00554859
      3.81069      8.35845   0.00553948
      3.81211      8.41003   0.00557231
      3.81353      8.41446   0.00558835
      3.81495      8.43615   0.00550729
      3.81637      8.43746   0.00550010
      3.81779      8.40560   0.00551646
      3.81921      8.38433   0.00551196
      3.82063      8.47061   0.00544916
      3.82205      8.60157   0.00541109
      3.82347      8.65463   0.00542910
      3.82488      8.69970   0.00544821
      3.82630      8.76519   0.00548660
      3.82772      8.69294   0.00540677
      3.82914      8.78905   0.00540459
      3.83056      8.98650   0.00544225
      3.83198      9.07918   0.00541170
      3.83340      9.02804   0.00548953
      3.83481      9.01606   0.00556707
      3.83623      9.02869   0.00555800
      3.83765      9.06508   0.00554875
      3.83907      9.06510   0.00548932
      3.84049      9.10042   0.00541703
      3.84190      9.15681   0.00551881
      3.84332      9.17716   0.00553663
      3.84474      9.19460   0.00563545
      3.84616      9.30122   0.00563940
      3.84757      9.35236   0.00558958
      3.84899      9.35887   0.00554962
      3.85041      9.37044   0.00561602
      3.85182      9.47480   0.00556462
      3.85324      9.52659   0.00554954
      3.85466      9.52354   0.00564532
      3.85608      9.58286   0.00570212
      3.85749      9.64961   0.00569684
      3.85891      9.72843   0.00582498
      3.86032      9.72520   0.00567162
      3.86174      9.75619   0.00572919
      3.86316      9.78872   0.00570797
      3.86457      9.89321   0.00582406
      3.86599      9.95818   0.00584978
      3.86740      10.0333   0.00594428
      3.86882      10.0444   0.00597829
      3.87024      10.0006   0.00600002
      3.87165      10.0131   0.00606100
      3.87307      10.0836   0.00614244
      3.87448      10.2898   0.00621288
      3.87590      10.2905   0.00625830
      3.87731      10.0149   0.00616686
      3.87873      10.0529   0.00627645
      3.88014      10.2741   0.00635388
      3.88156      10.3141   0.00644915
      3.88297      10.3068   0.00630873
      3.88438      10.3603   0.00631554
      3.88580      10.3771   0.00630687
      3.88721      10.3935   0.00630287
      3.88863      10.4320   0.00628115
      3.89004      10.4664   0.00626975
      3.89145      10.5104   0.00624659
      3.89287      10.5363   0.00634055
      3.89428      10.5811   0.00628142
      3.89569      10.6063   0.00624674
      3.89711      10.6936   0.00619421
      3.89852      10.6602   0.00603805
      3.89993      10.7740   0.00604541
      3.90134      10.8571   0.00596129
      3.90276      10.6808   0.00595747
      3.90417      10.6467   0.00603954
      3.90558      10.7987   0.00617095
      3.90699      10.8421   0.00617089
      3.90841      10.8293   0.00625433
      3.90982      10.7534   0.00629379
      3.91123      10.6989   0.00639853
      3.91264      10.7420   0.00631555
      3.91405      10.8334   0.00633585
      3.91546      10.8632   0.00634581
      3.91687      10.8975   0.00636968
      3.91828      10.9013   0.00636585
      3.91969      10.9049   0.00643723
      3.92110      10.8177   0.00647409
      3.92251      10.8591   0.00649601
      3.92392      10.8938   0.00647948
      3.92533      10.7633   0.00641662
      3.92674      10.7685   0.00639770
      3.92815      10.8648   0.00637964
      3.92956      10.9540   0.00639269
      3.93097      10.9542   0.00632815
      3.93238      10.9610   0.00627358
      3.93379      11.0257   0.00625691
      3.93520      11.0517   0.00623121
      3.93661      11.0621   0.00628896
      3.93801      11.1758   0.00621194
      3.93942      11.3036   0.00622016
      3.94083      11.3940   0.00619461
      3.94224      11.3615   0.00619159
      3.94365      11.3610   0.00614896
      3.94505      11.4899   0.00618088
      3.94646      11.5903   0.00618827
      3.94787      11.6187   0.00615527
      3.94927      11.6071   0.00610450
      3.95068      11.6493   0.00610910
      3.95209      11.7359   0.00616511
      3.95349      11.7305   0.00617953
      3.95490      11.7618   0.00617021
      3.95631      11.7720   0.00616485
      3.95771      11.4709   0.00613427
      3.95912      11.7544   0.00616723
      3.96052      11.9769   0.00615894
      3.96193      12.0482   0.00616750
      3.96333      11.9101   0.00613985
      3.96474      11.9907   0.00617229
      3.96614      12.1557   0.00617822
      3.96754      12.0636   0.00620689
      3.96895      12.3389   0.00615085
      3.97035      12.3554   0.00628094
      3.97176      12.2909   0.00622248
      3.97316      12.2580   0.00614166
      3.97456      12.3661   0.00620277
      3.97597      12.5389   0.00629778
      3.97737      12.6268   0.00646999
      3.97877      12.6396   0.00632847
      3.98017      12.6699   0.00631376
      3.98157      12.7639   0.00639579
      3.98298      12.8073   0.00627179
      3.98438      12.7632   0.00633413
      3.98578      12.9545   0.00636675
      3.98718      12.5808   0.00630174
      3.98858      12.7679   0.00630852
      3.98998      13.0340   0.00633262
      3.99138      12.9911   0.00637748
      3.99278      12.8817   0.00620088
      3.99418      12.9345   0.00624198
      3.99558      13.0914   0.00630998
      3.99698      13.3448   0.00632329
      3.99838      13.5624   0.00597297
      3.99978      13.1082   0.00634912
      4.00118      12.9865   0.00637783
      4.00258      13.3159   0.00648516
      4.00397      13.6123   0.00659200
      4.00537      13.6279   0.00672101
      4.00677      13.7647   0.00675880
      4.00817      13.7519   0.00678773
      4.00956      13.7261   0.00677102
      4.01096      13.6291   0.00685107
      4.01236      13.8491   0.00684923
      4.01376      14.1319   0.00690151
      4.01515      14.1153   0.00697334
      4.01655      13.9394   0.00681755
      4.01794      13.8742   0.00697912
      4.01934      14.4600   0.00705921
      4.02073      14.6855   0.00707762
      4.02213      14.6539   0.00717393
      4.02352      14.8342   0.00739204
      4.02492      14.4609   0.00733638
      4.02631      14.5426   0.00722620
      4.02771      14.7829   0.00723872
      4.02910      14.8522   0.00731680
      4.03049      14.7293   0.00731348
      4.03188      14.7335   0.00736755
      4.03328      14.7800   0.00742212
      4.03467      15.0383   0.00748758
      4.03606      14.9846   0.00763869
      4.03745      14.7694   0.00763593
      4.03885      14.5548   0.00742851
      4.04024      14.4344   0.00740861
      4.04163      14.3375   0.00739735
      4.04302      14.4246   0.00748678
      4.04441      14.8258   0.00761976
      4.04580      15.1585   0.00773165
      4.04719      15.3555   0.00793231
      4.04858      15.8344   0.00803143
      4.04997      16.4170   0.00823853
      4.05136      17.2411   0.00859151
      4.05275      17.7476   0.00880287
      4.05413      17.4962   0.00860334
      4.05552      16.9387   0.00842424
      4.05691      16.4351   0.00826879
      4.05830      15.9400   0.00808608
      4.05968      15.6042   0.00801398
      4.06107      15.6204   0.00798108
      4.06246      15.6800   0.00804097
      4.06384      15.5832   0.00806331
      4.06523      15.5902   0.00809735
      4.06661      15.4485   0.00808476
      4.06800      15.5434   0.00817351
      4.06938      15.5081   0.00816979
      4.07077      15.5385   0.00824727
      4.07215      15.6878   0.00836851
      4.07354      15.7325   0.00841649
      4.07492      15.8135   0.00850383
      4.07630      15.8173   0.00850185
      4.07769      15.5748   0.00870906
      4.07907      15.5414   0.00863269
      4.08045      15.7269   0.00874465
      4.08183      15.6442   0.00871067
      4.08322      15.3459   0.00858983
      4.08460      15.1927   0.00840098
      4.08598      15.2867   0.00838857
      4.08736      15.4073   0.00845245
      4.08874      15.5646   0.00837161
      4.09012      15.8348   0.00857938
      4.09150      16.0410   0.00865995
      4.09288      16.2424   0.00871306
      4.09426      16.3644   0.00884928
      4.09564      16.2878   0.00888895
      4.09701      16.3812   0.00912672
      4.09839      16.9763   0.00946302
      4.09977      17.8913    0.0103442
      4.10115      18.2325    0.0102568
      4.10252      17.9128   0.00997839
      4.10390      17.2286   0.00965491
      4.10528      16.7393   0.00933827
      4.10665      16.7548   0.00934562
      4.10803      16.7801   0.00926935
      4.10940      17.2795   0.00937648
      4.11078      17.3750   0.00944497
      4.11215      17.3471   0.00965799
      4.11352      16.9623   0.00953602
      4.11490      16.6216   0.00951766
      4.11627      16.5645   0.00969767
      4.11764      16.6601   0.00954618
      4.11902      16.8299   0.00978090
      4.12039      17.0896   0.00967436
      4.12176      17.3202   0.00975680
      4.12313      17.5084    0.0102286
      4.12450      17.5664    0.0101256
      4.12587      17.5643    0.0103908
      4.12724      17.4707    0.0104507
      4.12861      17.2903    0.0103281
      4.12998      16.9681    0.0100684
      4.13135      16.8737   0.00996709
      4.13272      17.2394    0.0103103
      4.13408      17.5219    0.0107552
      4.13545      17.4533    0.0104259
      4.13682      17.4670    0.0106953
      4.13819      17.8465    0.0109262
      4.13955      17.8806    0.0111850
      4.14092      17.8565    0.0111213
      4.14228      18.1108    0.0112020
      4.14365      17.7498    0.0112719
      4.14501      17.9820    0.0114388
      4.14638      18.0415    0.0116152
      4.14774      18.1154    0.0119721
      4.14911      18.2139    0.0120722
      4.15047      18.3618    0.0122780
      4.15183      18.3227    0.0124184
      4.15319      17.9758    0.0125588
      4.15456      18.0651    0.0128398
      4.15592      18.2204    0.0130240
      4.15728      18.9379    0.0135646
      4.15864      19.0276    0.0140609
      4.16000      18.4587    0.0135826
      4.16136      18.8058    0.0141289
      4.16272      18.7268    0.0145311
      4.16408      18.8752    0.0148152
      4.16543      19.1219    0.0149772
      4.16679      19.1148    0.0153365
      4.16815      19.1731    0.0156637
      4.16951      19.4616    0.0163615
      4.17086      19.4451    0.0170764
      4.17222      19.3701    0.0176466
      4.17358      19.4470    0.0186794
      4.17493      19.5213    0.0194059
      4.17629      19.3358    0.0198460
      4.17764      19.5351    0.0219297
      4.17899      20.0144    0.0266722
      4.18035      20.2017    0.0337443
      4.18170      19.9952    0.0438854
      4.18305      19.4719    0.0583610
      4.18440      19.3235    0.0876209
      4.18576      19.0185     0.146239
      4.18711      19.3203     0.271933
      4.18846      17.2001     0.539986
      4.18981      15.6580      1.20941
      4.19116      12.6495      3.19922
      4.19251      16.6653      20.3927
      4.19385      9.68023      15.0432
      4.19520      7.32385      8.06201
      4.19655      6.46364      8.90750
      4.19790      8.10460      17.8591
      4.19924     -962.680      224.442
      4.20059     -390.876      39.5743
      4.20194      10.6595      27.2000
      4.20328     -278.379      283140.
      4.20463     -111.849      13.8541
      4.20597     0.867272      122.493
      4.20731     0.188662      2.61984
      4.20866     -8.16072      35.6956
      4.21000      64.5895      126.695
      4.21134      39.5099      43.9520
      4.21268      10.1861      46.9432
      4.21403      31.3289      30.6937
      4.21537      37.3756      35.2212
      4.21671      19.5655      65.7457
      4.21805      7.80262      17.0510
      4.21938      2.07697      25.4569
      4.22072     -4.46691      16.7651
      4.22206     -1.94516      14.1362
      4.22340     -13.1323      16.6047
      4.22474     -4.21204      34.5873
      4.22607      0.00000      26.4649
