SOURCE  = WL 16                         / Source name
STANDARD= BS5812                        / Standard name
OBSDATE = 07-05-2002                    / Date of observation
SPOS    = 16:27:02.2  -24:38:09.1       / Source position RA,DEC,J2000
STPOS   = 15:38:39.2  -29:47:13.6       / Standard position RA,DEC,J2000
STSPT   = B2.5V                         / Standard spectral type
STTEFF  = 19950                         / Standard effective temperature [K]
STMAG   = 4.199                         / Standard magnitude (adopted)
WAVEZP  = 3.45                          / Wavelength zero point [micron]
FLUXZP  = 290                           / Flux zero point [Jy]
SAIRM   = 1.003                         / Source mean airmass
STAIRM  = 1.027                         / Standard mean airmass
AIRMCORR= 1.13                          / Optimal (adopted) airmass correction
SPECRES = ~1200                         / Spectral resolution

Created by K. M. Pontoppidan             Mon May 19 20:39:31 2003

Wavelength [micron] Flux [Jy] Statistical Error [Jy]

      2.81691      0.00000    0.0126741
      2.81837     0.366484   0.00984204
      2.81983     0.395727   0.00719509
      2.82129     0.392236   0.00804017
      2.82274     0.363928   0.00682025
      2.82420     0.404439   0.00401831
      2.82566     0.484863   0.00470092
      2.82711     0.503026    0.0103545
      2.82857     0.519905    0.0333814
      2.83003     0.507418    0.0643788
      2.83148     0.385834    0.0510643
      2.83293     0.257876    0.0434308
      2.83439     0.296041    0.0157758
      2.83584     0.341485   0.00697604
      2.83729     0.354921   0.00664457
      2.83874     0.382918   0.00364882
      2.84019     0.414122   0.00276351
      2.84164     0.447822   0.00406628
      2.84309     0.442068   0.00705095
      2.84454     0.367204    0.0124371
      2.84599     0.368228   0.00722093
      2.84744     0.395982   0.00512415
      2.84889     0.492888   0.00851400
      2.85034     0.529860    0.0236132
      2.85178     0.376903    0.0165100
      2.85323     0.350094   0.00625564
      2.85467     0.373790   0.00390892
      2.85612     0.383624   0.00468940
      2.85756     0.346148   0.00427567
      2.85901     0.353758   0.00276199
      2.86045     0.376200   0.00232494
      2.86189     0.394963   0.00232262
      2.86334     0.399056   0.00300656
      2.86478     0.389934   0.00385141
      2.86622     0.374160   0.00410187
      2.86766     0.394164   0.00400753
      2.86910     0.353600   0.00544152
      2.87054     0.316851   0.00458678
      2.87198     0.352070   0.00213206
      2.87342     0.369132   0.00160013
      2.87486     0.368998   0.00214167
      2.87629     0.343749   0.00228719
      2.87773     0.344049   0.00192874
      2.87917     0.353166   0.00190166
      2.88061     0.357442   0.00192593
      2.88204     0.344016   0.00235141
      2.88348     0.351937   0.00218619
      2.88491     0.377433   0.00222420
      2.88635     0.370030   0.00380148
      2.88778     0.337148   0.00306293
      2.88921     0.324955   0.00208369
      2.89065     0.322559   0.00203507
      2.89208     0.320170   0.00181447
      2.89351     0.321580   0.00140743
      2.89495     0.323110   0.00129284
      2.89638     0.336634   0.00131593
      2.89781     0.364409   0.00202573
      2.89924     0.352076   0.00377313
      2.90067     0.332015   0.00439447
      2.90210     0.339927   0.00277642
      2.90353     0.330195   0.00315009
      2.90496     0.311584   0.00286968
      2.90638     0.302814   0.00216037
      2.90781     0.299773   0.00171616
      2.90924     0.298914   0.00148022
      2.91067     0.309733   0.00143703
      2.91209     0.309882   0.00151177
      2.91352     0.299376   0.00177712
      2.91495     0.306925   0.00170925
      2.91637     0.299420   0.00149340
      2.91780     0.302216   0.00141201
      2.91922     0.314652   0.00144352
      2.92065     0.316902   0.00197117
      2.92207     0.311988   0.00360603
      2.92350     0.263013   0.00550912
      2.92492     0.267856   0.00261114
      2.92634     0.282980   0.00132596
      2.92776     0.288100   0.00114755
      2.92919     0.280911   0.00132101
      2.93061     0.276493   0.00131213
      2.93203     0.279266   0.00122567
      2.93345     0.277136   0.00124357
      2.93487     0.277431   0.00124237
      2.93629     0.278437   0.00124173
      2.93771     0.278902   0.00150413
      2.93913     0.272017   0.00184027
      2.94055     0.269830   0.00168810
      2.94197     0.271613   0.00155019
      2.94339     0.266419   0.00195160
      2.94481     0.269233   0.00208026
      2.94623     0.271389   0.00169278
      2.94764     0.261499   0.00213344
      2.94906     0.253597   0.00184542
      2.95048     0.255702   0.00128731
      2.95189     0.260974   0.00120487
      2.95331     0.266188   0.00154555
      2.95473     0.258408   0.00204788
      2.95614     0.248653   0.00187341
      2.95756     0.251757   0.00163227
      2.95897     0.259915   0.00126944
      2.96039     0.259018   0.00141718
      2.96180     0.252411   0.00127665
      2.96322     0.253319   0.00135226
      2.96463     0.249308   0.00137407
      2.96604     0.253134   0.00114865
      2.96746     0.259165   0.00138708
      2.96887     0.262556   0.00179082
      2.97028     0.263475   0.00227375
      2.97170     0.262381   0.00366960
      2.97311     0.253155   0.00329062
      2.97452     0.238639   0.00266293
      2.97593     0.236339   0.00247873
      2.97734     0.234450   0.00190516
      2.97875     0.246630   0.00147981
      2.98016     0.241338   0.00198506
      2.98158     0.233420   0.00192237
      2.98299     0.233466   0.00147088
      2.98440     0.235146   0.00129957
      2.98581     0.237740   0.00115824
      2.98721     0.241977   0.00120627
      2.98862     0.237492   0.00115761
      2.99003     0.240567  0.000956181
      2.99144     0.243672  0.000967498
      2.99285     0.243402   0.00115135
      2.99426     0.237510   0.00120378
      2.99567     0.242827   0.00124224
      2.99707     0.237828   0.00147083
      2.99848     0.234895   0.00156662
      2.99989     0.235166   0.00138569
      3.00130     0.244403   0.00115788
      3.00270     0.241523   0.00103800
      3.00411     0.241832   0.00119615
      3.00552     0.243304   0.00142989
      3.00692     0.231494   0.00186538
      3.00833     0.235871   0.00166686
      3.00973     0.231495   0.00152226
      3.01114     0.238362   0.00126668
      3.01254     0.239405   0.00103322
      3.01395     0.231826   0.00102612
      3.01535     0.229789   0.00120227
      3.01676     0.238550   0.00110440
      3.01816     0.239265   0.00139826
      3.01957     0.228272   0.00173361
      3.02097     0.237008   0.00172150
      3.02238     0.225697   0.00211174
      3.02378     0.220209   0.00220194
      3.02518     0.236395   0.00126719
      3.02659     0.236999   0.00116843
      3.02799     0.234922   0.00112603
      3.02939     0.238588   0.00118314
      3.03080     0.241198   0.00125095
      3.03220     0.234788   0.00133356
      3.03360     0.230335   0.00154662
      3.03500     0.242907   0.00155649
      3.03640     0.248661   0.00159435
      3.03781     0.249296   0.00213472
      3.03921     0.278721   0.00221500
      3.04061     0.282073   0.00167161
      3.04201     0.263418   0.00158388
      3.04341     0.253457   0.00119176
      3.04481     0.246955   0.00131425
      3.04621     0.236575   0.00138894
      3.04761     0.240526   0.00148617
      3.04902     0.241026   0.00150273
      3.05042     0.241787   0.00161835
      3.05182     0.241189   0.00173398
      3.05322     0.233866   0.00216332
      3.05462     0.231921   0.00243944
      3.05602     0.218741   0.00251910
      3.05742     0.215012   0.00186597
      3.05882     0.223804   0.00135412
      3.06021     0.230358   0.00106274
      3.06161     0.234986   0.00109684
      3.06301     0.234053   0.00125658
      3.06441     0.227547   0.00123218
      3.06581     0.234323   0.00121489
      3.06721     0.233084   0.00139460
      3.06861     0.238270   0.00133049
      3.07001     0.229663   0.00141501
      3.07141     0.234238   0.00162728
      3.07280     0.234209   0.00165349
      3.07420     0.229672   0.00160419
      3.07560     0.232746   0.00117800
      3.07700     0.235196  0.000935959
      3.07840     0.236084  0.000993236
      3.07979     0.245029   0.00104385
      3.08119     0.248904   0.00146453
      3.08259     0.244955   0.00194745
      3.08399     0.242729   0.00156262
      3.08538     0.245435   0.00132875
      3.08678     0.243999   0.00124111
      3.08818     0.249146   0.00130756
      3.08958     0.246575   0.00123620
      3.09097     0.255090   0.00135480
      3.09237     0.255787   0.00122621
      3.09377     0.252210   0.00150763
      3.09516     0.250534   0.00155669
      3.09656     0.248694   0.00170948
      3.09796     0.265319   0.00158781
      3.09935     0.272536   0.00147861
      3.10075     0.272273   0.00134890
      3.10215     0.265308   0.00109080
      3.10354     0.256472   0.00122841
      3.10494     0.254612   0.00159545
      3.10633     0.254765   0.00211894
      3.10773     0.263343   0.00162298
      3.10913     0.258771   0.00141158
      3.11052     0.253178   0.00158212
      3.11192     0.247537   0.00176804
      3.11331     0.260511   0.00149009
      3.11471     0.263256   0.00138074
      3.11611     0.254231   0.00157757
      3.11750     0.261750   0.00126968
      3.11890     0.264653  0.000958222
      3.12029     0.263775  0.000902584
      3.12169     0.263704  0.000950771
      3.12308     0.264526   0.00103113
      3.12448     0.266995   0.00104793
      3.12588     0.268059   0.00143179
      3.12727     0.260300   0.00193930
      3.12867     0.258365   0.00209031
      3.13006     0.280361   0.00147442
      3.13146     0.288940   0.00110266
      3.13285     0.281308  0.000913228
      3.13425     0.278706  0.000889316
      3.13564     0.284028  0.000883623
      3.13704     0.287827  0.000838040
      3.13843     0.286393   0.00100871
      3.13983     0.269750   0.00135301
      3.14122     0.281433   0.00139333
      3.14262     0.292367   0.00106816
      3.14401     0.290254   0.00103793
      3.14541     0.285059   0.00113649
      3.14680     0.277677   0.00161680
      3.14820     0.302042   0.00148702
      3.14959     0.295048   0.00109522
      3.15099     0.294461  0.000996322
      3.15238     0.300787  0.000918486
      3.15378     0.298348  0.000986212
      3.15517     0.296600   0.00104696
      3.15657     0.299547   0.00117831
      3.15796     0.301267   0.00110354
      3.15936     0.304135  0.000946772
      3.16075     0.299740  0.000974813
      3.16215     0.298424  0.000911961
      3.16354     0.302591  0.000871265
      3.16494     0.309317  0.000935022
      3.16633     0.307626  0.000950426
      3.16773     0.309390  0.000856153
      3.16912     0.315035  0.000884453
      3.17052     0.316255  0.000890075
      3.17191     0.314980  0.000903711
      3.17331     0.318379   0.00104803
      3.17470     0.320035  0.000989603
      3.17610     0.325912  0.000958597
      3.17749     0.334287  0.000916616
      3.17889     0.338760  0.000895068
      3.18028     0.339747  0.000867898
      3.18168     0.337622   0.00103379
      3.18307     0.340998   0.00116327
      3.18447     0.336034   0.00113352
      3.18586     0.337676   0.00108598
      3.18726     0.336262  0.000886109
      3.18865     0.339573  0.000949093
      3.19005     0.344248   0.00120340
      3.19144     0.334687   0.00174415
      3.19284     0.348363   0.00192716
      3.19423     0.354440   0.00140749
      3.19563     0.358726   0.00105923
      3.19702     0.348877   0.00134575
      3.19842     0.356614   0.00212505
      3.19981     0.371770   0.00200274
      3.20121     0.361739   0.00206569
      3.20261     0.360851   0.00225600
      3.20400     0.369761   0.00196704
      3.20540     0.358134   0.00199728
      3.20679     0.367565   0.00261195
      3.20819     0.361454   0.00247723
      3.20958     0.358093   0.00319950
      3.21098     0.354716   0.00357410
      3.21238     0.371213   0.00255123
      3.21377     0.367946   0.00192530
      3.21517     0.373047   0.00178252
      3.21656     0.368702   0.00187534
      3.21796     0.382680   0.00149419
      3.21936     0.394003   0.00150374
      3.22075     0.398089   0.00184943
      3.22215     0.397282   0.00291632
      3.22355     0.373745   0.00348902
      3.22494     0.389742   0.00311748
      3.22634     0.411605   0.00182977
      3.22773     0.415866   0.00171970
      3.22913     0.415842   0.00281833
      3.23053     0.416380   0.00330694
      3.23192     0.417274   0.00176828
      3.23332     0.410033   0.00100296
      3.23472     0.411804  0.000956712
      3.23612     0.425674   0.00102485
      3.23751     0.421917   0.00114217
      3.23891     0.414917   0.00157379
      3.24031     0.425280   0.00165949
      3.24170     0.427091   0.00126989
      3.24310     0.422260   0.00169754
      3.24450     0.426877   0.00233919
      3.24590     0.428874   0.00241560
      3.24729     0.428972   0.00251009
      3.24869     0.429106   0.00230136
      3.25009     0.433317   0.00164901
      3.25149     0.428719   0.00104690
      3.25288     0.430421  0.000957945
      3.25428     0.433807  0.000931576
      3.25568     0.436140  0.000984724
      3.25708     0.448659   0.00113558
      3.25848     0.462578   0.00175549
      3.25988     0.461639   0.00272156
      3.26127     0.438681   0.00234423
      3.26267     0.444253   0.00172793
      3.26407     0.455895   0.00113399
      3.26547     0.467443   0.00120344
      3.26687     0.484151   0.00139929
      3.26827     0.513487   0.00187034
      3.26967     0.487019   0.00255486
      3.27106     0.468397   0.00234115
      3.27246     0.483784   0.00138370
      3.27386     0.494140  0.000975346
      3.27526     0.503852  0.000980120
      3.27666     0.528381   0.00109815
      3.27806     0.526647   0.00144259
      3.27946     0.523132   0.00174906
      3.28086     0.538444   0.00113332
      3.28226     0.542389  0.000966902
      3.28366     0.544916  0.000903386
      3.28506     0.552769  0.000882639
      3.28646     0.559714  0.000888080
      3.28786     0.571697  0.000874020
      3.28926     0.576710   0.00102303
      3.29066     0.600831   0.00121096
      3.29206     0.617526   0.00128345
      3.29346     0.641272   0.00185305
      3.29486     0.735412   0.00194755
      3.29627     0.748420   0.00240356
      3.29767     0.686473   0.00297755
      3.29907     0.617241   0.00225121
      3.30047     0.587639   0.00146064
      3.30187     0.574880   0.00114074
      3.30327     0.555689   0.00139421
      3.30467     0.554289   0.00135585
      3.30608     0.552765   0.00117983
      3.30748     0.554853   0.00125325
      3.30888     0.570306   0.00138683
      3.31028     0.576881   0.00154694
      3.31168     0.635261   0.00283352
      3.31309     0.816231   0.00975564
      3.31449     0.843834    0.0321480
      3.31589     0.755851    0.0188220
      3.31729     0.636134    0.0110012
      3.31870     0.584193   0.00575015
      3.32010     0.561738   0.00369001
      3.32150     0.553762   0.00235959
      3.32291     0.545323   0.00168726
      3.32431     0.532763   0.00131449
      3.32571     0.520202   0.00137469
      3.32712     0.505721   0.00159680
      3.32852     0.503833   0.00129078
      3.32992     0.505231  0.000936014
      3.33133     0.503792  0.000916880
      3.33273     0.506323   0.00105565
      3.33414     0.518917  0.000987179
      3.33554     0.530388  0.000965192
      3.33694     0.534331   0.00108828
      3.33835     0.526678   0.00138523
      3.33975     0.524055   0.00120782
      3.34116     0.523417   0.00122410
      3.34256     0.535104   0.00110364
      3.34397     0.522673   0.00128079
      3.34537     0.511107   0.00157712
      3.34678     0.516166   0.00131402
      3.34819     0.514971   0.00101660
      3.34959     0.503829  0.000980316
      3.35100     0.509761  0.000955119
      3.35240     0.518559   0.00110216
      3.35381     0.522798   0.00129770
      3.35522     0.512788   0.00171931
      3.35662     0.518359   0.00187955
      3.35803     0.536033   0.00129546
      3.35943     0.516302  0.000955357
      3.36084     0.501499   0.00123038
      3.36225     0.505902   0.00118470
      3.36366     0.527185   0.00106850
      3.36506     0.532439   0.00107367
      3.36647     0.516893   0.00133110
      3.36788     0.533624   0.00153354
      3.36928     0.530099   0.00124084
      3.37069     0.525672   0.00114923
      3.37210     0.527961   0.00102628
      3.37351     0.517627  0.000928600
      3.37492     0.520200   0.00103234
      3.37632     0.533428   0.00106654
      3.37773     0.531822   0.00135650
      3.37914     0.543507   0.00170480
      3.38055     0.547988   0.00151140
      3.38196     0.534942   0.00118639
      3.38337     0.522989   0.00101733
      3.38478     0.525561   0.00123779
      3.38619     0.525517  0.000995786
      3.38760     0.536519  0.000900838
      3.38901     0.541907   0.00107655
      3.39042     0.552460   0.00159074
      3.39183     0.565550   0.00160255
      3.39324     0.561978   0.00120053
      3.39465     0.561545   0.00103295
      3.39606     0.562781  0.000947318
      3.39747     0.562858  0.000984752
      3.39888     0.559784  0.000938187
      3.40029     0.558754   0.00104939
      3.40170     0.558986   0.00142204
      3.40311     0.565236   0.00189069
      3.40452     0.546421   0.00141523
      3.40593     0.539039   0.00133047
      3.40734     0.540990   0.00131086
      3.40876     0.540276   0.00122782
      3.41017     0.541582   0.00111131
      3.41158     0.549473   0.00101608
      3.41299     0.557681   0.00118855
      3.41440     0.573832   0.00159520
      3.41582     0.575574   0.00150152
      3.41723     0.559767   0.00114270
      3.41864     0.550054   0.00103430
      3.42005     0.546967  0.000958079
      3.42147     0.549731   0.00104909
      3.42288     0.557097   0.00112292
      3.42429     0.567111   0.00116030
      3.42571     0.574208   0.00121115
      3.42712     0.568839   0.00164308
      3.42853     0.564585   0.00139041
      3.42995     0.556697  0.000897229
      3.43136     0.548852  0.000966283
      3.43278     0.544669  0.000940604
      3.43419     0.552053   0.00105678
      3.43560     0.554280   0.00107911
      3.43702     0.560937  0.000957056
      3.43843     0.561492   0.00108781
      3.43985     0.556281   0.00128536
      3.44126     0.560430   0.00113622
      3.44268     0.558027  0.000998948
      3.44409     0.550637  0.000899208
      3.44551     0.556651  0.000882728
      3.44693     0.556478  0.000957942
      3.44834     0.564065  0.000972969
      3.44976     0.568060  0.000923810
      3.45117     0.568978   0.00110845
      3.45259     0.574567   0.00122976
      3.45401     0.576988   0.00116689
      3.45542     0.578164  0.000959010
      3.45684     0.583632  0.000889997
      3.45826     0.580176  0.000865620
      3.45967     0.575792  0.000836194
      3.46109     0.578915  0.000922931
      3.46251     0.567884  0.000936081
      3.46392     0.567144   0.00107078
      3.46534     0.575981   0.00112402
      3.46676     0.573039  0.000998539
      3.46818     0.559231  0.000882709
      3.46959     0.558088  0.000901280
      3.47101     0.560648  0.000902013
      3.47243     0.564520  0.000883529
      3.47385     0.566990  0.000971487
      3.47527     0.575463  0.000899707
      3.47669     0.574258  0.000906300
      3.47810     0.571269  0.000915086
      3.47952     0.570132  0.000917435
      3.48094     0.570103  0.000826658
      3.48236     0.580514  0.000902675
      3.48378     0.581248  0.000877803
      3.48520     0.576654  0.000946453
      3.48662     0.565089  0.000942400
      3.48804     0.574619  0.000904728
      3.48946     0.577513  0.000965086
      3.49088     0.579021  0.000982053
      3.49230     0.586027  0.000940521
      3.49372     0.575593  0.000927862
      3.49514     0.564988  0.000878550
      3.49656     0.573234  0.000818557
      3.49798     0.569137  0.000933595
      3.49940     0.579347  0.000868078
      3.50082     0.585270  0.000943054
      3.50225     0.570658   0.00101723
      3.50367     0.568576  0.000906209
      3.50509     0.579260  0.000939038
      3.50651     0.580046  0.000899486
      3.50793     0.577106  0.000822875
      3.50935     0.584638  0.000818943
      3.51077     0.590095  0.000889364
      3.51220     0.591691  0.000912962
      3.51362     0.582262  0.000911290
      3.51504     0.579782  0.000748343
      3.51646     0.586001  0.000820498
      3.51789     0.592338  0.000805239
      3.51931     0.598327  0.000852093
      3.52073     0.604241  0.000798485
      3.52216     0.606858  0.000926786
      3.52358     0.607243  0.000850355
      3.52500     0.601985  0.000830660
      3.52642     0.595582  0.000871222
      3.52785     0.592846  0.000847265
      3.52927     0.593463  0.000887850
      3.53070     0.592395  0.000904211
      3.53212     0.586160  0.000894193
      3.53354     0.580822  0.000954150
      3.53497     0.584415  0.000919082
      3.53639     0.586469  0.000964633
      3.53782     0.594946  0.000933036
      3.53924     0.598242  0.000929769
      3.54067     0.598037  0.000965383
      3.54209     0.601643  0.000933922
      3.54351     0.618161   0.00102490
      3.54494     0.621057  0.000918208
      3.54636     0.608697  0.000844427
      3.54779     0.595937  0.000854720
      3.54922     0.597214  0.000904735
      3.55064     0.595846  0.000830658
      3.55207     0.593348  0.000894223
      3.55349     0.590732  0.000808391
      3.55492     0.595887  0.000870590
      3.55634     0.599873  0.000794343
      3.55777     0.596479  0.000847609
      3.55920     0.594187  0.000824269
      3.56062     0.595606  0.000871264
      3.56205     0.595611  0.000890930
      3.56347     0.595953   0.00100888
      3.56490     0.592348  0.000917928
      3.56633     0.594799  0.000913344
      3.56775     0.597633  0.000924867
      3.56918     0.602906  0.000973927
      3.57061     0.613344  0.000849329
      3.57204     0.617371  0.000959250
      3.57346     0.620613  0.000922789
      3.57489     0.624308  0.000952328
      3.57632     0.624356  0.000949911
      3.57774     0.611820  0.000896223
      3.57917     0.607551  0.000988186
      3.58060     0.604502  0.000911086
      3.58203     0.599280  0.000975686
      3.58346     0.593997  0.000886601
      3.58488     0.603794  0.000912279
      3.58631     0.604212  0.000905931
      3.58774     0.608043  0.000984087
      3.58917     0.617161   0.00100251
      3.59060     0.619813  0.000872996
      3.59202     0.618078  0.000842304
      3.59345     0.617301  0.000900318
      3.59488     0.608132  0.000881032
      3.59631     0.607606  0.000848536
      3.59774     0.606452  0.000868990
      3.59917     0.610411  0.000849796
      3.60060     0.608087  0.000819835
      3.60203     0.609965  0.000890427
      3.60346     0.613264  0.000841519
      3.60488     0.614309  0.000785620
      3.60631     0.614402  0.000892780
      3.60774     0.616520  0.000892061
      3.60917     0.614034  0.000894843
      3.61060     0.613290  0.000934972
      3.61203     0.608085  0.000825265
      3.61346     0.598646  0.000875423
      3.61489     0.595912  0.000850888
      3.61632     0.608359  0.000916814
      3.61775     0.609943  0.000965230
      3.61918     0.608305  0.000932665
      3.62061     0.605133  0.000827974
      3.62204     0.604650  0.000849741
      3.62347     0.606725  0.000828373
      3.62490     0.613308  0.000855595
      3.62633     0.614093  0.000915402
      3.62776     0.604693  0.000990534
      3.62919     0.609063   0.00100434
      3.63062     0.605208  0.000902802
      3.63205     0.596699  0.000959535
      3.63348     0.603290  0.000996384
      3.63492     0.611612  0.000837268
      3.63635     0.619498  0.000920963
      3.63778     0.628624  0.000841175
      3.63921     0.634305  0.000907294
      3.64064     0.637504  0.000839568
      3.64207     0.630693  0.000851374
      3.64350     0.628076  0.000789655
      3.64493     0.623916  0.000778630
      3.64636     0.619648  0.000837094
      3.64779     0.626873  0.000882481
      3.64923     0.635396  0.000860620
      3.65066     0.628497  0.000838516
      3.65209     0.630531  0.000855232
      3.65352     0.627778  0.000809211
      3.65495     0.618955  0.000883590
      3.65638     0.616429  0.000947068
      3.65781     0.620384  0.000946192
      3.65925     0.621530  0.000901950
      3.66068     0.629807  0.000957261
      3.66211     0.636022  0.000946305
      3.66354     0.636549  0.000838313
      3.66497     0.633747  0.000930431
      3.66640     0.632149  0.000889766
      3.66784     0.621516  0.000959108
      3.66927     0.614153  0.000979314
      3.67070     0.613268  0.000964381
      3.67213     0.616218  0.000883886
      3.67356     0.617702  0.000831566
      3.67499     0.615300  0.000968179
      3.67643     0.609138  0.000910292
      3.67786     0.590956  0.000858825
      3.67929     0.615773  0.000877257
      3.68072     0.622909  0.000982933
      3.68215     0.624589  0.000865215
      3.68359     0.625703  0.000888759
      3.68502     0.623725  0.000888670
      3.68645     0.619991  0.000840302
      3.68788     0.620529  0.000866815
      3.68931     0.628712  0.000808979
      3.69075     0.631544  0.000853903
      3.69218     0.627166  0.000916456
      3.69361     0.625156  0.000915912
      3.69504     0.639470  0.000861078
      3.69647     0.644078  0.000928858
      3.69791     0.633523  0.000995708
      3.69934     0.631850  0.000880448
      3.70077     0.633513  0.000832108
      3.70220     0.633282  0.000883570
      3.70363     0.633917  0.000853811
      3.70507     0.640114  0.000852618
      3.70650     0.654706  0.000942744
      3.70793     0.659312  0.000896640
      3.70936     0.661285  0.000942548
      3.71079     0.636190  0.000855993
      3.71223     0.626284  0.000990206
      3.71366     0.631011  0.000909396
      3.71509     0.640017  0.000916969
      3.71652     0.620730  0.000992987
      3.71795     0.625656  0.000886056
      3.71939     0.630292  0.000891283
      3.72082     0.635184   0.00102081
      3.72225     0.642049  0.000781266
      3.72368     0.630244  0.000927630
      3.72511     0.629482  0.000894764
      3.72654     0.624985  0.000934487
      3.72798     0.627696  0.000899910
      3.72941     0.622920  0.000840321
      3.73084     0.633585   0.00100322
      3.73227     0.644486  0.000945508
      3.73370     0.652617  0.000893898
      3.73513     0.669193  0.000889156
      3.73656     0.703284  0.000879889
      3.73800     0.751005  0.000972945
      3.73943     0.839978  0.000887441
      3.74086     0.914800  0.000944133
      3.74229     0.874466  0.000883788
      3.74372     0.772083  0.000876436
      3.74515     0.700368  0.000896076
      3.74658     0.675091  0.000887477
      3.74801     0.678217  0.000904779
      3.74944     0.674349  0.000932888
      3.75088     0.656655  0.000951162
      3.75231     0.646578  0.000896965
      3.75374     0.640631  0.000880235
      3.75517     0.642201  0.000911625
      3.75660     0.636934  0.000942674
      3.75803     0.635073  0.000947338
      3.75946     0.630689  0.000923065
      3.76089     0.631818  0.000949520
      3.76232     0.639486  0.000974512
      3.76375     0.644273  0.000946626
      3.76518     0.640463  0.000930767
      3.76661     0.639120  0.000844874
      3.76804     0.639261  0.000967413
      3.76947     0.642667  0.000944815
      3.77090     0.640440  0.000853668
      3.77233     0.638809  0.000941294
      3.77376     0.639843  0.000945302
      3.77519     0.657883  0.000939777
      3.77662     0.644996   0.00104027
      3.77805     0.645532  0.000971573
      3.77948     0.647469  0.000930236
      3.78090     0.656069  0.000926175
      3.78233     0.652474  0.000916806
      3.78376     0.646557   0.00106291
      3.78519     0.644916   0.00102801
      3.78662     0.645134  0.000910036
      3.78805     0.639267   0.00103341
      3.78948     0.634057   0.00109116
      3.79090     0.629650   0.00107141
      3.79233     0.637911   0.00107151
      3.79376     0.656318   0.00109959
      3.79519     0.641430   0.00100435
      3.79662     0.639055   0.00112642
      3.79804     0.648248   0.00111769
      3.79947     0.644613   0.00109152
      3.80090     0.646017  0.000986170
      3.80233     0.641711  0.000983535
      3.80375     0.642795  0.000939942
      3.80518     0.645672  0.000937936
      3.80661     0.644704  0.000929840
      3.80803     0.643507  0.000897663
      3.80946     0.636992   0.00104222
      3.81089     0.646399   0.00112545
      3.81231     0.649094   0.00109942
      3.81374     0.647663   0.00114335
      3.81516     0.660128   0.00103459
      3.81659     0.667981   0.00103100
      3.81802     0.685194   0.00107836
      3.81944     0.681130   0.00112268
      3.82087     0.675674   0.00107524
      3.82229     0.654401   0.00103697
      3.82372     0.644035   0.00118326
      3.82514     0.641750   0.00105156
      3.82657     0.645934   0.00108476
      3.82799     0.650561   0.00109836
      3.82941     0.665512   0.00107549
      3.83084     0.664514   0.00120977
      3.83226     0.657776   0.00113404
      3.83369     0.666153   0.00115406
      3.83511     0.665632   0.00116071
      3.83653     0.656358   0.00106938
      3.83795     0.651860   0.00115370
      3.83938     0.652370   0.00110207
      3.84080     0.644425   0.00107860
      3.84222     0.646580   0.00106811
      3.84365     0.643333   0.00114878
      3.84507     0.651924  0.000998668
      3.84649     0.654753   0.00107443
      3.84791     0.654438   0.00113571
      3.84933     0.659191   0.00116963
      3.85075     0.658341   0.00118257
      3.85217     0.660327   0.00117314
      3.85360     0.670764   0.00109578
      3.85502     0.659960   0.00113079
      3.85644     0.650837   0.00107172
      3.85786     0.649937   0.00103467
      3.85928     0.645752   0.00119174
      3.86070     0.645456   0.00130718
      3.86212     0.658104   0.00119864
      3.86353     0.676441   0.00124204
      3.86495     0.678240   0.00118936
      3.86637     0.681872   0.00122947
      3.86779     0.683883   0.00129302
      3.86921     0.684762   0.00127640
      3.87063     0.676801   0.00138401
      3.87204     0.667624   0.00129557
      3.87346     0.671784   0.00126281
      3.87488     0.665149   0.00126259
      3.87630     0.653670   0.00122442
      3.87771     0.646297   0.00134878
      3.87913     0.662062   0.00114300
      3.88055     0.674658   0.00128365
      3.88196     0.669763   0.00137227
      3.88338     0.669114   0.00129215
      3.88479     0.673242   0.00126169
      3.88621     0.669060   0.00135635
      3.88762     0.676382   0.00126449
      3.88904     0.676998   0.00129390
      3.89045     0.672472   0.00135116
      3.89186     0.672537   0.00135818
      3.89328     0.674965   0.00137240
      3.89469     0.669914   0.00112745
      3.89610     0.665386   0.00120448
      3.89752     0.664401   0.00117695
      3.89893     0.666939   0.00121771
      3.90034     0.672268   0.00133193
      3.90175     0.675216   0.00134046
      3.90316     0.693699   0.00126220
      3.90458     0.707138   0.00136823
      3.90599     0.716079   0.00136807
      3.90740     0.714731   0.00137125
      3.90881     0.699750   0.00139330
      3.91022     0.681736   0.00133352
      3.91163     0.682398   0.00137219
      3.91304     0.676241   0.00140787
      3.91445     0.670614   0.00128288
      3.91585     0.664961   0.00147965
      3.91726     0.654185   0.00122945
      3.91867     0.670523   0.00118506
      3.92008     0.665009   0.00129478
      3.92148     0.656163   0.00122297
      3.92289     0.664757   0.00141070
      3.92430     0.650490   0.00115362
      3.92570     0.652671   0.00127240
      3.92711     0.652015   0.00136408
      3.92852     0.658075   0.00124113
      3.92992     0.665460   0.00117416
      3.93132     0.659497   0.00112983
      3.93273     0.667740   0.00127667
      3.93413     0.663223   0.00125421
      3.93554     0.655780   0.00118611
      3.93694     0.652072   0.00119293
      3.93834     0.647952   0.00124610
      3.93975     0.643083   0.00113926
      3.94115     0.640294   0.00102119
      3.94255     0.641461   0.00127394
      3.94395     0.651901   0.00123656
      3.94535     0.639269   0.00108592
      3.94675     0.640619   0.00107266
      3.94815     0.649763   0.00133755
      3.94955     0.655671   0.00140132
      3.95095     0.650114   0.00102745
      3.95235     0.641131   0.00105710
      3.95375     0.634554   0.00114537
      3.95515     0.637319   0.00116176
      3.95654     0.650700   0.00110940
      3.95794     0.634896   0.00123887
      3.95934     0.635596   0.00124278
      3.96073     0.646973   0.00114090
      3.96213     0.649379   0.00113745
      3.96352     0.646637   0.00104306
      3.96492     0.655665   0.00105673
      3.96631     0.659616   0.00113117
      3.96771     0.660827   0.00118142
      3.96910     0.652386   0.00115191
      3.97050     0.654584   0.00118746
      3.97189     0.658089   0.00108114
      3.97328     0.660350   0.00104377
      3.97467     0.659313   0.00108154
      3.97606     0.675695   0.00118329
      3.97745     0.675116   0.00113605
      3.97885     0.680622   0.00126278
      3.98024     0.682734   0.00113120
      3.98162     0.686373   0.00108725
      3.98301     0.679678   0.00101126
      3.98440     0.672233   0.00110076
      3.98579     0.674855   0.00114362
      3.98718     0.681475   0.00111713
      3.98856     0.676052   0.00126958
      3.98995     0.676216   0.00112429
      3.99134     0.676518   0.00109598
      3.99272     0.679810   0.00116696
      3.99411     0.680464   0.00111912
      3.99549     0.688183   0.00124332
      3.99688     0.682342   0.00123932
      3.99826     0.671112   0.00113708
      3.99964     0.678843   0.00130130
      4.00103     0.672571   0.00133191
      4.00241     0.671516   0.00117389
      4.00379     0.672013   0.00139653
      4.00517     0.685658   0.00135339
      4.00655     0.684961   0.00141181
      4.00793     0.685335   0.00135275
      4.00931     0.697255   0.00124146
      4.01069     0.681691   0.00124263
      4.01207     0.673096   0.00118950
      4.01344     0.675820   0.00135025
      4.01482     0.679555   0.00121994
      4.01620     0.698638   0.00133362
      4.01757     0.709423   0.00135104
      4.01895     0.733834   0.00152083
      4.02032     0.740490   0.00131710
      4.02170     0.746561   0.00130149
      4.02307     0.733849   0.00147989
      4.02444     0.717959   0.00129546
      4.02582     0.704322   0.00149393
      4.02719     0.692707   0.00130375
      4.02856     0.688119   0.00138608
      4.02993     0.692525   0.00157265
      4.03130     0.694118   0.00143247
      4.03267     0.694961   0.00137419
      4.03404     0.690111   0.00144156
      4.03541     0.704751   0.00142136
      4.03678     0.699823   0.00145643
      4.03814     0.707255   0.00166310
      4.03951     0.718464   0.00155962
      4.04087     0.718797   0.00154621
      4.04224     0.724777   0.00163580
      4.04360     0.730823   0.00156137
      4.04497     0.739532   0.00140590
      4.04633     0.765174   0.00182804
      4.04769     0.809645   0.00159693
      4.04906     0.915029   0.00145953
      4.05042      1.22078   0.00166299
      4.05178      1.64637   0.00165384
      4.05314      1.78741   0.00177961
      4.05450      1.43651   0.00170079
      4.05586      1.03775   0.00161562
      4.05722     0.823889   0.00145653
      4.05857     0.761815   0.00168008
      4.05993     0.738883   0.00132610
      4.06129     0.732132   0.00152432
      4.06264     0.737456   0.00137765
      4.06400     0.728772   0.00152182
      4.06535     0.709176   0.00150517
      4.06670     0.705652   0.00153933
      4.06806     0.713567   0.00148067
      4.06941     0.704366   0.00176473
      4.07076     0.703514   0.00152662
      4.07211     0.695368   0.00148983
      4.07346     0.715812   0.00155860
      4.07481     0.723017   0.00176784
      4.07616     0.730463   0.00157518
      4.07750     0.717827   0.00165450
      4.07885     0.711701   0.00177213
      4.08020     0.704823   0.00193739
      4.08154     0.713056   0.00158218
      4.08289     0.716415   0.00148159
      4.08423     0.717389   0.00166342
      4.08558     0.718482   0.00169899
      4.08692     0.726652   0.00166432
      4.08826     0.722652   0.00188233
      4.08960     0.723681   0.00152548
      4.09094     0.722682   0.00175233
      4.09228     0.710270   0.00162113
      4.09362     0.704943   0.00183326
      4.09496     0.716356   0.00163053
      4.09629     0.717308   0.00185107
      4.09763     0.715089   0.00155267
      4.09897     0.715405   0.00172633
      4.10030     0.703013   0.00171001
      4.10164     0.710497   0.00150190
      4.10297     0.708663   0.00161886
      4.10430     0.710226   0.00194138
      4.10563     0.723969   0.00210861
      4.10696     0.710545   0.00192293
      4.10829     0.708460   0.00168286
      4.10962     0.719720   0.00167299
      4.11095     0.713678   0.00180155
      4.11228     0.708903   0.00197285
      4.11361     0.719615   0.00179809
      4.11493     0.723260   0.00180401
      4.11626     0.723376   0.00183634
      4.11758     0.707005   0.00176550
      4.11890     0.715075   0.00191951
      4.12023     0.735283   0.00197672
      4.12155     0.724979   0.00207458
      4.12287     0.704959   0.00191299
      4.12419     0.710854   0.00170647
      4.12551     0.720596   0.00194945
      4.12683     0.731985   0.00181502
      4.12814     0.736212   0.00194529
      4.12946     0.746676   0.00183316
      4.13078     0.728712   0.00158465
      4.13209     0.726697   0.00171789
      4.13341     0.723493   0.00191142
      4.13472     0.723828   0.00176429
      4.13603     0.719341   0.00215620
      4.13734     0.730361   0.00190760
      4.13865     0.726624   0.00203963
      4.13996     0.722309   0.00187605
      4.14127     0.716067   0.00195483
      4.14258     0.704078   0.00199310
      4.14388     0.715639   0.00207679
      4.14519     0.728344   0.00198344
      4.14650     0.716461   0.00182842
      4.14780     0.714863   0.00197031
      4.14910     0.718793   0.00215722
      4.15040     0.716843   0.00228515
      4.15171     0.718719   0.00232070
      4.15301     0.710980   0.00234550
      4.15430     0.717825   0.00208074
      4.15560     0.721648   0.00225617
      4.15690     0.730016   0.00229765
      4.15820     0.738358   0.00242190
      4.15949     0.742325   0.00274984
      4.16079     0.751308   0.00247892
      4.16208     0.739410   0.00237817
      4.16337     0.747191   0.00271922
      4.16466     0.767720   0.00264777
      4.16595     0.804963   0.00252340
      4.16724     0.810074   0.00277851
      4.16853     0.822868   0.00301312
      4.16982     0.823353   0.00338971
      4.17110     0.804995   0.00351225
      4.17239     0.786721   0.00335145
      4.17367     0.768060   0.00391602
      4.17496     0.762402   0.00384425
      4.17624     0.761261   0.00458356
      4.17752     0.754975   0.00529483
      4.17880     0.788827   0.00655820
      4.18008     0.812897   0.00879056
      4.18136     0.769497    0.0113096
      4.18264     0.812839    0.0174405
      4.18391     0.760246    0.0346772
      4.18519     0.715017    0.0702089
      4.18646     0.521328     0.230610
      4.18773      1.34840     0.780710
      4.18901    -0.531498      1.63919
      4.19028      3.24592      3.10404
      4.19155     -6.50805      4.08607
      4.19281      14.7151      7.94252
      4.19408      3.66119      1.55498
      4.19535      1.98056      1.94308
      4.19661     -5.30343      13.0732
      4.19788     -1.91778      1.45600
      4.19914     -1.33704      1.63810
      4.20040     -1.76397      1.02581
      4.20166     -12.8900      6.04607
      4.20292     -1.37212      1.61211
      4.20418      7.58805      2.53546
      4.20544      1.64713      1.01759
      4.20670      2.97525      10.1020
      4.20795      2.05441      1.23110
      4.20921      2.06005      51.2235
      4.21046      1.94113      20.1624
      4.21171     -4.72585      4.11677
      4.21296     -1.89632      7.56747
      4.21421     -96.0329      10.5920
      4.21546     -22.2695      2.08439
      4.21670     -8.41219      8.54071
      4.21795     -4.05772      3.04743
      4.21920      9.47761      19.0336
      4.22044      7.07996      11.3336
      4.22168     -27.7825      54.4088
      4.22292     -11.4668      63.8329
      4.22416    -0.517947      1.56586
      4.22540      1.58933      2.78317
      4.22664     0.533489      1.42771
      4.22788    -0.651506      1.11468
      4.22911    -0.263498      1.66263
      4.23034    -0.222422      2.54679
      4.23158     0.797863      1.44200
      4.23281    -0.268184      2.55613
      4.23404      3.94122      3.22878
      4.23527      21.6071      5.26263
      4.23650      3.44392     0.896147
      4.23772    -0.348200     0.906729
      4.23895     0.937300      1.97352
      4.24017      7.50443      4.81291
      4.24139      21.5592      259.511
      4.24261      4.81907     0.758092
      4.24383     -2.60348      6.50533
      4.24505      0.00000      1.77839
